RESTART FILE
Timestep: 900

NUMBER OF PARTICLES
500

SIMULATION BOX
100 100 200

TIMESTEP
0.1

ATTRACTION RADIUS
1
0 

AGGREGATES/BEADS
0 1 0.742080 60.132320 23.129439 1.000000 1.000000 1.000000 0.000000
0 0.000000 0.000000 0.000000
1 1 66.650973 29.729152 145.947203 1.000000 1.000000 1.000000 0.000000
1 0.000000 0.000000 0.000000
2 1 26.111209 9.786942 39.745157 1.000000 1.000000 1.000000 0.000000
2 0.000000 0.000000 0.000000
3 1 96.415678 0.691580 136.531602 1.000000 1.000000 1.000000 0.000000
3 0.000000 0.000000 0.000000
4 1 29.247806 4.534522 104.788456 1.000000 1.000000 1.000000 0.000000
4 0.000000 0.000000 0.000000
5 1 33.048482 77.175181 169.754358 1.000000 1.000000 1.000000 0.000000
5 0.000000 0.000000 0.000000
6 1 86.363393 5.088923 181.403665 1.000000 1.000000 1.000000 0.000000
6 0.000000 0.000000 0.000000
7 1 63.987741 18.209636 129.732141 1.000000 1.000000 1.000000 0.000000
7 0.000000 0.000000 0.000000
8 1 55.726535 12.476921 122.659036 1.000000 1.000000 1.000000 0.000000
8 0.000000 0.000000 0.000000
9 1 44.939583 8.117402 55.810409 1.000000 1.000000 1.000000 0.000000
9 0.000000 0.000000 0.000000
10 1 90.865056 89.677632 63.006876 1.000000 1.000000 1.000000 0.000000
10 0.000000 0.000000 0.000000
11 1 41.623575 72.339551 22.274006 1.000000 1.000000 1.000000 0.000000
11 0.000000 0.000000 0.000000
12 1 96.542219 75.655273 67.238330 1.000000 1.000000 1.000000 0.000000
12 0.000000 0.000000 0.000000
13 1 72.316988 64.740044 21.710485 1.000000 1.000000 1.000000 0.000000
13 0.000000 0.000000 0.000000
14 1 17.466906 43.301077 18.121585 1.000000 1.000000 1.000000 0.000000
14 0.000000 0.000000 0.000000
15 1 61.038560 45.544430 181.079107 1.000000 1.000000 1.000000 0.000000
15 0.000000 0.000000 0.000000
16 1 52.548231 69.135206 12.093057 1.000000 1.000000 1.000000 0.000000
16 0.000000 0.000000 0.000000
17 1 79.071432 82.677041 84.559289 1.000000 1.000000 1.000000 0.000000
17 0.000000 0.000000 0.000000
18 1 83.324101 87.855020 176.675857 1.000000 1.000000 1.000000 0.000000
18 0.000000 0.000000 0.000000
19 1 48.026360 56.615992 150.537867 1.000000 1.000000 1.000000 0.000000
19 0.000000 0.000000 0.000000
20 1 98.334066 1.662006 132.053813 1.000000 1.000000 1.000000 0.000000
20 0.000000 0.000000 0.000000
21 1 6.241626 27.082221 37.158386 1.000000 1.000000 1.000000 0.000000
21 0.000000 0.000000 0.000000
22 1 60.096470 39.887589 134.348595 1.000000 1.000000 1.000000 0.000000
22 0.000000 0.000000 0.000000
23 1 71.960053 54.392464 97.283858 1.000000 1.000000 1.000000 0.000000
23 0.000000 0.000000 0.000000
24 1 6.861151 53.868413 67.970505 1.000000 1.000000 1.000000 0.000000
24 0.000000 0.000000 0.000000
25 1 86.421345 77.449264 92.358762 1.000000 1.000000 1.000000 0.000000
25 0.000000 0.000000 0.000000
26 1 99.428360 22.353171 45.911162 1.000000 1.000000 1.000000 0.000000
26 0.000000 0.000000 0.000000
27 1 52.632469 62.784054 7.156224 1.000000 1.000000 1.000000 0.000000
27 0.000000 0.000000 0.000000
28 1 62.615254 82.786092 70.346781 1.000000 1.000000 1.000000 0.000000
28 0.000000 0.000000 0.000000
29 1 36.440771 13.972681 49.237785 1.000000 1.000000 1.000000 0.000000
29 0.000000 0.000000 0.000000
30 1 29.864533 37.877762 182.189647 1.000000 1.000000 1.000000 0.000000
30 0.000000 0.000000 0.000000
31 1 3.611747 42.375652 22.406631 1.000000 1.000000 1.000000 0.000000
31 0.000000 0.000000 0.000000
32 1 12.778063 72.997165 189.115789 1.000000 1.000000 1.000000 0.000000
32 0.000000 0.000000 0.000000
33 1 92.852522 58.780809 22.234137 1.000000 1.000000 1.000000 0.000000
33 0.000000 0.000000 0.000000
34 1 28.997455 96.637994 69.479232 1.000000 1.000000 1.000000 0.000000
34 0.000000 0.000000 0.000000
35 1 22.115099 9.665852 36.348979 1.000000 1.000000 1.000000 0.000000
35 0.000000 0.000000 0.000000
36 1 93.540642 98.999228 49.341578 1.000000 1.000000 1.000000 0.000000
36 0.000000 0.000000 0.000000
37 1 3.510946 12.616231 133.003844 1.000000 1.000000 1.000000 0.000000
37 0.000000 0.000000 0.000000
38 1 66.126058 65.701104 79.827619 1.000000 1.000000 1.000000 0.000000
38 0.000000 0.000000 0.000000
39 1 51.363344 95.287121 15.089356 1.000000 1.000000 1.000000 0.000000
39 0.000000 0.000000 0.000000
40 1 28.180753 40.347125 65.460262 1.000000 1.000000 1.000000 0.000000
40 0.000000 0.000000 0.000000
41 1 59.733117 27.684034 120.460075 1.000000 1.000000 1.000000 0.000000
41 0.000000 0.000000 0.000000
42 1 28.866812 58.577730 139.808449 1.000000 1.000000 1.000000 0.000000
42 0.000000 0.000000 0.000000
43 1 26.151657 73.110269 19.881483 1.000000 1.000000 1.000000 0.000000
43 0.000000 0.000000 0.000000
44 1 57.049273 65.471468 131.924516 1.000000 1.000000 1.000000 0.000000
44 0.000000 0.000000 0.000000
45 1 77.670903 83.720718 86.774595 1.000000 1.000000 1.000000 0.000000
45 0.000000 0.000000 0.000000
46 1 48.910214 94.754703 56.236682 1.000000 1.000000 1.000000 0.000000
46 0.000000 0.000000 0.000000
47 1 4.190105 63.419401 22.619894 1.000000 1.000000 1.000000 0.000000
47 0.000000 0.000000 0.000000
48 1 51.945304 35.842137 12.339056 1.000000 1.000000 1.000000 0.000000
48 0.000000 0.000000 0.000000
49 1 98.724055 57.373973 41.603775 1.000000 1.000000 1.000000 0.000000
49 0.000000 0.000000 0.000000
50 1 96.747998 67.482805 0.209417 1.000000 1.000000 1.000000 0.000000
50 0.000000 0.000000 0.000000
51 1 13.223572 51.307055 125.603038 1.000000 1.000000 1.000000 0.000000
51 0.000000 0.000000 0.000000
52 1 72.843742 74.340640 140.553150 1.000000 1.000000 1.000000 0.000000
52 0.000000 0.000000 0.000000
53 1 61.854494 89.016857 33.882816 1.000000 1.000000 1.000000 0.000000
53 0.000000 0.000000 0.000000
54 1 32.306378 38.922953 58.609450 1.000000 1.000000 1.000000 0.000000
54 0.000000 0.000000 0.000000
55 1 62.080619 75.836522 114.244652 1.000000 1.000000 1.000000 0.000000
55 0.000000 0.000000 0.000000
56 1 21.763964 67.889571 198.400613 1.000000 1.000000 1.000000 0.000000
56 0.000000 0.000000 0.000000
57 1 88.141618 74.160056 153.373935 1.000000 1.000000 1.000000 0.000000
57 0.000000 0.000000 0.000000
58 1 32.799377 46.465437 59.237530 1.000000 1.000000 1.000000 0.000000
58 0.000000 0.000000 0.000000
59 1 62.173772 83.147929 195.174192 1.000000 1.000000 1.000000 0.000000
59 0.000000 0.000000 0.000000
60 1 11.289725 25.816594 42.403340 1.000000 1.000000 1.000000 0.000000
60 0.000000 0.000000 0.000000
61 1 72.050715 91.590620 197.220926 1.000000 1.000000 1.000000 0.000000
61 0.000000 0.000000 0.000000
62 1 31.663291 19.328594 120.768480 1.000000 1.000000 1.000000 0.000000
62 0.000000 0.000000 0.000000
63 1 9.655687 11.464954 36.052990 1.000000 1.000000 1.000000 0.000000
63 0.000000 0.000000 0.000000
64 1 68.277051 86.209597 73.363264 1.000000 1.000000 1.000000 0.000000
64 0.000000 0.000000 0.000000
65 1 88.193141 98.332567 77.583346 1.000000 1.000000 1.000000 0.000000
65 0.000000 0.000000 0.000000
66 1 56.179172 65.859931 1.431771 1.000000 1.000000 1.000000 0.000000
66 0.000000 0.000000 0.000000
67 1 62.638374 36.377154 15.918575 1.000000 1.000000 1.000000 0.000000
67 0.000000 0.000000 0.000000
68 1 32.592764 27.912782 148.896955 1.000000 1.000000 1.000000 0.000000
68 0.000000 0.000000 0.000000
69 1 80.958838 82.957547 198.351595 1.000000 1.000000 1.000000 0.000000
69 0.000000 0.000000 0.000000
70 1 38.016122 48.915670 105.091809 1.000000 1.000000 1.000000 0.000000
70 0.000000 0.000000 0.000000
71 1 61.412662 75.969598 6.488921 1.000000 1.000000 1.000000 0.000000
71 0.000000 0.000000 0.000000
72 1 7.231380 70.285638 61.609545 1.000000 1.000000 1.000000 0.000000
72 0.000000 0.000000 0.000000
73 1 69.346485 64.576059 55.731736 1.000000 1.000000 1.000000 0.000000
73 0.000000 0.000000 0.000000
74 1 40.055860 17.250390 80.457805 1.000000 1.000000 1.000000 0.000000
74 0.000000 0.000000 0.000000
75 1 92.034427 37.928146 122.935866 1.000000 1.000000 1.000000 0.000000
75 0.000000 0.000000 0.000000
76 1 75.123364 57.081596 38.022580 1.000000 1.000000 1.000000 0.000000
76 0.000000 0.000000 0.000000
77 1 75.451659 42.304196 48.975830 1.000000 1.000000 1.000000 0.000000
77 0.000000 0.000000 0.000000
78 1 13.911414 27.456599 156.083495 1.000000 1.000000 1.000000 0.000000
78 0.000000 0.000000 0.000000
79 1 27.635098 94.759862 11.079705 1.000000 1.000000 1.000000 0.000000
79 0.000000 0.000000 0.000000
80 1 88.416005 90.663608 33.301933 1.000000 1.000000 1.000000 0.000000
80 0.000000 0.000000 0.000000
81 1 74.925594 26.386692 194.455780 1.000000 1.000000 1.000000 0.000000
81 0.000000 0.000000 0.000000
82 1 37.806711 21.735423 148.676381 1.000000 1.000000 1.000000 0.000000
82 0.000000 0.000000 0.000000
83 1 64.053586 1.956105 145.712607 1.000000 1.000000 1.000000 0.000000
83 0.000000 0.000000 0.000000
84 1 88.639271 12.630026 147.003429 1.000000 1.000000 1.000000 0.000000
84 0.000000 0.000000 0.000000
85 1 7.375814 34.575636 107.560884 1.000000 1.000000 1.000000 0.000000
85 0.000000 0.000000 0.000000
86 1 5.543139 83.923480 72.004950 1.000000 1.000000 1.000000 0.000000
86 0.000000 0.000000 0.000000
87 1 67.310449 30.216374 90.327265 1.000000 1.000000 1.000000 0.000000
87 0.000000 0.000000 0.000000
88 1 12.476217 12.161785 147.201727 1.000000 1.000000 1.000000 0.000000
88 0.000000 0.000000 0.000000
89 1 33.926212 21.980529 111.738614 1.000000 1.000000 1.000000 0.000000
89 0.000000 0.000000 0.000000
90 1 3.669384 83.390625 37.598985 1.000000 1.000000 1.000000 0.000000
90 0.000000 0.000000 0.000000
91 1 16.361999 14.288346 33.516256 1.000000 1.000000 1.000000 0.000000
91 0.000000 0.000000 0.000000
92 1 13.847027 64.890056 81.529520 1.000000 1.000000 1.000000 0.000000
92 0.000000 0.000000 0.000000
93 1 52.012536 73.806578 177.182181 1.000000 1.000000 1.000000 0.000000
93 0.000000 0.000000 0.000000
94 1 86.124192 8.939392 89.924852 1.000000 1.000000 1.000000 0.000000
94 0.000000 0.000000 0.000000
95 1 46.158394 12.054380 44.464016 1.000000 1.000000 1.000000 0.000000
95 0.000000 0.000000 0.000000
96 1 81.154661 20.133788 188.646168 1.000000 1.000000 1.000000 0.000000
96 0.000000 0.000000 0.000000
97 1 55.000915 59.962843 26.325106 1.000000 1.000000 1.000000 0.000000
97 0.000000 0.000000 0.000000
98 1 52.740470 16.059373 21.020654 1.000000 1.000000 1.000000 0.000000
98 0.000000 0.000000 0.000000
99 1 65.630346 82.886699 93.106093 1.000000 1.000000 1.000000 0.000000
99 0.000000 0.000000 0.000000
100 1 74.493141 26.619860 11.885930 1.000000 1.000000 1.000000 0.000000
100 0.000000 0.000000 0.000000
101 1 59.898297 90.865989 131.980258 1.000000 1.000000 1.000000 0.000000
101 0.000000 0.000000 0.000000
102 1 50.125468 84.952490 109.373231 1.000000 1.000000 1.000000 0.000000
102 0.000000 0.000000 0.000000
103 1 76.849904 46.427662 125.537553 1.000000 1.000000 1.000000 0.000000
103 0.000000 0.000000 0.000000
104 1 27.890224 96.673563 63.739123 1.000000 1.000000 1.000000 0.000000
104 0.000000 0.000000 0.000000
105 1 91.224165 44.922436 192.723325 1.000000 1.000000 1.000000 0.000000
105 0.000000 0.000000 0.000000
106 1 85.233970 35.212124 166.872722 1.000000 1.000000 1.000000 0.000000
106 0.000000 0.000000 0.000000
107 1 84.186154 93.850338 46.904913 1.000000 1.000000 1.000000 0.000000
107 0.000000 0.000000 0.000000
108 1 18.304746 41.878370 136.615895 1.000000 1.000000 1.000000 0.000000
108 0.000000 0.000000 0.000000
109 1 18.646430 43.396346 144.854782 1.000000 1.000000 1.000000 0.000000
109 0.000000 0.000000 0.000000
110 1 40.360425 66.566996 1.887896 1.000000 1.000000 1.000000 0.000000
110 0.000000 0.000000 0.000000
111 1 0.264933 0.264359 80.798040 1.000000 1.000000 1.000000 0.000000
111 0.000000 0.000000 0.000000
112 1 33.434308 92.247185 53.945667 1.000000 1.000000 1.000000 0.000000
112 0.000000 0.000000 0.000000
113 1 21.367965 73.324576 136.206503 1.000000 1.000000 1.000000 0.000000
113 0.000000 0.000000 0.000000
114 1 87.254482 60.059461 124.165338 1.000000 1.000000 1.000000 0.000000
114 0.000000 0.000000 0.000000
115 1 78.539268 67.253767 114.536673 1.000000 1.000000 1.000000 0.000000
115 0.000000 0.000000 0.000000
116 1 66.080762 63.559778 100.605595 1.000000 1.000000 1.000000 0.000000
116 0.000000 0.000000 0.000000
117 1 48.950634 60.011072 14.478896 1.000000 1.000000 1.000000 0.000000
117 0.000000 0.000000 0.000000
118 1 18.624638 30.999778 79.587430 1.000000 1.000000 1.000000 0.000000
118 0.000000 0.000000 0.000000
119 1 28.294387 37.638203 186.784983 1.000000 1.000000 1.000000 0.000000
119 0.000000 0.000000 0.000000
120 1 86.895143 68.673867 9.010766 1.000000 1.000000 1.000000 0.000000
120 0.000000 0.000000 0.000000
121 1 41.348310 9.772052 44.597058 1.000000 1.000000 1.000000 0.000000
121 0.000000 0.000000 0.000000
122 1 76.782607 4.301126 150.228113 1.000000 1.000000 1.000000 0.000000
122 0.000000 0.000000 0.000000
123 1 13.436792 79.605203 12.820490 1.000000 1.000000 1.000000 0.000000
123 0.000000 0.000000 0.000000
124 1 54.721863 95.011732 173.174206 1.000000 1.000000 1.000000 0.000000
124 0.000000 0.000000 0.000000
125 1 6.202915 41.916980 92.229531 1.000000 1.000000 1.000000 0.000000
125 0.000000 0.000000 0.000000
126 1 3.644548 71.075752 99.855840 1.000000 1.000000 1.000000 0.000000
126 0.000000 0.000000 0.000000
127 1 54.626672 17.710668 181.085112 1.000000 1.000000 1.000000 0.000000
127 0.000000 0.000000 0.000000
128 1 65.912247 29.783440 126.618803 1.000000 1.000000 1.000000 0.000000
128 0.000000 0.000000 0.000000
129 1 71.000275 43.469053 157.438369 1.000000 1.000000 1.000000 0.000000
129 0.000000 0.000000 0.000000
130 1 90.166672 97.406463 121.998711 1.000000 1.000000 1.000000 0.000000
130 0.000000 0.000000 0.000000
131 1 46.761750 6.590818 122.149264 1.000000 1.000000 1.000000 0.000000
131 0.000000 0.000000 0.000000
132 1 29.639771 43.494318 56.062500 1.000000 1.000000 1.000000 0.000000
132 0.000000 0.000000 0.000000
133 1 30.039290 93.165172 76.314179 1.000000 1.000000 1.000000 0.000000
133 0.000000 0.000000 0.000000
134 1 70.211131 42.214697 52.708309 1.000000 1.000000 1.000000 0.000000
134 0.000000 0.000000 0.000000
135 1 3.628845 92.804910 0.073431 1.000000 1.000000 1.000000 0.000000
135 0.000000 0.000000 0.000000
136 1 32.066022 50.680989 104.182733 1.000000 1.000000 1.000000 0.000000
136 0.000000 0.000000 0.000000
137 1 43.108425 70.005131 139.912252 1.000000 1.000000 1.000000 0.000000
137 0.000000 0.000000 0.000000
138 1 95.519467 5.793851 20.506284 1.000000 1.000000 1.000000 0.000000
138 0.000000 0.000000 0.000000
139 1 29.223307 30.704069 188.769994 1.000000 1.000000 1.000000 0.000000
139 0.000000 0.000000 0.000000
140 1 48.603806 68.852855 177.281731 1.000000 1.000000 1.000000 0.000000
140 0.000000 0.000000 0.000000
141 1 63.843750 70.116801 102.350065 1.000000 1.000000 1.000000 0.000000
141 0.000000 0.000000 0.000000
142 1 14.686478 97.139852 100.138805 1.000000 1.000000 1.000000 0.000000
142 0.000000 0.000000 0.000000
143 1 53.259589 44.875895 142.707724 1.000000 1.000000 1.000000 0.000000
143 0.000000 0.000000 0.000000
144 1 24.989710 27.920825 173.964126 1.000000 1.000000 1.000000 0.000000
144 0.000000 0.000000 0.000000
145 1 86.645851 79.498826 158.419665 1.000000 1.000000 1.000000 0.000000
145 0.000000 0.000000 0.000000
146 1 45.317287 49.154127 55.893333 1.000000 1.000000 1.000000 0.000000
146 0.000000 0.000000 0.000000
147 1 79.417975 51.528257 123.604887 1.000000 1.000000 1.000000 0.000000
147 0.000000 0.000000 0.000000
148 1 20.737677 95.505866 143.656172 1.000000 1.000000 1.000000 0.000000
148 0.000000 0.000000 0.000000
149 1 42.482543 38.284490 114.222000 1.000000 1.000000 1.000000 0.000000
149 0.000000 0.000000 0.000000
150 1 44.734185 2.993979 39.930309 1.000000 1.000000 1.000000 0.000000
150 0.000000 0.000000 0.000000
151 1 22.658787 48.172431 173.664153 1.000000 1.000000 1.000000 0.000000
151 0.000000 0.000000 0.000000
152 1 62.801567 84.609752 120.697799 1.000000 1.000000 1.000000 0.000000
152 0.000000 0.000000 0.000000
153 1 54.578426 54.943148 190.699041 1.000000 1.000000 1.000000 0.000000
153 0.000000 0.000000 0.000000
154 1 17.562066 75.020690 117.814604 1.000000 1.000000 1.000000 0.000000
154 0.000000 0.000000 0.000000
155 1 93.575986 30.933030 9.117054 1.000000 1.000000 1.000000 0.000000
155 0.000000 0.000000 0.000000
156 1 84.560802 65.684133 68.925997 1.000000 1.000000 1.000000 0.000000
156 0.000000 0.000000 0.000000
157 1 31.741910 62.349203 130.528101 1.000000 1.000000 1.000000 0.000000
157 0.000000 0.000000 0.000000
158 1 15.984285 30.944246 181.455123 1.000000 1.000000 1.000000 0.000000
158 0.000000 0.000000 0.000000
159 1 71.606445 32.777216 6.962711 1.000000 1.000000 1.000000 0.000000
159 0.000000 0.000000 0.000000
160 1 24.338584 82.123395 22.694024 1.000000 1.000000 1.000000 0.000000
160 0.000000 0.000000 0.000000
161 1 93.434412 67.583044 119.954016 1.000000 1.000000 1.000000 0.000000
161 0.000000 0.000000 0.000000
162 1 17.229590 65.063183 126.270687 1.000000 1.000000 1.000000 0.000000
162 0.000000 0.000000 0.000000
163 1 0.901268 8.296476 10.672733 1.000000 1.000000 1.000000 0.000000
163 0.000000 0.000000 0.000000
164 1 10.408082 2.293739 164.629247 1.000000 1.000000 1.000000 0.000000
164 0.000000 0.000000 0.000000
165 1 13.037956 58.176404 162.934200 1.000000 1.000000 1.000000 0.000000
165 0.000000 0.000000 0.000000
166 1 70.001434 86.639505 84.524311 1.000000 1.000000 1.000000 0.000000
166 0.000000 0.000000 0.000000
167 1 43.896354 4.741708 13.810309 1.000000 1.000000 1.000000 0.000000
167 0.000000 0.000000 0.000000
168 1 99.585653 24.347506 170.354705 1.000000 1.000000 1.000000 0.000000
168 0.000000 0.000000 0.000000
169 1 63.081236 31.612973 38.625690 1.000000 1.000000 1.000000 0.000000
169 0.000000 0.000000 0.000000
170 1 89.182069 69.652741 164.702077 1.000000 1.000000 1.000000 0.000000
170 0.000000 0.000000 0.000000
171 1 83.242894 87.104610 150.657738 1.000000 1.000000 1.000000 0.000000
171 0.000000 0.000000 0.000000
172 1 26.135301 51.400029 89.350804 1.000000 1.000000 1.000000 0.000000
172 0.000000 0.000000 0.000000
173 1 45.570551 49.959674 92.763007 1.000000 1.000000 1.000000 0.000000
173 0.000000 0.000000 0.000000
174 1 58.388392 62.885097 192.171501 1.000000 1.000000 1.000000 0.000000
174 0.000000 0.000000 0.000000
175 1 54.185883 18.721849 141.785230 1.000000 1.000000 1.000000 0.000000
175 0.000000 0.000000 0.000000
176 1 11.424304 30.565076 83.202554 1.000000 1.000000 1.000000 0.000000
176 0.000000 0.000000 0.000000
177 1 77.702026 31.827431 116.513380 1.000000 1.000000 1.000000 0.000000
177 0.000000 0.000000 0.000000
178 1 27.861701 2.627137 194.894243 1.000000 1.000000 1.000000 0.000000
178 0.000000 0.000000 0.000000
179 1 53.784363 68.665313 121.461301 1.000000 1.000000 1.000000 0.000000
179 0.000000 0.000000 0.000000
180 1 38.321988 3.778502 22.966625 1.000000 1.000000 1.000000 0.000000
180 0.000000 0.000000 0.000000
181 1 25.867132 24.869479 190.709132 1.000000 1.000000 1.000000 0.000000
181 0.000000 0.000000 0.000000
182 1 76.783801 77.073791 54.706736 1.000000 1.000000 1.000000 0.000000
182 0.000000 0.000000 0.000000
183 1 23.723100 31.242181 137.738509 1.000000 1.000000 1.000000 0.000000
183 0.000000 0.000000 0.000000
184 1 61.760849 76.001107 68.476506 1.000000 1.000000 1.000000 0.000000
184 0.000000 0.000000 0.000000
185 1 51.793758 22.198580 164.406894 1.000000 1.000000 1.000000 0.000000
185 0.000000 0.000000 0.000000
186 1 3.514122 27.813578 30.252865 1.000000 1.000000 1.000000 0.000000
186 0.000000 0.000000 0.000000
187 1 29.603017 67.362136 49.865327 1.000000 1.000000 1.000000 0.000000
187 0.000000 0.000000 0.000000
188 1 46.442763 89.203445 0.103228 1.000000 1.000000 1.000000 0.000000
188 0.000000 0.000000 0.000000
189 1 88.205410 99.048859 85.323616 1.000000 1.000000 1.000000 0.000000
189 0.000000 0.000000 0.000000
190 1 24.766226 70.884220 62.122881 1.000000 1.000000 1.000000 0.000000
190 0.000000 0.000000 0.000000
191 1 62.920975 65.224544 89.902918 1.000000 1.000000 1.000000 0.000000
191 0.000000 0.000000 0.000000
192 1 44.767888 79.596385 24.517370 1.000000 1.000000 1.000000 0.000000
192 0.000000 0.000000 0.000000
193 1 32.165000 73.231733 188.936379 1.000000 1.000000 1.000000 0.000000
193 0.000000 0.000000 0.000000
194 1 83.291337 28.470150 181.576946 1.000000 1.000000 1.000000 0.000000
194 0.000000 0.000000 0.000000
195 1 22.027028 34.639434 183.381268 1.000000 1.000000 1.000000 0.000000
195 0.000000 0.000000 0.000000
196 1 56.291750 52.168648 112.087759 1.000000 1.000000 1.000000 0.000000
196 0.000000 0.000000 0.000000
197 1 66.564073 11.376795 143.794775 1.000000 1.000000 1.000000 0.000000
197 0.000000 0.000000 0.000000
198 1 96.526355 70.160659 30.669024 1.000000 1.000000 1.000000 0.000000
198 0.000000 0.000000 0.000000
199 1 23.305721 18.325138 151.975555 1.000000 1.000000 1.000000 0.000000
199 0.000000 0.000000 0.000000
200 1 23.244410 32.708689 129.245437 1.000000 1.000000 1.000000 0.000000
200 0.000000 0.000000 0.000000
201 1 13.817752 64.981970 118.101374 1.000000 1.000000 1.000000 0.000000
201 0.000000 0.000000 0.000000
202 1 84.830003 13.733078 1.819902 1.000000 1.000000 1.000000 0.000000
202 0.000000 0.000000 0.000000
203 1 55.111959 98.740340 53.540279 1.000000 1.000000 1.000000 0.000000
203 0.000000 0.000000 0.000000
204 1 22.543521 0.802037 129.192094 1.000000 1.000000 1.000000 0.000000
204 0.000000 0.000000 0.000000
205 1 44.067685 1.784514 31.857490 1.000000 1.000000 1.000000 0.000000
205 0.000000 0.000000 0.000000
206 1 41.907069 3.689973 0.674338 1.000000 1.000000 1.000000 0.000000
206 0.000000 0.000000 0.000000
207 1 35.838722 80.195272 152.481748 1.000000 1.000000 1.000000 0.000000
207 0.000000 0.000000 0.000000
208 1 90.432900 91.530240 88.408347 1.000000 1.000000 1.000000 0.000000
208 0.000000 0.000000 0.000000
209 1 40.761501 85.442649 124.765523 1.000000 1.000000 1.000000 0.000000
209 0.000000 0.000000 0.000000
210 1 81.373081 31.881535 31.706795 1.000000 1.000000 1.000000 0.000000
210 0.000000 0.000000 0.000000
211 1 53.169713 74.339679 69.017987 1.000000 1.000000 1.000000 0.000000
211 0.000000 0.000000 0.000000
212 1 93.386629 91.654724 129.057243 1.000000 1.000000 1.000000 0.000000
212 0.000000 0.000000 0.000000
213 1 15.843357 43.374629 161.849192 1.000000 1.000000 1.000000 0.000000
213 0.000000 0.000000 0.000000
214 1 54.752831 33.200234 29.466973 1.000000 1.000000 1.000000 0.000000
214 0.000000 0.000000 0.000000
215 1 28.858619 28.400426 42.270678 1.000000 1.000000 1.000000 0.000000
215 0.000000 0.000000 0.000000
216 1 86.263208 34.520389 114.572690 1.000000 1.000000 1.000000 0.000000
216 0.000000 0.000000 0.000000
217 1 45.317096 33.430449 170.675135 1.000000 1.000000 1.000000 0.000000
217 0.000000 0.000000 0.000000
218 1 21.649267 49.557041 108.757641 1.000000 1.000000 1.000000 0.000000
218 0.000000 0.000000 0.000000
219 1 82.506842 78.599614 48.681228 1.000000 1.000000 1.000000 0.000000
219 0.000000 0.000000 0.000000
220 1 74.700877 63.623529 62.010467 1.000000 1.000000 1.000000 0.000000
220 0.000000 0.000000 0.000000
221 1 49.617195 40.360289 159.223893 1.000000 1.000000 1.000000 0.000000
221 0.000000 0.000000 0.000000
222 1 35.822513 20.315104 91.179294 1.000000 1.000000 1.000000 0.000000
222 0.000000 0.000000 0.000000
223 1 0.900321 73.329151 134.685215 1.000000 1.000000 1.000000 0.000000
223 0.000000 0.000000 0.000000
224 1 51.194891 27.698003 182.064166 1.000000 1.000000 1.000000 0.000000
224 0.000000 0.000000 0.000000
225 1 43.786666 5.190897 83.532767 1.000000 1.000000 1.000000 0.000000
225 0.000000 0.000000 0.000000
226 1 28.476085 85.096171 57.506272 1.000000 1.000000 1.000000 0.000000
226 0.000000 0.000000 0.000000
227 1 27.178762 9.909247 178.522963 1.000000 1.000000 1.000000 0.000000
227 0.000000 0.000000 0.000000
228 1 79.492997 87.093426 19.054844 1.000000 1.000000 1.000000 0.000000
228 0.000000 0.000000 0.000000
229 1 26.727871 76.042243 32.050660 1.000000 1.000000 1.000000 0.000000
229 0.000000 0.000000 0.000000
230 1 49.663639 34.704806 0.169155 1.000000 1.000000 1.000000 0.000000
230 0.000000 0.000000 0.000000
231 1 88.302105 34.246370 19.108281 1.000000 1.000000 1.000000 0.000000
231 0.000000 0.000000 0.000000
232 1 95.507590 60.449415 95.253374 1.000000 1.000000 1.000000 0.000000
232 0.000000 0.000000 0.000000
233 1 22.411940 97.090529 36.064980 1.000000 1.000000 1.000000 0.000000
233 0.000000 0.000000 0.000000
234 1 5.186032 86.885343 122.132564 1.000000 1.000000 1.000000 0.000000
234 0.000000 0.000000 0.000000
235 1 13.299596 80.052281 196.503317 1.000000 1.000000 1.000000 0.000000
235 0.000000 0.000000 0.000000
236 1 63.052598 16.976666 189.964413 1.000000 1.000000 1.000000 0.000000
236 0.000000 0.000000 0.000000
237 1 8.855453 64.228576 71.213330 1.000000 1.000000 1.000000 0.000000
237 0.000000 0.000000 0.000000
238 1 89.943695 53.959780 115.218562 1.000000 1.000000 1.000000 0.000000
238 0.000000 0.000000 0.000000
239 1 15.523821 56.944361 192.092270 1.000000 1.000000 1.000000 0.000000
239 0.000000 0.000000 0.000000
240 1 46.827597 29.964927 42.965770 1.000000 1.000000 1.000000 0.000000
240 0.000000 0.000000 0.000000
241 1 5.862420 18.588421 42.497555 1.000000 1.000000 1.000000 0.000000
241 0.000000 0.000000 0.000000
242 1 21.386270 84.482663 70.695313 1.000000 1.000000 1.000000 0.000000
242 0.000000 0.000000 0.000000
243 1 99.231879 26.270212 67.006164 1.000000 1.000000 1.000000 0.000000
243 0.000000 0.000000 0.000000
244 1 94.384574 60.071578 52.170476 1.000000 1.000000 1.000000 0.000000
244 0.000000 0.000000 0.000000
245 1 70.677139 6.644149 23.449921 1.000000 1.000000 1.000000 0.000000
245 0.000000 0.000000 0.000000
246 1 33.674081 47.265371 103.651846 1.000000 1.000000 1.000000 0.000000
246 0.000000 0.000000 0.000000
247 1 24.233351 33.825498 108.653984 1.000000 1.000000 1.000000 0.000000
247 0.000000 0.000000 0.000000
248 1 81.469202 40.370420 77.661013 1.000000 1.000000 1.000000 0.000000
248 0.000000 0.000000 0.000000
249 1 67.607204 75.913826 25.537254 1.000000 1.000000 1.000000 0.000000
249 0.000000 0.000000 0.000000
250 1 4.938511 85.426359 100.244013 1.000000 1.000000 1.000000 0.000000
250 0.000000 0.000000 0.000000
251 1 70.673410 19.694634 100.181971 1.000000 1.000000 1.000000 0.000000
251 0.000000 0.000000 0.000000
252 1 11.308489 48.793206 81.632849 1.000000 1.000000 1.000000 0.000000
252 0.000000 0.000000 0.000000
253 1 62.986963 61.903741 54.436826 1.000000 1.000000 1.000000 0.000000
253 0.000000 0.000000 0.000000
254 1 74.184688 52.541205 160.131913 1.000000 1.000000 1.000000 0.000000
254 0.000000 0.000000 0.000000
255 1 8.409386 23.017862 46.222930 1.000000 1.000000 1.000000 0.000000
255 0.000000 0.000000 0.000000
256 1 83.925267 29.195841 146.687672 1.000000 1.000000 1.000000 0.000000
256 0.000000 0.000000 0.000000
257 1 62.609918 61.530915 12.728414 1.000000 1.000000 1.000000 0.000000
257 0.000000 0.000000 0.000000
258 1 46.560664 0.980081 132.590514 1.000000 1.000000 1.000000 0.000000
258 0.000000 0.000000 0.000000
259 1 45.705392 16.653049 85.297329 1.000000 1.000000 1.000000 0.000000
259 0.000000 0.000000 0.000000
260 1 3.552534 48.918208 164.967455 1.000000 1.000000 1.000000 0.000000
260 0.000000 0.000000 0.000000
261 1 10.832107 70.699729 198.681208 1.000000 1.000000 1.000000 0.000000
261 0.000000 0.000000 0.000000
262 1 62.305204 15.288582 78.840208 1.000000 1.000000 1.000000 0.000000
262 0.000000 0.000000 0.000000
263 1 47.127277 82.568591 179.321358 1.000000 1.000000 1.000000 0.000000
263 0.000000 0.000000 0.000000
264 1 99.004332 63.368110 28.517616 1.000000 1.000000 1.000000 0.000000
264 0.000000 0.000000 0.000000
265 1 69.632099 50.629689 41.904253 1.000000 1.000000 1.000000 0.000000
265 0.000000 0.000000 0.000000
266 1 14.037361 26.078315 138.192868 1.000000 1.000000 1.000000 0.000000
266 0.000000 0.000000 0.000000
267 1 96.155260 48.363248 169.729725 1.000000 1.000000 1.000000 0.000000
267 0.000000 0.000000 0.000000
268 1 0.213453 68.618680 177.643631 1.000000 1.000000 1.000000 0.000000
268 0.000000 0.000000 0.000000
269 1 77.708071 34.445423 98.668897 1.000000 1.000000 1.000000 0.000000
269 0.000000 0.000000 0.000000
270 1 35.824012 29.265480 42.622807 1.000000 1.000000 1.000000 0.000000
270 0.000000 0.000000 0.000000
271 1 13.522273 38.871485 178.998843 1.000000 1.000000 1.000000 0.000000
271 0.000000 0.000000 0.000000
272 1 29.562318 22.526535 59.208054 1.000000 1.000000 1.000000 0.000000
272 0.000000 0.000000 0.000000
273 1 59.716615 87.568308 193.362399 1.000000 1.000000 1.000000 0.000000
273 0.000000 0.000000 0.000000
274 1 82.874137 68.684040 46.280885 1.000000 1.000000 1.000000 0.000000
274 0.000000 0.000000 0.000000
275 1 6.675097 8.773072 76.403943 1.000000 1.000000 1.000000 0.000000
275 0.000000 0.000000 0.000000
276 1 73.784202 76.280587 87.818547 1.000000 1.000000 1.000000 0.000000
276 0.000000 0.000000 0.000000
277 1 72.310091 86.815070 148.498660 1.000000 1.000000 1.000000 0.000000
277 0.000000 0.000000 0.000000
278 1 90.269468 87.616853 116.980101 1.000000 1.000000 1.000000 0.000000
278 0.000000 0.000000 0.000000
279 1 13.643637 86.772209 65.672264 1.000000 1.000000 1.000000 0.000000
279 0.000000 0.000000 0.000000
280 1 88.420758 20.761241 119.824117 1.000000 1.000000 1.000000 0.000000
280 0.000000 0.000000 0.000000
281 1 94.748651 29.137535 161.283742 1.000000 1.000000 1.000000 0.000000
281 0.000000 0.000000 0.000000
282 1 12.581302 87.007536 17.808461 1.000000 1.000000 1.000000 0.000000
282 0.000000 0.000000 0.000000
283 1 55.211151 45.054492 73.719227 1.000000 1.000000 1.000000 0.000000
283 0.000000 0.000000 0.000000
284 1 88.116646 36.453601 198.856747 1.000000 1.000000 1.000000 0.000000
284 0.000000 0.000000 0.000000
285 1 73.979673 83.723781 50.116632 1.000000 1.000000 1.000000 0.000000
285 0.000000 0.000000 0.000000
286 1 46.779712 66.795670 54.437342 1.000000 1.000000 1.000000 0.000000
286 0.000000 0.000000 0.000000
287 1 43.165480 59.956967 38.911141 1.000000 1.000000 1.000000 0.000000
287 0.000000 0.000000 0.000000
288 1 32.865331 46.694892 84.044132 1.000000 1.000000 1.000000 0.000000
288 0.000000 0.000000 0.000000
289 1 20.960573 32.779969 92.305925 1.000000 1.000000 1.000000 0.000000
289 0.000000 0.000000 0.000000
290 1 65.632427 86.924215 87.310269 1.000000 1.000000 1.000000 0.000000
290 0.000000 0.000000 0.000000
291 1 77.468647 25.479322 65.164387 1.000000 1.000000 1.000000 0.000000
291 0.000000 0.000000 0.000000
292 1 85.209439 64.052531 113.649818 1.000000 1.000000 1.000000 0.000000
292 0.000000 0.000000 0.000000
293 1 93.877795 7.596102 72.192229 1.000000 1.000000 1.000000 0.000000
293 0.000000 0.000000 0.000000
294 1 29.315666 62.603875 100.276238 1.000000 1.000000 1.000000 0.000000
294 0.000000 0.000000 0.000000
295 1 16.346912 40.127476 102.732343 1.000000 1.000000 1.000000 0.000000
295 0.000000 0.000000 0.000000
296 1 25.771613 75.113147 56.917928 1.000000 1.000000 1.000000 0.000000
296 0.000000 0.000000 0.000000
297 1 11.992033 14.562047 174.571573 1.000000 1.000000 1.000000 0.000000
297 0.000000 0.000000 0.000000
298 1 81.160192 10.876945 87.991214 1.000000 1.000000 1.000000 0.000000
298 0.000000 0.000000 0.000000
299 1 67.006735 39.142611 2.437888 1.000000 1.000000 1.000000 0.000000
299 0.000000 0.000000 0.000000
300 1 76.364785 71.258012 42.225674 1.000000 1.000000 1.000000 0.000000
300 0.000000 0.000000 0.000000
301 1 67.696120 21.692699 50.985750 1.000000 1.000000 1.000000 0.000000
301 0.000000 0.000000 0.000000
302 1 55.260288 37.725869 11.148229 1.000000 1.000000 1.000000 0.000000
302 0.000000 0.000000 0.000000
303 1 49.720396 75.778432 185.160049 1.000000 1.000000 1.000000 0.000000
303 0.000000 0.000000 0.000000
304 1 37.442078 14.525391 51.499051 1.000000 1.000000 1.000000 0.000000
304 0.000000 0.000000 0.000000
305 1 61.054730 97.456043 100.894380 1.000000 1.000000 1.000000 0.000000
305 0.000000 0.000000 0.000000
306 1 51.234802 60.558137 83.700829 1.000000 1.000000 1.000000 0.000000
306 0.000000 0.000000 0.000000
307 1 27.539432 51.161389 117.631006 1.000000 1.000000 1.000000 0.000000
307 0.000000 0.000000 0.000000
308 1 39.833564 89.353745 160.951093 1.000000 1.000000 1.000000 0.000000
308 0.000000 0.000000 0.000000
309 1 10.285318 96.434454 194.976179 1.000000 1.000000 1.000000 0.000000
309 0.000000 0.000000 0.000000
310 1 38.025301 91.311643 124.545130 1.000000 1.000000 1.000000 0.000000
310 0.000000 0.000000 0.000000
311 1 3.434562 84.560193 153.493505 1.000000 1.000000 1.000000 0.000000
311 0.000000 0.000000 0.000000
312 1 39.153125 32.256064 35.138571 1.000000 1.000000 1.000000 0.000000
312 0.000000 0.000000 0.000000
313 1 44.948432 12.139656 155.659823 1.000000 1.000000 1.000000 0.000000
313 0.000000 0.000000 0.000000
314 1 45.702619 69.698561 32.979518 1.000000 1.000000 1.000000 0.000000
314 0.000000 0.000000 0.000000
315 1 63.517660 30.923743 61.701021 1.000000 1.000000 1.000000 0.000000
315 0.000000 0.000000 0.000000
316 1 8.532448 87.859229 160.323621 1.000000 1.000000 1.000000 0.000000
316 0.000000 0.000000 0.000000
317 1 85.900744 51.131584 198.435120 1.000000 1.000000 1.000000 0.000000
317 0.000000 0.000000 0.000000
318 1 3.445958 35.421192 140.904644 1.000000 1.000000 1.000000 0.000000
318 0.000000 0.000000 0.000000
319 1 8.628297 19.166680 136.511248 1.000000 1.000000 1.000000 0.000000
319 0.000000 0.000000 0.000000
320 1 39.220973 19.393001 117.104571 1.000000 1.000000 1.000000 0.000000
320 0.000000 0.000000 0.000000
321 1 15.953564 4.215292 132.252041 1.000000 1.000000 1.000000 0.000000
321 0.000000 0.000000 0.000000
322 1 8.359127 89.316181 199.106228 1.000000 1.000000 1.000000 0.000000
322 0.000000 0.000000 0.000000
323 1 86.258017 45.916791 126.845485 1.000000 1.000000 1.000000 0.000000
323 0.000000 0.000000 0.000000
324 1 52.998308 75.597861 54.319945 1.000000 1.000000 1.000000 0.000000
324 0.000000 0.000000 0.000000
325 1 42.438189 55.261600 93.932634 1.000000 1.000000 1.000000 0.000000
325 0.000000 0.000000 0.000000
326 1 1.856722 69.287483 42.862707 1.000000 1.000000 1.000000 0.000000
326 0.000000 0.000000 0.000000
327 1 7.066059 70.503838 185.307546 1.000000 1.000000 1.000000 0.000000
327 0.000000 0.000000 0.000000
328 1 77.290721 72.016609 150.713512 1.000000 1.000000 1.000000 0.000000
328 0.000000 0.000000 0.000000
329 1 31.905415 92.052556 118.768209 1.000000 1.000000 1.000000 0.000000
329 0.000000 0.000000 0.000000
330 1 57.012411 86.437336 60.256179 1.000000 1.000000 1.000000 0.000000
330 0.000000 0.000000 0.000000
331 1 80.119745 85.507038 78.677979 1.000000 1.000000 1.000000 0.000000
331 0.000000 0.000000 0.000000
332 1 5.944897 45.427719 169.142202 1.000000 1.000000 1.000000 0.000000
332 0.000000 0.000000 0.000000
333 1 79.918105 46.131161 25.657924 1.000000 1.000000 1.000000 0.000000
333 0.000000 0.000000 0.000000
334 1 18.630129 67.616625 90.681631 1.000000 1.000000 1.000000 0.000000
334 0.000000 0.000000 0.000000
335 1 3.451628 59.845618 43.010206 1.000000 1.000000 1.000000 0.000000
335 0.000000 0.000000 0.000000
336 1 62.392408 37.990922 56.938732 1.000000 1.000000 1.000000 0.000000
336 0.000000 0.000000 0.000000
337 1 22.377936 41.333131 109.778692 1.000000 1.000000 1.000000 0.000000
337 0.000000 0.000000 0.000000
338 1 66.628866 33.992032 147.367094 1.000000 1.000000 1.000000 0.000000
338 0.000000 0.000000 0.000000
339 1 99.365394 31.098132 46.822317 1.000000 1.000000 1.000000 0.000000
339 0.000000 0.000000 0.000000
340 1 57.330968 64.017266 158.014132 1.000000 1.000000 1.000000 0.000000
340 0.000000 0.000000 0.000000
341 1 3.521493 93.532486 24.387197 1.000000 1.000000 1.000000 0.000000
341 0.000000 0.000000 0.000000
342 1 84.269096 51.778999 34.042122 1.000000 1.000000 1.000000 0.000000
342 0.000000 0.000000 0.000000
343 1 13.005712 17.018395 97.265279 1.000000 1.000000 1.000000 0.000000
343 0.000000 0.000000 0.000000
344 1 3.300228 94.854678 21.780571 1.000000 1.000000 1.000000 0.000000
344 0.000000 0.000000 0.000000
345 1 40.216394 51.427833 151.814863 1.000000 1.000000 1.000000 0.000000
345 0.000000 0.000000 0.000000
346 1 27.218162 47.041227 62.093049 1.000000 1.000000 1.000000 0.000000
346 0.000000 0.000000 0.000000
347 1 38.722086 84.556647 12.358488 1.000000 1.000000 1.000000 0.000000
347 0.000000 0.000000 0.000000
348 1 86.636165 87.513009 111.728223 1.000000 1.000000 1.000000 0.000000
348 0.000000 0.000000 0.000000
349 1 86.151460 16.959638 145.463287 1.000000 1.000000 1.000000 0.000000
349 0.000000 0.000000 0.000000
350 1 1.925000 24.045235 78.115700 1.000000 1.000000 1.000000 0.000000
350 0.000000 0.000000 0.000000
351 1 35.478297 7.819702 191.749651 1.000000 1.000000 1.000000 0.000000
351 0.000000 0.000000 0.000000
352 1 36.980657 91.815173 155.707531 1.000000 1.000000 1.000000 0.000000
352 0.000000 0.000000 0.000000
353 1 61.953613 49.386763 123.902911 1.000000 1.000000 1.000000 0.000000
353 0.000000 0.000000 0.000000
354 1 57.208115 3.459718 58.741179 1.000000 1.000000 1.000000 0.000000
354 0.000000 0.000000 0.000000
355 1 73.161381 87.131979 102.487098 1.000000 1.000000 1.000000 0.000000
355 0.000000 0.000000 0.000000
356 1 66.414916 6.058812 119.457894 1.000000 1.000000 1.000000 0.000000
356 0.000000 0.000000 0.000000
357 1 33.554344 79.978422 38.823664 1.000000 1.000000 1.000000 0.000000
357 0.000000 0.000000 0.000000
358 1 57.881983 43.960850 124.604863 1.000000 1.000000 1.000000 0.000000
358 0.000000 0.000000 0.000000
359 1 65.219923 40.824898 168.094144 1.000000 1.000000 1.000000 0.000000
359 0.000000 0.000000 0.000000
360 1 73.175665 21.147081 191.692887 1.000000 1.000000 1.000000 0.000000
360 0.000000 0.000000 0.000000
361 1 64.475845 0.880130 99.932094 1.000000 1.000000 1.000000 0.000000
361 0.000000 0.000000 0.000000
362 1 34.932723 77.562173 132.169046 1.000000 1.000000 1.000000 0.000000
362 0.000000 0.000000 0.000000
363 1 17.969406 26.297248 32.521951 1.000000 1.000000 1.000000 0.000000
363 0.000000 0.000000 0.000000
364 1 17.993426 3.909041 105.665563 1.000000 1.000000 1.000000 0.000000
364 0.000000 0.000000 0.000000
365 1 35.897390 70.272628 193.312876 1.000000 1.000000 1.000000 0.000000
365 0.000000 0.000000 0.000000
366 1 94.114247 97.142936 128.239888 1.000000 1.000000 1.000000 0.000000
366 0.000000 0.000000 0.000000
367 1 69.148620 69.001395 50.101255 1.000000 1.000000 1.000000 0.000000
367 0.000000 0.000000 0.000000
368 1 49.816252 91.139103 120.266246 1.000000 1.000000 1.000000 0.000000
368 0.000000 0.000000 0.000000
369 1 92.572721 19.870334 195.255040 1.000000 1.000000 1.000000 0.000000
369 0.000000 0.000000 0.000000
370 1 37.081648 43.383373 118.681873 1.000000 1.000000 1.000000 0.000000
370 0.000000 0.000000 0.000000
371 1 25.412560 70.323905 167.828187 1.000000 1.000000 1.000000 0.000000
371 0.000000 0.000000 0.000000
372 1 6.626230 86.540621 148.871376 1.000000 1.000000 1.000000 0.000000
372 0.000000 0.000000 0.000000
373 1 54.897478 91.993205 127.762164 1.000000 1.000000 1.000000 0.000000
373 0.000000 0.000000 0.000000
374 1 28.150433 14.687442 15.131800 1.000000 1.000000 1.000000 0.000000
374 0.000000 0.000000 0.000000
375 1 92.345602 47.404335 141.032571 1.000000 1.000000 1.000000 0.000000
375 0.000000 0.000000 0.000000
376 1 82.868071 2.225394 143.758017 1.000000 1.000000 1.000000 0.000000
376 0.000000 0.000000 0.000000
377 1 99.039867 58.680224 102.654411 1.000000 1.000000 1.000000 0.000000
377 0.000000 0.000000 0.000000
378 1 5.438945 62.997622 45.603077 1.000000 1.000000 1.000000 0.000000
378 0.000000 0.000000 0.000000
379 1 56.680438 94.054175 75.015962 1.000000 1.000000 1.000000 0.000000
379 0.000000 0.000000 0.000000
380 1 59.004087 93.644429 38.668383 1.000000 1.000000 1.000000 0.000000
380 0.000000 0.000000 0.000000
381 1 10.245573 27.827208 89.931193 1.000000 1.000000 1.000000 0.000000
381 0.000000 0.000000 0.000000
382 1 45.784318 78.930091 172.340597 1.000000 1.000000 1.000000 0.000000
382 0.000000 0.000000 0.000000
383 1 87.442279 34.655920 156.874013 1.000000 1.000000 1.000000 0.000000
383 0.000000 0.000000 0.000000
384 1 22.300822 73.299599 115.256185 1.000000 1.000000 1.000000 0.000000
384 0.000000 0.000000 0.000000
385 1 3.295745 27.629679 151.558892 1.000000 1.000000 1.000000 0.000000
385 0.000000 0.000000 0.000000
386 1 8.689651 30.519026 22.334368 1.000000 1.000000 1.000000 0.000000
386 0.000000 0.000000 0.000000
387 1 88.617646 83.050763 192.122350 1.000000 1.000000 1.000000 0.000000
387 0.000000 0.000000 0.000000
388 1 58.472477 88.356060 176.482304 1.000000 1.000000 1.000000 0.000000
388 0.000000 0.000000 0.000000
389 1 96.665183 73.157032 157.587933 1.000000 1.000000 1.000000 0.000000
389 0.000000 0.000000 0.000000
390 1 29.351024 14.360743 20.500302 1.000000 1.000000 1.000000 0.000000
390 0.000000 0.000000 0.000000
391 1 22.346946 90.712415 49.189312 1.000000 1.000000 1.000000 0.000000
391 0.000000 0.000000 0.000000
392 1 27.718120 87.957385 80.965198 1.000000 1.000000 1.000000 0.000000
392 0.000000 0.000000 0.000000
393 1 96.514968 0.287258 119.476716 1.000000 1.000000 1.000000 0.000000
393 0.000000 0.000000 0.000000
394 1 24.838421 56.665479 176.437876 1.000000 1.000000 1.000000 0.000000
394 0.000000 0.000000 0.000000
395 1 55.340662 63.277961 11.142151 1.000000 1.000000 1.000000 0.000000
395 0.000000 0.000000 0.000000
396 1 41.813104 47.037959 50.109282 1.000000 1.000000 1.000000 0.000000
396 0.000000 0.000000 0.000000
397 1 30.311669 44.810794 54.437732 1.000000 1.000000 1.000000 0.000000
397 0.000000 0.000000 0.000000
398 1 85.298473 87.474759 36.897315 1.000000 1.000000 1.000000 0.000000
398 0.000000 0.000000 0.000000
399 1 52.567450 60.599862 35.575427 1.000000 1.000000 1.000000 0.000000
399 0.000000 0.000000 0.000000
400 1 24.782901 45.531873 13.169422 1.000000 1.000000 1.000000 0.000000
400 0.000000 0.000000 0.000000
401 1 71.228856 13.675278 33.081721 1.000000 1.000000 1.000000 0.000000
401 0.000000 0.000000 0.000000
402 1 78.836446 51.374598 181.879766 1.000000 1.000000 1.000000 0.000000
402 0.000000 0.000000 0.000000
403 1 31.287188 81.511830 123.382393 1.000000 1.000000 1.000000 0.000000
403 0.000000 0.000000 0.000000
404 1 22.251677 98.682705 75.181769 1.000000 1.000000 1.000000 0.000000
404 0.000000 0.000000 0.000000
405 1 93.128731 57.148867 27.002486 1.000000 1.000000 1.000000 0.000000
405 0.000000 0.000000 0.000000
406 1 41.516421 16.457951 119.928898 1.000000 1.000000 1.000000 0.000000
406 0.000000 0.000000 0.000000
407 1 99.371545 99.598414 191.682424 1.000000 1.000000 1.000000 0.000000
407 0.000000 0.000000 0.000000
408 1 73.680642 35.479447 74.317923 1.000000 1.000000 1.000000 0.000000
408 0.000000 0.000000 0.000000
409 1 43.526292 3.751946 129.667179 1.000000 1.000000 1.000000 0.000000
409 0.000000 0.000000 0.000000
410 1 31.046281 28.079609 112.880249 1.000000 1.000000 1.000000 0.000000
410 0.000000 0.000000 0.000000
411 1 64.976349 33.774554 40.155002 1.000000 1.000000 1.000000 0.000000
411 0.000000 0.000000 0.000000
412 1 66.011182 81.477064 120.107778 1.000000 1.000000 1.000000 0.000000
412 0.000000 0.000000 0.000000
413 1 81.783836 17.340878 15.759061 1.000000 1.000000 1.000000 0.000000
413 0.000000 0.000000 0.000000
414 1 2.393701 94.186869 60.055114 1.000000 1.000000 1.000000 0.000000
414 0.000000 0.000000 0.000000
415 1 99.735122 4.894246 56.428260 1.000000 1.000000 1.000000 0.000000
415 0.000000 0.000000 0.000000
416 1 53.591553 86.089933 195.754163 1.000000 1.000000 1.000000 0.000000
416 0.000000 0.000000 0.000000
417 1 84.376544 28.321695 149.129528 1.000000 1.000000 1.000000 0.000000
417 0.000000 0.000000 0.000000
418 1 30.766516 16.855768 46.600224 1.000000 1.000000 1.000000 0.000000
418 0.000000 0.000000 0.000000
419 1 82.554581 77.580768 88.568907 1.000000 1.000000 1.000000 0.000000
419 0.000000 0.000000 0.000000
420 1 0.550788 28.309520 73.412668 1.000000 1.000000 1.000000 0.000000
420 0.000000 0.000000 0.000000
421 1 25.854997 92.852821 193.098705 1.000000 1.000000 1.000000 0.000000
421 0.000000 0.000000 0.000000
422 1 25.238947 37.527452 181.954346 1.000000 1.000000 1.000000 0.000000
422 0.000000 0.000000 0.000000
423 1 67.339672 18.830804 77.649298 1.000000 1.000000 1.000000 0.000000
423 0.000000 0.000000 0.000000
424 1 97.405956 20.241874 157.605084 1.000000 1.000000 1.000000 0.000000
424 0.000000 0.000000 0.000000
425 1 45.424098 22.188337 193.885785 1.000000 1.000000 1.000000 0.000000
425 0.000000 0.000000 0.000000
426 1 41.015267 83.672052 183.112694 1.000000 1.000000 1.000000 0.000000
426 0.000000 0.000000 0.000000
427 1 21.652217 10.003437 165.254029 1.000000 1.000000 1.000000 0.000000
427 0.000000 0.000000 0.000000
428 1 8.331505 44.558017 68.430829 1.000000 1.000000 1.000000 0.000000
428 0.000000 0.000000 0.000000
429 1 58.293975 65.735009 156.545197 1.000000 1.000000 1.000000 0.000000
429 0.000000 0.000000 0.000000
430 1 25.206136 57.277837 2.124515 1.000000 1.000000 1.000000 0.000000
430 0.000000 0.000000 0.000000
431 1 25.298016 36.967766 88.281939 1.000000 1.000000 1.000000 0.000000
431 0.000000 0.000000 0.000000
432 1 49.897626 80.832529 46.268519 1.000000 1.000000 1.000000 0.000000
432 0.000000 0.000000 0.000000
433 1 91.394846 41.401505 159.272183 1.000000 1.000000 1.000000 0.000000
433 0.000000 0.000000 0.000000
434 1 73.158207 41.337214 107.518218 1.000000 1.000000 1.000000 0.000000
434 0.000000 0.000000 0.000000
435 1 42.980258 65.145939 180.371204 1.000000 1.000000 1.000000 0.000000
435 0.000000 0.000000 0.000000
436 1 14.925158 43.294293 70.586738 1.000000 1.000000 1.000000 0.000000
436 0.000000 0.000000 0.000000
437 1 30.899294 16.355386 169.831118 1.000000 1.000000 1.000000 0.000000
437 0.000000 0.000000 0.000000
438 1 11.040640 63.950796 133.986050 1.000000 1.000000 1.000000 0.000000
438 0.000000 0.000000 0.000000
439 1 43.017123 92.333017 73.580133 1.000000 1.000000 1.000000 0.000000
439 0.000000 0.000000 0.000000
440 1 35.716416 86.011385 73.249100 1.000000 1.000000 1.000000 0.000000
440 0.000000 0.000000 0.000000
441 1 89.776849 78.235815 120.145379 1.000000 1.000000 1.000000 0.000000
441 0.000000 0.000000 0.000000
442 1 86.814056 83.055589 138.752172 1.000000 1.000000 1.000000 0.000000
442 0.000000 0.000000 0.000000
443 1 42.430017 90.012700 154.039022 1.000000 1.000000 1.000000 0.000000
443 0.000000 0.000000 0.000000
444 1 95.081056 83.919507 49.982886 1.000000 1.000000 1.000000 0.000000
444 0.000000 0.000000 0.000000
445 1 36.901260 73.400290 40.187160 1.000000 1.000000 1.000000 0.000000
445 0.000000 0.000000 0.000000
446 1 36.305024 32.782871 74.673107 1.000000 1.000000 1.000000 0.000000
446 0.000000 0.000000 0.000000
447 1 12.370583 51.334028 106.125815 1.000000 1.000000 1.000000 0.000000
447 0.000000 0.000000 0.000000
448 1 74.369217 83.718678 121.097553 1.000000 1.000000 1.000000 0.000000
448 0.000000 0.000000 0.000000
449 1 25.489393 16.776046 72.148391 1.000000 1.000000 1.000000 0.000000
449 0.000000 0.000000 0.000000
450 1 35.389541 65.555939 188.526221 1.000000 1.000000 1.000000 0.000000
450 0.000000 0.000000 0.000000
451 1 76.105952 8.779108 11.221307 1.000000 1.000000 1.000000 0.000000
451 0.000000 0.000000 0.000000
452 1 8.187921 94.756647 65.444427 1.000000 1.000000 1.000000 0.000000
452 0.000000 0.000000 0.000000
453 1 87.566586 10.674677 4.773402 1.000000 1.000000 1.000000 0.000000
453 0.000000 0.000000 0.000000
454 1 40.160227 62.216456 124.381006 1.000000 1.000000 1.000000 0.000000
454 0.000000 0.000000 0.000000
455 1 63.912965 58.833433 111.895316 1.000000 1.000000 1.000000 0.000000
455 0.000000 0.000000 0.000000
456 1 96.756121 94.065160 81.971927 1.000000 1.000000 1.000000 0.000000
456 0.000000 0.000000 0.000000
457 1 80.718442 49.926880 158.613739 1.000000 1.000000 1.000000 0.000000
457 0.000000 0.000000 0.000000
458 1 19.015654 2.460088 78.202544 1.000000 1.000000 1.000000 0.000000
458 0.000000 0.000000 0.000000
459 1 80.459291 45.015300 108.846504 1.000000 1.000000 1.000000 0.000000
459 0.000000 0.000000 0.000000
460 1 11.602025 20.195344 53.767739 1.000000 1.000000 1.000000 0.000000
460 0.000000 0.000000 0.000000
461 1 20.176743 9.129357 31.579905 1.000000 1.000000 1.000000 0.000000
461 0.000000 0.000000 0.000000
462 1 23.414089 78.257810 191.746703 1.000000 1.000000 1.000000 0.000000
462 0.000000 0.000000 0.000000
463 1 96.404205 37.922304 157.126858 1.000000 1.000000 1.000000 0.000000
463 0.000000 0.000000 0.000000
464 1 9.994329 47.034667 58.566801 1.000000 1.000000 1.000000 0.000000
464 0.000000 0.000000 0.000000
465 1 98.281013 80.532633 58.494445 1.000000 1.000000 1.000000 0.000000
465 0.000000 0.000000 0.000000
466 1 58.814881 58.256512 181.195815 1.000000 1.000000 1.000000 0.000000
466 0.000000 0.000000 0.000000
467 1 44.685849 66.828327 161.793830 1.000000 1.000000 1.000000 0.000000
467 0.000000 0.000000 0.000000
468 1 54.766630 77.161737 67.934532 1.000000 1.000000 1.000000 0.000000
468 0.000000 0.000000 0.000000
469 1 42.633692 90.409112 20.585514 1.000000 1.000000 1.000000 0.000000
469 0.000000 0.000000 0.000000
470 1 8.059361 11.665776 162.146020 1.000000 1.000000 1.000000 0.000000
470 0.000000 0.000000 0.000000
471 1 78.788181 91.866807 94.500369 1.000000 1.000000 1.000000 0.000000
471 0.000000 0.000000 0.000000
472 1 93.085906 97.085943 146.363691 1.000000 1.000000 1.000000 0.000000
472 0.000000 0.000000 0.000000
473 1 21.703817 59.310908 54.115462 1.000000 1.000000 1.000000 0.000000
473 0.000000 0.000000 0.000000
474 1 0.825206 64.078194 7.089162 1.000000 1.000000 1.000000 0.000000
474 0.000000 0.000000 0.000000
475 1 29.471994 90.168490 44.121385 1.000000 1.000000 1.000000 0.000000
475 0.000000 0.000000 0.000000
476 1 47.061217 85.265738 96.803415 1.000000 1.000000 1.000000 0.000000
476 0.000000 0.000000 0.000000
477 1 82.136481 93.235686 12.049702 1.000000 1.000000 1.000000 0.000000
477 0.000000 0.000000 0.000000
478 1 97.665367 67.867298 101.267914 1.000000 1.000000 1.000000 0.000000
478 0.000000 0.000000 0.000000
479 1 68.786582 76.050809 195.492490 1.000000 1.000000 1.000000 0.000000
479 0.000000 0.000000 0.000000
480 1 30.101083 8.593551 54.207579 1.000000 1.000000 1.000000 0.000000
480 0.000000 0.000000 0.000000
481 1 2.792917 7.258589 177.908594 1.000000 1.000000 1.000000 0.000000
481 0.000000 0.000000 0.000000
482 1 77.948148 82.796055 99.379544 1.000000 1.000000 1.000000 0.000000
482 0.000000 0.000000 0.000000
483 1 94.977262 54.559240 14.114530 1.000000 1.000000 1.000000 0.000000
483 0.000000 0.000000 0.000000
484 1 88.600978 0.024999 50.980379 1.000000 1.000000 1.000000 0.000000
484 0.000000 0.000000 0.000000
485 1 1.078654 19.935112 177.223705 1.000000 1.000000 1.000000 0.000000
485 0.000000 0.000000 0.000000
486 1 30.131288 5.598555 94.849453 1.000000 1.000000 1.000000 0.000000
486 0.000000 0.000000 0.000000
487 1 53.205211 49.570990 191.574416 1.000000 1.000000 1.000000 0.000000
487 0.000000 0.000000 0.000000
488 1 3.918181 52.359921 93.709580 1.000000 1.000000 1.000000 0.000000
488 0.000000 0.000000 0.000000
489 1 91.868898 40.019548 46.587224 1.000000 1.000000 1.000000 0.000000
489 0.000000 0.000000 0.000000
490 1 78.508499 39.392221 160.650741 1.000000 1.000000 1.000000 0.000000
490 0.000000 0.000000 0.000000
491 1 58.320163 95.941201 72.919959 1.000000 1.000000 1.000000 0.000000
491 0.000000 0.000000 0.000000
492 1 70.540161 11.667168 192.662690 1.000000 1.000000 1.000000 0.000000
492 0.000000 0.000000 0.000000
493 1 75.659120 47.117051 28.824565 1.000000 1.000000 1.000000 0.000000
493 0.000000 0.000000 0.000000
494 1 64.050016 95.714658 14.272742 1.000000 1.000000 1.000000 0.000000
494 0.000000 0.000000 0.000000
495 1 24.937438 13.034844 18.213119 1.000000 1.000000 1.000000 0.000000
495 0.000000 0.000000 0.000000
496 1 68.908096 25.642981 170.562189 1.000000 1.000000 1.000000 0.000000
496 0.000000 0.000000 0.000000
497 1 12.164585 96.827338 8.915750 1.000000 1.000000 1.000000 0.000000
497 0.000000 0.000000 0.000000
498 1 26.064045 73.002574 178.832646 1.000000 1.000000 1.000000 0.000000
498 0.000000 0.000000 0.000000
499 1 99.750085 85.276555 68.310054 1.000000 1.000000 1.000000 0.000000
499 0.000000 0.000000 0.000000
