RESTART FILE
Timestep: 500

NUMBER OF PARTICLES
500

SIMULATION BOX
100 100 200

TIMESTEP
0.1

ATTRACTION RADIUS
1
0 

AGGREGATES/BEADS
0 1 11.528954 72.539771 38.367069 1.000000 1.000000 1.000000 0.000000
0 0.000000 0.000000 0.000000
1 1 87.648551 9.420722 150.410106 1.000000 1.000000 1.000000 0.000000
1 0.000000 0.000000 0.000000
2 1 24.511323 3.793083 40.866368 1.000000 1.000000 1.000000 0.000000
2 0.000000 0.000000 0.000000
3 1 90.066908 91.603729 131.338948 1.000000 1.000000 1.000000 0.000000
3 0.000000 0.000000 0.000000
4 1 29.482861 91.381158 121.951278 1.000000 1.000000 1.000000 0.000000
4 0.000000 0.000000 0.000000
5 1 31.169162 73.720922 178.564335 1.000000 1.000000 1.000000 0.000000
5 0.000000 0.000000 0.000000
6 1 80.215239 14.383036 188.518110 1.000000 1.000000 1.000000 0.000000
6 0.000000 0.000000 0.000000
7 1 61.593232 11.688514 134.254997 1.000000 1.000000 1.000000 0.000000
7 0.000000 0.000000 0.000000
8 1 44.651759 0.427359 101.444122 1.000000 1.000000 1.000000 0.000000
8 0.000000 0.000000 0.000000
9 1 44.802368 14.261942 51.987646 1.000000 1.000000 1.000000 0.000000
9 0.000000 0.000000 0.000000
10 1 96.067640 95.336633 54.009190 1.000000 1.000000 1.000000 0.000000
10 0.000000 0.000000 0.000000
11 1 35.079476 58.736133 15.156756 1.000000 1.000000 1.000000 0.000000
11 0.000000 0.000000 0.000000
12 1 83.322465 80.713364 79.590561 1.000000 1.000000 1.000000 0.000000
12 0.000000 0.000000 0.000000
13 1 69.836566 60.913452 9.499172 1.000000 1.000000 1.000000 0.000000
13 0.000000 0.000000 0.000000
14 1 27.402452 41.219069 24.520624 1.000000 1.000000 1.000000 0.000000
14 0.000000 0.000000 0.000000
15 1 51.078187 45.937026 187.435222 1.000000 1.000000 1.000000 0.000000
15 0.000000 0.000000 0.000000
16 1 72.452069 67.121281 14.253478 1.000000 1.000000 1.000000 0.000000
16 0.000000 0.000000 0.000000
17 1 91.187618 74.638611 93.437536 1.000000 1.000000 1.000000 0.000000
17 0.000000 0.000000 0.000000
18 1 83.338211 91.567317 182.707133 1.000000 1.000000 1.000000 0.000000
18 0.000000 0.000000 0.000000
19 1 57.948023 45.133812 166.088387 1.000000 1.000000 1.000000 0.000000
19 0.000000 0.000000 0.000000
20 1 81.800041 6.376998 124.171521 1.000000 1.000000 1.000000 0.000000
20 0.000000 0.000000 0.000000
21 1 4.029351 27.269674 38.311869 1.000000 1.000000 1.000000 0.000000
21 0.000000 0.000000 0.000000
22 1 64.855488 32.500259 147.326346 1.000000 1.000000 1.000000 0.000000
22 0.000000 0.000000 0.000000
23 1 73.677849 50.297336 100.686043 1.000000 1.000000 1.000000 0.000000
23 0.000000 0.000000 0.000000
24 1 13.978283 69.392717 76.417507 1.000000 1.000000 1.000000 0.000000
24 0.000000 0.000000 0.000000
25 1 84.997985 83.922007 78.323278 1.000000 1.000000 1.000000 0.000000
25 0.000000 0.000000 0.000000
26 1 99.895823 25.591809 39.882984 1.000000 1.000000 1.000000 0.000000
26 0.000000 0.000000 0.000000
27 1 56.408286 68.413685 7.313027 1.000000 1.000000 1.000000 0.000000
27 0.000000 0.000000 0.000000
28 1 63.684199 90.782368 88.505565 1.000000 1.000000 1.000000 0.000000
28 0.000000 0.000000 0.000000
29 1 42.345381 30.683396 33.415997 1.000000 1.000000 1.000000 0.000000
29 0.000000 0.000000 0.000000
30 1 35.713281 32.051841 187.542944 1.000000 1.000000 1.000000 0.000000
30 0.000000 0.000000 0.000000
31 1 97.355019 46.994962 15.409784 1.000000 1.000000 1.000000 0.000000
31 0.000000 0.000000 0.000000
32 1 15.752706 66.896924 183.730666 1.000000 1.000000 1.000000 0.000000
32 0.000000 0.000000 0.000000
33 1 91.339703 44.574703 23.787554 1.000000 1.000000 1.000000 0.000000
33 0.000000 0.000000 0.000000
34 1 22.340824 95.767497 65.558490 1.000000 1.000000 1.000000 0.000000
34 0.000000 0.000000 0.000000
35 1 23.740500 23.040070 36.506878 1.000000 1.000000 1.000000 0.000000
35 0.000000 0.000000 0.000000
36 1 81.631473 3.285675 50.978871 1.000000 1.000000 1.000000 0.000000
36 0.000000 0.000000 0.000000
37 1 2.674683 4.212893 130.696968 1.000000 1.000000 1.000000 0.000000
37 0.000000 0.000000 0.000000
38 1 63.765456 49.664645 77.826609 1.000000 1.000000 1.000000 0.000000
38 0.000000 0.000000 0.000000
39 1 51.536868 92.242157 19.336655 1.000000 1.000000 1.000000 0.000000
39 0.000000 0.000000 0.000000
40 1 15.135178 24.510383 76.795650 1.000000 1.000000 1.000000 0.000000
40 0.000000 0.000000 0.000000
41 1 64.583464 21.389203 115.778996 1.000000 1.000000 1.000000 0.000000
41 0.000000 0.000000 0.000000
42 1 35.265628 71.062781 124.594087 1.000000 1.000000 1.000000 0.000000
42 0.000000 0.000000 0.000000
43 1 30.333971 63.852688 10.584243 1.000000 1.000000 1.000000 0.000000
43 0.000000 0.000000 0.000000
44 1 63.232428 60.780515 126.059828 1.000000 1.000000 1.000000 0.000000
44 0.000000 0.000000 0.000000
45 1 52.426231 93.684689 79.721369 1.000000 1.000000 1.000000 0.000000
45 0.000000 0.000000 0.000000
46 1 47.698696 94.855965 72.673368 1.000000 1.000000 1.000000 0.000000
46 0.000000 0.000000 0.000000
47 1 25.607257 58.286093 16.280417 1.000000 1.000000 1.000000 0.000000
47 0.000000 0.000000 0.000000
48 1 36.025981 30.423820 15.843152 1.000000 1.000000 1.000000 0.000000
48 0.000000 0.000000 0.000000
49 1 92.186700 58.816857 42.669910 1.000000 1.000000 1.000000 0.000000
49 0.000000 0.000000 0.000000
50 1 99.651874 60.462108 190.801338 1.000000 1.000000 1.000000 0.000000
50 0.000000 0.000000 0.000000
51 1 12.510157 58.140690 130.042984 1.000000 1.000000 1.000000 0.000000
51 0.000000 0.000000 0.000000
52 1 54.639100 76.941435 152.567691 1.000000 1.000000 1.000000 0.000000
52 0.000000 0.000000 0.000000
53 1 60.332892 82.834804 50.172784 1.000000 1.000000 1.000000 0.000000
53 0.000000 0.000000 0.000000
54 1 29.352074 49.840055 59.233351 1.000000 1.000000 1.000000 0.000000
54 0.000000 0.000000 0.000000
55 1 59.255424 69.180833 127.583836 1.000000 1.000000 1.000000 0.000000
55 0.000000 0.000000 0.000000
56 1 27.230918 67.555733 186.321057 1.000000 1.000000 1.000000 0.000000
56 0.000000 0.000000 0.000000
57 1 77.013825 91.744607 147.017231 1.000000 1.000000 1.000000 0.000000
57 0.000000 0.000000 0.000000
58 1 40.444583 50.622322 50.930362 1.000000 1.000000 1.000000 0.000000
58 0.000000 0.000000 0.000000
59 1 63.273814 85.012601 199.794703 1.000000 1.000000 1.000000 0.000000
59 0.000000 0.000000 0.000000
60 1 5.957013 35.784809 30.058111 1.000000 1.000000 1.000000 0.000000
60 0.000000 0.000000 0.000000
61 1 59.685841 89.066694 195.038130 1.000000 1.000000 1.000000 0.000000
61 0.000000 0.000000 0.000000
62 1 36.352742 24.367025 107.885079 1.000000 1.000000 1.000000 0.000000
62 0.000000 0.000000 0.000000
63 1 14.184144 12.405213 24.829727 1.000000 1.000000 1.000000 0.000000
63 0.000000 0.000000 0.000000
64 1 55.948259 87.184971 92.556917 1.000000 1.000000 1.000000 0.000000
64 0.000000 0.000000 0.000000
65 1 80.689274 81.689967 73.680062 1.000000 1.000000 1.000000 0.000000
65 0.000000 0.000000 0.000000
66 1 76.032340 72.052349 1.939771 1.000000 1.000000 1.000000 0.000000
66 0.000000 0.000000 0.000000
67 1 63.965042 22.358100 22.860779 1.000000 1.000000 1.000000 0.000000
67 0.000000 0.000000 0.000000
68 1 14.012873 30.959470 144.993832 1.000000 1.000000 1.000000 0.000000
68 0.000000 0.000000 0.000000
69 1 77.717324 78.003612 191.201553 1.000000 1.000000 1.000000 0.000000
69 0.000000 0.000000 0.000000
70 1 43.961309 48.296699 105.228074 1.000000 1.000000 1.000000 0.000000
70 0.000000 0.000000 0.000000
71 1 69.496908 67.154784 24.346197 1.000000 1.000000 1.000000 0.000000
71 0.000000 0.000000 0.000000
72 1 91.265770 77.357948 69.860296 1.000000 1.000000 1.000000 0.000000
72 0.000000 0.000000 0.000000
73 1 61.808684 66.704514 61.828800 1.000000 1.000000 1.000000 0.000000
73 0.000000 0.000000 0.000000
74 1 42.957445 8.439116 87.439698 1.000000 1.000000 1.000000 0.000000
74 0.000000 0.000000 0.000000
75 1 95.037064 45.473368 112.237412 1.000000 1.000000 1.000000 0.000000
75 0.000000 0.000000 0.000000
76 1 80.112898 56.968877 32.864337 1.000000 1.000000 1.000000 0.000000
76 0.000000 0.000000 0.000000
77 1 80.395697 37.378648 54.486820 1.000000 1.000000 1.000000 0.000000
77 0.000000 0.000000 0.000000
78 1 9.402192 34.883037 158.851079 1.000000 1.000000 1.000000 0.000000
78 0.000000 0.000000 0.000000
79 1 23.686722 88.470235 15.539241 1.000000 1.000000 1.000000 0.000000
79 0.000000 0.000000 0.000000
80 1 99.548877 88.157768 42.362363 1.000000 1.000000 1.000000 0.000000
80 0.000000 0.000000 0.000000
81 1 78.861192 18.637366 197.348479 1.000000 1.000000 1.000000 0.000000
81 0.000000 0.000000 0.000000
82 1 29.124997 11.109429 134.880803 1.000000 1.000000 1.000000 0.000000
82 0.000000 0.000000 0.000000
83 1 59.404118 7.349865 151.159476 1.000000 1.000000 1.000000 0.000000
83 0.000000 0.000000 0.000000
84 1 70.936359 19.243759 155.792495 1.000000 1.000000 1.000000 0.000000
84 0.000000 0.000000 0.000000
85 1 16.474394 23.068915 111.571494 1.000000 1.000000 1.000000 0.000000
85 0.000000 0.000000 0.000000
86 1 4.537196 0.836832 63.813748 1.000000 1.000000 1.000000 0.000000
86 0.000000 0.000000 0.000000
87 1 64.688907 45.625628 90.015731 1.000000 1.000000 1.000000 0.000000
87 0.000000 0.000000 0.000000
88 1 13.293214 2.366752 144.633569 1.000000 1.000000 1.000000 0.000000
88 0.000000 0.000000 0.000000
89 1 19.115766 17.398926 107.811086 1.000000 1.000000 1.000000 0.000000
89 0.000000 0.000000 0.000000
90 1 10.889375 87.602250 34.262915 1.000000 1.000000 1.000000 0.000000
90 0.000000 0.000000 0.000000
91 1 0.368337 16.303784 20.905034 1.000000 1.000000 1.000000 0.000000
91 0.000000 0.000000 0.000000
92 1 5.409862 53.893518 79.999710 1.000000 1.000000 1.000000 0.000000
92 0.000000 0.000000 0.000000
93 1 48.220262 71.887574 179.231481 1.000000 1.000000 1.000000 0.000000
93 0.000000 0.000000 0.000000
94 1 96.222658 3.022851 101.999000 1.000000 1.000000 1.000000 0.000000
94 0.000000 0.000000 0.000000
95 1 62.316259 11.309860 37.040600 1.000000 1.000000 1.000000 0.000000
95 0.000000 0.000000 0.000000
96 1 65.341027 12.473216 16.729361 1.000000 1.000000 1.000000 0.000000
96 0.000000 0.000000 0.000000
97 1 51.647232 82.331427 31.731332 1.000000 1.000000 1.000000 0.000000
97 0.000000 0.000000 0.000000
98 1 51.835106 25.271898 32.746928 1.000000 1.000000 1.000000 0.000000
98 0.000000 0.000000 0.000000
99 1 61.627175 88.739451 72.923004 1.000000 1.000000 1.000000 0.000000
99 0.000000 0.000000 0.000000
100 1 73.088037 23.353627 6.901447 1.000000 1.000000 1.000000 0.000000
100 0.000000 0.000000 0.000000
101 1 65.508844 0.105706 130.289286 1.000000 1.000000 1.000000 0.000000
101 0.000000 0.000000 0.000000
102 1 25.886084 79.259286 102.308977 1.000000 1.000000 1.000000 0.000000
102 0.000000 0.000000 0.000000
103 1 65.784489 37.994477 129.778754 1.000000 1.000000 1.000000 0.000000
103 0.000000 0.000000 0.000000
104 1 46.425574 95.535355 64.825026 1.000000 1.000000 1.000000 0.000000
104 0.000000 0.000000 0.000000
105 1 84.684650 45.634601 188.624542 1.000000 1.000000 1.000000 0.000000
105 0.000000 0.000000 0.000000
106 1 82.964236 39.580394 171.726163 1.000000 1.000000 1.000000 0.000000
106 0.000000 0.000000 0.000000
107 1 85.651263 97.794872 44.504843 1.000000 1.000000 1.000000 0.000000
107 0.000000 0.000000 0.000000
108 1 3.291109 42.856411 157.641299 1.000000 1.000000 1.000000 0.000000
108 0.000000 0.000000 0.000000
109 1 28.380151 33.935249 156.691806 1.000000 1.000000 1.000000 0.000000
109 0.000000 0.000000 0.000000
110 1 42.203958 71.063876 198.292613 1.000000 1.000000 1.000000 0.000000
110 0.000000 0.000000 0.000000
111 1 89.505525 4.432217 75.594212 1.000000 1.000000 1.000000 0.000000
111 0.000000 0.000000 0.000000
112 1 39.513280 3.074926 54.041318 1.000000 1.000000 1.000000 0.000000
112 0.000000 0.000000 0.000000
113 1 18.601876 79.596757 134.024580 1.000000 1.000000 1.000000 0.000000
113 0.000000 0.000000 0.000000
114 1 81.611912 52.560914 134.519894 1.000000 1.000000 1.000000 0.000000
114 0.000000 0.000000 0.000000
115 1 73.587295 50.231273 129.387780 1.000000 1.000000 1.000000 0.000000
115 0.000000 0.000000 0.000000
116 1 47.459100 70.433324 100.653102 1.000000 1.000000 1.000000 0.000000
116 0.000000 0.000000 0.000000
117 1 39.620302 58.203015 13.896259 1.000000 1.000000 1.000000 0.000000
117 0.000000 0.000000 0.000000
118 1 25.142480 25.159804 63.683939 1.000000 1.000000 1.000000 0.000000
118 0.000000 0.000000 0.000000
119 1 20.130141 48.461569 181.709236 1.000000 1.000000 1.000000 0.000000
119 0.000000 0.000000 0.000000
120 1 93.592567 61.544653 13.070910 1.000000 1.000000 1.000000 0.000000
120 0.000000 0.000000 0.000000
121 1 36.614951 21.717381 47.215766 1.000000 1.000000 1.000000 0.000000
121 0.000000 0.000000 0.000000
122 1 65.240575 14.506828 163.216882 1.000000 1.000000 1.000000 0.000000
122 0.000000 0.000000 0.000000
123 1 14.747491 86.358965 13.386664 1.000000 1.000000 1.000000 0.000000
123 0.000000 0.000000 0.000000
124 1 69.672437 90.449443 181.463849 1.000000 1.000000 1.000000 0.000000
124 0.000000 0.000000 0.000000
125 1 94.875395 45.697879 84.409437 1.000000 1.000000 1.000000 0.000000
125 0.000000 0.000000 0.000000
126 1 99.554203 90.616273 107.676047 1.000000 1.000000 1.000000 0.000000
126 0.000000 0.000000 0.000000
127 1 52.369830 19.943873 169.273400 1.000000 1.000000 1.000000 0.000000
127 0.000000 0.000000 0.000000
128 1 64.977011 18.614964 133.785444 1.000000 1.000000 1.000000 0.000000
128 0.000000 0.000000 0.000000
129 1 73.789072 34.148121 159.368974 1.000000 1.000000 1.000000 0.000000
129 0.000000 0.000000 0.000000
130 1 95.442039 92.916275 126.218233 1.000000 1.000000 1.000000 0.000000
130 0.000000 0.000000 0.000000
131 1 52.262012 6.205398 123.450829 1.000000 1.000000 1.000000 0.000000
131 0.000000 0.000000 0.000000
132 1 25.703160 38.520336 48.190528 1.000000 1.000000 1.000000 0.000000
132 0.000000 0.000000 0.000000
133 1 29.910412 93.380049 72.390078 1.000000 1.000000 1.000000 0.000000
133 0.000000 0.000000 0.000000
134 1 70.266331 41.786879 45.622122 1.000000 1.000000 1.000000 0.000000
134 0.000000 0.000000 0.000000
135 1 2.062135 0.155275 9.048770 1.000000 1.000000 1.000000 0.000000
135 0.000000 0.000000 0.000000
136 1 28.033826 50.789472 88.538853 1.000000 1.000000 1.000000 0.000000
136 0.000000 0.000000 0.000000
137 1 56.495018 70.615767 153.003940 1.000000 1.000000 1.000000 0.000000
137 0.000000 0.000000 0.000000
138 1 99.280175 95.165671 8.513373 1.000000 1.000000 1.000000 0.000000
138 0.000000 0.000000 0.000000
139 1 27.885752 33.274286 191.438925 1.000000 1.000000 1.000000 0.000000
139 0.000000 0.000000 0.000000
140 1 57.003169 74.810359 180.683898 1.000000 1.000000 1.000000 0.000000
140 0.000000 0.000000 0.000000
141 1 49.433160 70.913164 103.750427 1.000000 1.000000 1.000000 0.000000
141 0.000000 0.000000 0.000000
142 1 8.082800 85.826335 91.560347 1.000000 1.000000 1.000000 0.000000
142 0.000000 0.000000 0.000000
143 1 53.197835 35.471351 156.205374 1.000000 1.000000 1.000000 0.000000
143 0.000000 0.000000 0.000000
144 1 17.460008 48.488463 172.881597 1.000000 1.000000 1.000000 0.000000
144 0.000000 0.000000 0.000000
145 1 88.079415 89.364777 160.436723 1.000000 1.000000 1.000000 0.000000
145 0.000000 0.000000 0.000000
146 1 51.297903 53.986948 47.674780 1.000000 1.000000 1.000000 0.000000
146 0.000000 0.000000 0.000000
147 1 68.565693 53.885101 115.749606 1.000000 1.000000 1.000000 0.000000
147 0.000000 0.000000 0.000000
148 1 21.106910 7.367747 129.170986 1.000000 1.000000 1.000000 0.000000
148 0.000000 0.000000 0.000000
149 1 35.615834 35.329420 105.989268 1.000000 1.000000 1.000000 0.000000
149 0.000000 0.000000 0.000000
150 1 52.373765 18.982352 37.583379 1.000000 1.000000 1.000000 0.000000
150 0.000000 0.000000 0.000000
151 1 20.038990 47.328476 159.277004 1.000000 1.000000 1.000000 0.000000
151 0.000000 0.000000 0.000000
152 1 56.723844 76.865815 129.504619 1.000000 1.000000 1.000000 0.000000
152 0.000000 0.000000 0.000000
153 1 47.003553 67.155971 185.266481 1.000000 1.000000 1.000000 0.000000
153 0.000000 0.000000 0.000000
154 1 18.673263 78.170121 109.323908 1.000000 1.000000 1.000000 0.000000
154 0.000000 0.000000 0.000000
155 1 23.987859 43.534368 198.851048 1.000000 1.000000 1.000000 0.000000
155 0.000000 0.000000 0.000000
156 1 87.288680 72.207251 72.163553 1.000000 1.000000 1.000000 0.000000
156 0.000000 0.000000 0.000000
157 1 15.913822 69.745474 131.613911 1.000000 1.000000 1.000000 0.000000
157 0.000000 0.000000 0.000000
158 1 25.579792 30.218233 181.572989 1.000000 1.000000 1.000000 0.000000
158 0.000000 0.000000 0.000000
159 1 71.019734 43.947508 195.424961 1.000000 1.000000 1.000000 0.000000
159 0.000000 0.000000 0.000000
160 1 13.287383 93.258247 36.907571 1.000000 1.000000 1.000000 0.000000
160 0.000000 0.000000 0.000000
161 1 93.007420 49.061812 129.216605 1.000000 1.000000 1.000000 0.000000
161 0.000000 0.000000 0.000000
162 1 19.394155 72.448714 124.689661 1.000000 1.000000 1.000000 0.000000
162 0.000000 0.000000 0.000000
163 1 16.605339 3.460552 13.948884 1.000000 1.000000 1.000000 0.000000
163 0.000000 0.000000 0.000000
164 1 0.420348 16.835483 160.756554 1.000000 1.000000 1.000000 0.000000
164 0.000000 0.000000 0.000000
165 1 96.245234 42.881269 160.129001 1.000000 1.000000 1.000000 0.000000
165 0.000000 0.000000 0.000000
166 1 74.731848 80.039663 88.253948 1.000000 1.000000 1.000000 0.000000
166 0.000000 0.000000 0.000000
167 1 57.673468 6.659258 7.124171 1.000000 1.000000 1.000000 0.000000
167 0.000000 0.000000 0.000000
168 1 93.577171 25.428079 155.875059 1.000000 1.000000 1.000000 0.000000
168 0.000000 0.000000 0.000000
169 1 59.613852 29.689944 43.100894 1.000000 1.000000 1.000000 0.000000
169 0.000000 0.000000 0.000000
170 1 4.222195 54.526476 157.878809 1.000000 1.000000 1.000000 0.000000
170 0.000000 0.000000 0.000000
171 1 77.861952 86.576648 146.474555 1.000000 1.000000 1.000000 0.000000
171 0.000000 0.000000 0.000000
172 1 28.873279 48.251198 90.288491 1.000000 1.000000 1.000000 0.000000
172 0.000000 0.000000 0.000000
173 1 48.624714 60.142908 88.579369 1.000000 1.000000 1.000000 0.000000
173 0.000000 0.000000 0.000000
174 1 67.097794 63.283297 5.524686 1.000000 1.000000 1.000000 0.000000
174 0.000000 0.000000 0.000000
175 1 43.405937 14.388576 148.768783 1.000000 1.000000 1.000000 0.000000
175 0.000000 0.000000 0.000000
176 1 34.847072 18.443833 75.225195 1.000000 1.000000 1.000000 0.000000
176 0.000000 0.000000 0.000000
177 1 74.286145 29.273131 115.483711 1.000000 1.000000 1.000000 0.000000
177 0.000000 0.000000 0.000000
178 1 36.525443 19.037724 0.181784 1.000000 1.000000 1.000000 0.000000
178 0.000000 0.000000 0.000000
179 1 52.473970 77.146754 106.654420 1.000000 1.000000 1.000000 0.000000
179 0.000000 0.000000 0.000000
180 1 26.277385 1.348640 27.460403 1.000000 1.000000 1.000000 0.000000
180 0.000000 0.000000 0.000000
181 1 36.872171 23.610525 190.207624 1.000000 1.000000 1.000000 0.000000
181 0.000000 0.000000 0.000000
182 1 64.575439 75.067430 36.088301 1.000000 1.000000 1.000000 0.000000
182 0.000000 0.000000 0.000000
183 1 12.355230 29.711610 117.905629 1.000000 1.000000 1.000000 0.000000
183 0.000000 0.000000 0.000000
184 1 66.991229 75.464913 75.833333 1.000000 1.000000 1.000000 0.000000
184 0.000000 0.000000 0.000000
185 1 39.569261 24.082556 159.486049 1.000000 1.000000 1.000000 0.000000
185 0.000000 0.000000 0.000000
186 1 91.554280 30.116730 35.002285 1.000000 1.000000 1.000000 0.000000
186 0.000000 0.000000 0.000000
187 1 41.442267 74.494699 53.764646 1.000000 1.000000 1.000000 0.000000
187 0.000000 0.000000 0.000000
188 1 57.911363 0.733247 4.113792 1.000000 1.000000 1.000000 0.000000
188 0.000000 0.000000 0.000000
189 1 92.348748 96.046843 104.098662 1.000000 1.000000 1.000000 0.000000
189 0.000000 0.000000 0.000000
190 1 19.130695 74.945182 47.675981 1.000000 1.000000 1.000000 0.000000
190 0.000000 0.000000 0.000000
191 1 57.810576 66.997012 99.722176 1.000000 1.000000 1.000000 0.000000
191 0.000000 0.000000 0.000000
192 1 41.442866 74.231602 24.493067 1.000000 1.000000 1.000000 0.000000
192 0.000000 0.000000 0.000000
193 1 32.948965 76.221643 178.788645 1.000000 1.000000 1.000000 0.000000
193 0.000000 0.000000 0.000000
194 1 85.055084 40.904926 173.432335 1.000000 1.000000 1.000000 0.000000
194 0.000000 0.000000 0.000000
195 1 18.952063 38.220421 171.584588 1.000000 1.000000 1.000000 0.000000
195 0.000000 0.000000 0.000000
196 1 63.046553 44.696347 125.890951 1.000000 1.000000 1.000000 0.000000
196 0.000000 0.000000 0.000000
197 1 77.164611 11.247802 136.969108 1.000000 1.000000 1.000000 0.000000
197 0.000000 0.000000 0.000000
198 1 7.428184 74.924051 31.204598 1.000000 1.000000 1.000000 0.000000
198 0.000000 0.000000 0.000000
199 1 26.221322 3.348491 161.881194 1.000000 1.000000 1.000000 0.000000
199 0.000000 0.000000 0.000000
200 1 40.640813 20.543133 134.267178 1.000000 1.000000 1.000000 0.000000
200 0.000000 0.000000 0.000000
201 1 17.792585 50.215277 119.172090 1.000000 1.000000 1.000000 0.000000
201 0.000000 0.000000 0.000000
202 1 78.778777 11.103753 14.180502 1.000000 1.000000 1.000000 0.000000
202 0.000000 0.000000 0.000000
203 1 59.110962 93.212045 47.457071 1.000000 1.000000 1.000000 0.000000
203 0.000000 0.000000 0.000000
204 1 23.421351 99.119690 124.922075 1.000000 1.000000 1.000000 0.000000
204 0.000000 0.000000 0.000000
205 1 36.184395 98.959264 35.526635 1.000000 1.000000 1.000000 0.000000
205 0.000000 0.000000 0.000000
206 1 42.892855 3.511087 190.968208 1.000000 1.000000 1.000000 0.000000
206 0.000000 0.000000 0.000000
207 1 39.552492 81.798512 154.202911 1.000000 1.000000 1.000000 0.000000
207 0.000000 0.000000 0.000000
208 1 95.024738 86.253548 106.341194 1.000000 1.000000 1.000000 0.000000
208 0.000000 0.000000 0.000000
209 1 37.985860 86.012364 114.909186 1.000000 1.000000 1.000000 0.000000
209 0.000000 0.000000 0.000000
210 1 97.355869 29.901284 24.468872 1.000000 1.000000 1.000000 0.000000
210 0.000000 0.000000 0.000000
211 1 45.427100 67.102661 71.019155 1.000000 1.000000 1.000000 0.000000
211 0.000000 0.000000 0.000000
212 1 0.719333 3.247932 126.187650 1.000000 1.000000 1.000000 0.000000
212 0.000000 0.000000 0.000000
213 1 12.718301 32.921736 163.927683 1.000000 1.000000 1.000000 0.000000
213 0.000000 0.000000 0.000000
214 1 53.445238 36.690983 22.430477 1.000000 1.000000 1.000000 0.000000
214 0.000000 0.000000 0.000000
215 1 22.453153 33.488553 39.804278 1.000000 1.000000 1.000000 0.000000
215 0.000000 0.000000 0.000000
216 1 85.577703 48.843757 114.548788 1.000000 1.000000 1.000000 0.000000
216 0.000000 0.000000 0.000000
217 1 59.239537 21.917418 176.596280 1.000000 1.000000 1.000000 0.000000
217 0.000000 0.000000 0.000000
218 1 42.192106 53.472652 112.410935 1.000000 1.000000 1.000000 0.000000
218 0.000000 0.000000 0.000000
219 1 80.557560 75.495471 43.531892 1.000000 1.000000 1.000000 0.000000
219 0.000000 0.000000 0.000000
220 1 80.099375 60.894262 72.580219 1.000000 1.000000 1.000000 0.000000
220 0.000000 0.000000 0.000000
221 1 29.907062 22.853196 165.755300 1.000000 1.000000 1.000000 0.000000
221 0.000000 0.000000 0.000000
222 1 46.183375 22.038876 93.011089 1.000000 1.000000 1.000000 0.000000
222 0.000000 0.000000 0.000000
223 1 87.316499 69.020189 146.251823 1.000000 1.000000 1.000000 0.000000
223 0.000000 0.000000 0.000000
224 1 51.425089 11.710562 178.380406 1.000000 1.000000 1.000000 0.000000
224 0.000000 0.000000 0.000000
225 1 36.592418 17.066900 79.613272 1.000000 1.000000 1.000000 0.000000
225 0.000000 0.000000 0.000000
226 1 35.515411 97.003626 50.652556 1.000000 1.000000 1.000000 0.000000
226 0.000000 0.000000 0.000000
227 1 38.659200 8.736320 173.496061 1.000000 1.000000 1.000000 0.000000
227 0.000000 0.000000 0.000000
228 1 75.130422 69.927072 30.343890 1.000000 1.000000 1.000000 0.000000
228 0.000000 0.000000 0.000000
229 1 39.037216 63.233450 21.010294 1.000000 1.000000 1.000000 0.000000
229 0.000000 0.000000 0.000000
230 1 39.093410 28.278175 199.453673 1.000000 1.000000 1.000000 0.000000
230 0.000000 0.000000 0.000000
231 1 91.645095 42.412943 15.764004 1.000000 1.000000 1.000000 0.000000
231 0.000000 0.000000 0.000000
232 1 97.196004 66.743944 86.986437 1.000000 1.000000 1.000000 0.000000
232 0.000000 0.000000 0.000000
233 1 24.811985 83.366036 31.716250 1.000000 1.000000 1.000000 0.000000
233 0.000000 0.000000 0.000000
234 1 18.903307 13.457116 119.346131 1.000000 1.000000 1.000000 0.000000
234 0.000000 0.000000 0.000000
235 1 9.767114 69.448888 11.926876 1.000000 1.000000 1.000000 0.000000
235 0.000000 0.000000 0.000000
236 1 53.127419 26.581002 191.361794 1.000000 1.000000 1.000000 0.000000
236 0.000000 0.000000 0.000000
237 1 22.091855 60.868955 73.065922 1.000000 1.000000 1.000000 0.000000
237 0.000000 0.000000 0.000000
238 1 5.911812 63.444636 112.349987 1.000000 1.000000 1.000000 0.000000
238 0.000000 0.000000 0.000000
239 1 8.487695 62.261261 187.411488 1.000000 1.000000 1.000000 0.000000
239 0.000000 0.000000 0.000000
240 1 45.861208 36.380066 50.239482 1.000000 1.000000 1.000000 0.000000
240 0.000000 0.000000 0.000000
241 1 92.634444 37.986059 44.238766 1.000000 1.000000 1.000000 0.000000
241 0.000000 0.000000 0.000000
242 1 22.316857 99.970711 71.135910 1.000000 1.000000 1.000000 0.000000
242 0.000000 0.000000 0.000000
243 1 99.960292 30.504920 73.241972 1.000000 1.000000 1.000000 0.000000
243 0.000000 0.000000 0.000000
244 1 97.581501 62.170754 54.410587 1.000000 1.000000 1.000000 0.000000
244 0.000000 0.000000 0.000000
245 1 75.695346 14.579714 23.871705 1.000000 1.000000 1.000000 0.000000
245 0.000000 0.000000 0.000000
246 1 30.775071 37.752111 95.973931 1.000000 1.000000 1.000000 0.000000
246 0.000000 0.000000 0.000000
247 1 10.651426 24.271876 114.393887 1.000000 1.000000 1.000000 0.000000
247 0.000000 0.000000 0.000000
248 1 87.289679 48.776980 65.726258 1.000000 1.000000 1.000000 0.000000
248 0.000000 0.000000 0.000000
249 1 70.967782 84.943274 19.339001 1.000000 1.000000 1.000000 0.000000
249 0.000000 0.000000 0.000000
250 1 99.325212 98.809057 109.638180 1.000000 1.000000 1.000000 0.000000
250 0.000000 0.000000 0.000000
251 1 60.972329 12.180529 118.764765 1.000000 1.000000 1.000000 0.000000
251 0.000000 0.000000 0.000000
252 1 8.950005 46.548779 62.077419 1.000000 1.000000 1.000000 0.000000
252 0.000000 0.000000 0.000000
253 1 65.373509 70.595896 55.503854 1.000000 1.000000 1.000000 0.000000
253 0.000000 0.000000 0.000000
254 1 82.059967 47.482444 169.288770 1.000000 1.000000 1.000000 0.000000
254 0.000000 0.000000 0.000000
255 1 2.595331 33.436230 47.032480 1.000000 1.000000 1.000000 0.000000
255 0.000000 0.000000 0.000000
256 1 76.810496 33.315607 137.532368 1.000000 1.000000 1.000000 0.000000
256 0.000000 0.000000 0.000000
257 1 75.190849 70.294015 4.851639 1.000000 1.000000 1.000000 0.000000
257 0.000000 0.000000 0.000000
258 1 34.717117 1.959498 135.042802 1.000000 1.000000 1.000000 0.000000
258 0.000000 0.000000 0.000000
259 1 44.628419 22.460431 85.472406 1.000000 1.000000 1.000000 0.000000
259 0.000000 0.000000 0.000000
260 1 1.946493 56.997178 163.370031 1.000000 1.000000 1.000000 0.000000
260 0.000000 0.000000 0.000000
261 1 2.387904 78.952697 194.991540 1.000000 1.000000 1.000000 0.000000
261 0.000000 0.000000 0.000000
262 1 59.827551 30.907302 59.360073 1.000000 1.000000 1.000000 0.000000
262 0.000000 0.000000 0.000000
263 1 41.335413 86.023942 181.118512 1.000000 1.000000 1.000000 0.000000
263 0.000000 0.000000 0.000000
264 1 9.554383 53.440364 15.262644 1.000000 1.000000 1.000000 0.000000
264 0.000000 0.000000 0.000000
265 1 62.252164 65.178973 51.928814 1.000000 1.000000 1.000000 0.000000
265 0.000000 0.000000 0.000000
266 1 11.456467 13.159303 137.676364 1.000000 1.000000 1.000000 0.000000
266 0.000000 0.000000 0.000000
267 1 88.579334 62.692877 150.163934 1.000000 1.000000 1.000000 0.000000
267 0.000000 0.000000 0.000000
268 1 94.105283 72.897411 170.004087 1.000000 1.000000 1.000000 0.000000
268 0.000000 0.000000 0.000000
269 1 71.192587 32.612150 93.322174 1.000000 1.000000 1.000000 0.000000
269 0.000000 0.000000 0.000000
270 1 37.869418 19.297857 37.223767 1.000000 1.000000 1.000000 0.000000
270 0.000000 0.000000 0.000000
271 1 8.617429 23.526431 183.384143 1.000000 1.000000 1.000000 0.000000
271 0.000000 0.000000 0.000000
272 1 38.064854 25.516751 61.551584 1.000000 1.000000 1.000000 0.000000
272 0.000000 0.000000 0.000000
273 1 52.040069 91.365210 192.482792 1.000000 1.000000 1.000000 0.000000
273 0.000000 0.000000 0.000000
274 1 77.189946 62.468945 43.507700 1.000000 1.000000 1.000000 0.000000
274 0.000000 0.000000 0.000000
275 1 27.630968 2.875748 78.683561 1.000000 1.000000 1.000000 0.000000
275 0.000000 0.000000 0.000000
276 1 64.892874 74.055412 89.696632 1.000000 1.000000 1.000000 0.000000
276 0.000000 0.000000 0.000000
277 1 75.150607 84.126696 164.686075 1.000000 1.000000 1.000000 0.000000
277 0.000000 0.000000 0.000000
278 1 90.551586 90.567678 114.516845 1.000000 1.000000 1.000000 0.000000
278 0.000000 0.000000 0.000000
279 1 9.564146 87.602715 53.888981 1.000000 1.000000 1.000000 0.000000
279 0.000000 0.000000 0.000000
280 1 70.259951 23.405668 105.079362 1.000000 1.000000 1.000000 0.000000
280 0.000000 0.000000 0.000000
281 1 88.679373 22.317842 157.153427 1.000000 1.000000 1.000000 0.000000
281 0.000000 0.000000 0.000000
282 1 2.103696 89.788444 21.290334 1.000000 1.000000 1.000000 0.000000
282 0.000000 0.000000 0.000000
283 1 46.087772 36.236251 61.292051 1.000000 1.000000 1.000000 0.000000
283 0.000000 0.000000 0.000000
284 1 80.900005 38.458154 11.475418 1.000000 1.000000 1.000000 0.000000
284 0.000000 0.000000 0.000000
285 1 54.816039 95.447835 61.165652 1.000000 1.000000 1.000000 0.000000
285 0.000000 0.000000 0.000000
286 1 50.284394 53.879356 54.043685 1.000000 1.000000 1.000000 0.000000
286 0.000000 0.000000 0.000000
287 1 43.393022 63.051157 50.564940 1.000000 1.000000 1.000000 0.000000
287 0.000000 0.000000 0.000000
288 1 29.709310 37.107347 67.024484 1.000000 1.000000 1.000000 0.000000
288 0.000000 0.000000 0.000000
289 1 3.492565 53.439640 98.353323 1.000000 1.000000 1.000000 0.000000
289 0.000000 0.000000 0.000000
290 1 73.111638 4.383218 91.563683 1.000000 1.000000 1.000000 0.000000
290 0.000000 0.000000 0.000000
291 1 59.014944 24.086250 61.663268 1.000000 1.000000 1.000000 0.000000
291 0.000000 0.000000 0.000000
292 1 0.907455 69.063083 94.390991 1.000000 1.000000 1.000000 0.000000
292 0.000000 0.000000 0.000000
293 1 4.785110 1.248398 65.421153 1.000000 1.000000 1.000000 0.000000
293 0.000000 0.000000 0.000000
294 1 30.751906 49.886488 98.792122 1.000000 1.000000 1.000000 0.000000
294 0.000000 0.000000 0.000000
295 1 14.645360 33.393424 103.622908 1.000000 1.000000 1.000000 0.000000
295 0.000000 0.000000 0.000000
296 1 11.450909 74.678992 55.151867 1.000000 1.000000 1.000000 0.000000
296 0.000000 0.000000 0.000000
297 1 26.857171 9.508474 177.990596 1.000000 1.000000 1.000000 0.000000
297 0.000000 0.000000 0.000000
298 1 68.431200 98.022103 102.106261 1.000000 1.000000 1.000000 0.000000
298 0.000000 0.000000 0.000000
299 1 61.291978 39.234181 8.501863 1.000000 1.000000 1.000000 0.000000
299 0.000000 0.000000 0.000000
300 1 94.227622 75.528346 40.658118 1.000000 1.000000 1.000000 0.000000
300 0.000000 0.000000 0.000000
301 1 75.803759 23.898499 59.706536 1.000000 1.000000 1.000000 0.000000
301 0.000000 0.000000 0.000000
302 1 60.509133 29.438533 9.396693 1.000000 1.000000 1.000000 0.000000
302 0.000000 0.000000 0.000000
303 1 43.351222 75.607082 173.538878 1.000000 1.000000 1.000000 0.000000
303 0.000000 0.000000 0.000000
304 1 21.797273 28.355484 40.589047 1.000000 1.000000 1.000000 0.000000
304 0.000000 0.000000 0.000000
305 1 50.144191 12.115521 117.387420 1.000000 1.000000 1.000000 0.000000
305 0.000000 0.000000 0.000000
306 1 46.789294 55.172769 85.024427 1.000000 1.000000 1.000000 0.000000
306 0.000000 0.000000 0.000000
307 1 36.479060 54.072255 115.831554 1.000000 1.000000 1.000000 0.000000
307 0.000000 0.000000 0.000000
308 1 31.059889 90.336445 173.649680 1.000000 1.000000 1.000000 0.000000
308 0.000000 0.000000 0.000000
309 1 5.828716 0.082366 191.918368 1.000000 1.000000 1.000000 0.000000
309 0.000000 0.000000 0.000000
310 1 28.404469 95.219578 127.178530 1.000000 1.000000 1.000000 0.000000
310 0.000000 0.000000 0.000000
311 1 93.857595 91.963340 150.306203 1.000000 1.000000 1.000000 0.000000
311 0.000000 0.000000 0.000000
312 1 27.717520 38.775853 39.454634 1.000000 1.000000 1.000000 0.000000
312 0.000000 0.000000 0.000000
313 1 45.100354 5.597915 151.163001 1.000000 1.000000 1.000000 0.000000
313 0.000000 0.000000 0.000000
314 1 50.291111 84.317403 28.960856 1.000000 1.000000 1.000000 0.000000
314 0.000000 0.000000 0.000000
315 1 54.616684 19.325524 73.907144 1.000000 1.000000 1.000000 0.000000
315 0.000000 0.000000 0.000000
316 1 0.397534 85.321454 169.500151 1.000000 1.000000 1.000000 0.000000
316 0.000000 0.000000 0.000000
317 1 77.896205 60.882737 20.353988 1.000000 1.000000 1.000000 0.000000
317 0.000000 0.000000 0.000000
318 1 11.056172 22.548259 124.606751 1.000000 1.000000 1.000000 0.000000
318 0.000000 0.000000 0.000000
319 1 95.254215 43.371395 127.898262 1.000000 1.000000 1.000000 0.000000
319 0.000000 0.000000 0.000000
320 1 43.998656 23.899771 111.764579 1.000000 1.000000 1.000000 0.000000
320 0.000000 0.000000 0.000000
321 1 8.927213 10.147773 142.335106 1.000000 1.000000 1.000000 0.000000
321 0.000000 0.000000 0.000000
322 1 3.132914 6.760472 9.118196 1.000000 1.000000 1.000000 0.000000
322 0.000000 0.000000 0.000000
323 1 87.728392 36.427953 123.968404 1.000000 1.000000 1.000000 0.000000
323 0.000000 0.000000 0.000000
324 1 60.842166 87.211470 51.493197 1.000000 1.000000 1.000000 0.000000
324 0.000000 0.000000 0.000000
325 1 45.123162 51.665563 90.748457 1.000000 1.000000 1.000000 0.000000
325 0.000000 0.000000 0.000000
326 1 90.831777 54.371722 40.445025 1.000000 1.000000 1.000000 0.000000
326 0.000000 0.000000 0.000000
327 1 7.301872 68.708843 175.618410 1.000000 1.000000 1.000000 0.000000
327 0.000000 0.000000 0.000000
328 1 72.189864 82.017548 148.522221 1.000000 1.000000 1.000000 0.000000
328 0.000000 0.000000 0.000000
329 1 20.102458 98.515587 128.067173 1.000000 1.000000 1.000000 0.000000
329 0.000000 0.000000 0.000000
330 1 49.116596 91.094092 71.981222 1.000000 1.000000 1.000000 0.000000
330 0.000000 0.000000 0.000000
331 1 70.442357 87.892963 54.889181 1.000000 1.000000 1.000000 0.000000
331 0.000000 0.000000 0.000000
332 1 96.254263 61.924582 173.596232 1.000000 1.000000 1.000000 0.000000
332 0.000000 0.000000 0.000000
333 1 80.321784 57.346661 21.717452 1.000000 1.000000 1.000000 0.000000
333 0.000000 0.000000 0.000000
334 1 22.971575 76.400034 96.587276 1.000000 1.000000 1.000000 0.000000
334 0.000000 0.000000 0.000000
335 1 2.475422 52.310125 44.196370 1.000000 1.000000 1.000000 0.000000
335 0.000000 0.000000 0.000000
336 1 62.928856 52.593694 65.589053 1.000000 1.000000 1.000000 0.000000
336 0.000000 0.000000 0.000000
337 1 45.374308 46.538678 107.670629 1.000000 1.000000 1.000000 0.000000
337 0.000000 0.000000 0.000000
338 1 68.069913 34.694930 153.398882 1.000000 1.000000 1.000000 0.000000
338 0.000000 0.000000 0.000000
339 1 88.319714 24.588605 35.063507 1.000000 1.000000 1.000000 0.000000
339 0.000000 0.000000 0.000000
340 1 64.036756 76.764898 166.067903 1.000000 1.000000 1.000000 0.000000
340 0.000000 0.000000 0.000000
341 1 3.440070 99.081968 12.594415 1.000000 1.000000 1.000000 0.000000
341 0.000000 0.000000 0.000000
342 1 84.731145 53.005519 30.084905 1.000000 1.000000 1.000000 0.000000
342 0.000000 0.000000 0.000000
343 1 22.034913 14.812155 98.499140 1.000000 1.000000 1.000000 0.000000
343 0.000000 0.000000 0.000000
344 1 2.570506 92.803410 26.833021 1.000000 1.000000 1.000000 0.000000
344 0.000000 0.000000 0.000000
345 1 52.379543 55.668476 146.163101 1.000000 1.000000 1.000000 0.000000
345 0.000000 0.000000 0.000000
346 1 15.636575 40.453111 60.875882 1.000000 1.000000 1.000000 0.000000
346 0.000000 0.000000 0.000000
347 1 32.520463 81.177121 5.529031 1.000000 1.000000 1.000000 0.000000
347 0.000000 0.000000 0.000000
348 1 89.753774 4.161375 91.196877 1.000000 1.000000 1.000000 0.000000
348 0.000000 0.000000 0.000000
349 1 79.897395 22.819002 140.416484 1.000000 1.000000 1.000000 0.000000
349 0.000000 0.000000 0.000000
350 1 5.106955 32.510966 70.496851 1.000000 1.000000 1.000000 0.000000
350 0.000000 0.000000 0.000000
351 1 38.571961 2.116819 185.140155 1.000000 1.000000 1.000000 0.000000
351 0.000000 0.000000 0.000000
352 1 24.226895 99.029165 158.114245 1.000000 1.000000 1.000000 0.000000
352 0.000000 0.000000 0.000000
353 1 66.106391 56.770604 126.975562 1.000000 1.000000 1.000000 0.000000
353 0.000000 0.000000 0.000000
354 1 53.825842 5.798236 64.270169 1.000000 1.000000 1.000000 0.000000
354 0.000000 0.000000 0.000000
355 1 69.748870 69.870311 109.779280 1.000000 1.000000 1.000000 0.000000
355 0.000000 0.000000 0.000000
356 1 56.128071 0.315374 110.189298 1.000000 1.000000 1.000000 0.000000
356 0.000000 0.000000 0.000000
357 1 33.115571 75.430910 37.036488 1.000000 1.000000 1.000000 0.000000
357 0.000000 0.000000 0.000000
358 1 46.169577 53.745146 116.303719 1.000000 1.000000 1.000000 0.000000
358 0.000000 0.000000 0.000000
359 1 65.186243 49.680134 159.368658 1.000000 1.000000 1.000000 0.000000
359 0.000000 0.000000 0.000000
360 1 78.055293 2.695011 192.378377 1.000000 1.000000 1.000000 0.000000
360 0.000000 0.000000 0.000000
361 1 53.928119 15.588006 100.788672 1.000000 1.000000 1.000000 0.000000
361 0.000000 0.000000 0.000000
362 1 36.963351 77.058637 137.707843 1.000000 1.000000 1.000000 0.000000
362 0.000000 0.000000 0.000000
363 1 20.649155 16.595005 21.911452 1.000000 1.000000 1.000000 0.000000
363 0.000000 0.000000 0.000000
364 1 17.694485 16.856953 106.893989 1.000000 1.000000 1.000000 0.000000
364 0.000000 0.000000 0.000000
365 1 36.178407 74.239407 2.804115 1.000000 1.000000 1.000000 0.000000
365 0.000000 0.000000 0.000000
366 1 97.867492 83.915472 126.808079 1.000000 1.000000 1.000000 0.000000
366 0.000000 0.000000 0.000000
367 1 58.204970 69.573967 57.285240 1.000000 1.000000 1.000000 0.000000
367 0.000000 0.000000 0.000000
368 1 45.730619 82.463412 124.916490 1.000000 1.000000 1.000000 0.000000
368 0.000000 0.000000 0.000000
369 1 13.347875 13.141881 192.350633 1.000000 1.000000 1.000000 0.000000
369 0.000000 0.000000 0.000000
370 1 28.689622 29.264324 114.315034 1.000000 1.000000 1.000000 0.000000
370 0.000000 0.000000 0.000000
371 1 28.008627 58.614767 172.664612 1.000000 1.000000 1.000000 0.000000
371 0.000000 0.000000 0.000000
372 1 1.817619 85.870300 147.491948 1.000000 1.000000 1.000000 0.000000
372 0.000000 0.000000 0.000000
373 1 64.490475 5.743554 119.466343 1.000000 1.000000 1.000000 0.000000
373 0.000000 0.000000 0.000000
374 1 22.392327 6.357305 195.446678 1.000000 1.000000 1.000000 0.000000
374 0.000000 0.000000 0.000000
375 1 79.109845 39.681322 148.133360 1.000000 1.000000 1.000000 0.000000
375 0.000000 0.000000 0.000000
376 1 85.429561 24.330339 160.372935 1.000000 1.000000 1.000000 0.000000
376 0.000000 0.000000 0.000000
377 1 96.677657 69.234314 86.787385 1.000000 1.000000 1.000000 0.000000
377 0.000000 0.000000 0.000000
378 1 10.433954 69.106634 52.166289 1.000000 1.000000 1.000000 0.000000
378 0.000000 0.000000 0.000000
379 1 64.170591 88.663817 76.550610 1.000000 1.000000 1.000000 0.000000
379 0.000000 0.000000 0.000000
380 1 66.841235 87.037203 29.667136 1.000000 1.000000 1.000000 0.000000
380 0.000000 0.000000 0.000000
381 1 10.421210 22.449495 87.871528 1.000000 1.000000 1.000000 0.000000
381 0.000000 0.000000 0.000000
382 1 30.397545 94.302318 163.985302 1.000000 1.000000 1.000000 0.000000
382 0.000000 0.000000 0.000000
383 1 78.610181 28.513145 169.008848 1.000000 1.000000 1.000000 0.000000
383 0.000000 0.000000 0.000000
384 1 30.445665 68.684963 105.877734 1.000000 1.000000 1.000000 0.000000
384 0.000000 0.000000 0.000000
385 1 8.835162 24.089658 161.200589 1.000000 1.000000 1.000000 0.000000
385 0.000000 0.000000 0.000000
386 1 21.714858 14.303310 47.715501 1.000000 1.000000 1.000000 0.000000
386 0.000000 0.000000 0.000000
387 1 84.385153 87.615046 196.633963 1.000000 1.000000 1.000000 0.000000
387 0.000000 0.000000 0.000000
388 1 62.071087 93.114859 165.121994 1.000000 1.000000 1.000000 0.000000
388 0.000000 0.000000 0.000000
389 1 95.720899 75.371584 163.687627 1.000000 1.000000 1.000000 0.000000
389 0.000000 0.000000 0.000000
390 1 42.730818 11.494665 27.549523 1.000000 1.000000 1.000000 0.000000
390 0.000000 0.000000 0.000000
391 1 29.460175 99.041604 51.585959 1.000000 1.000000 1.000000 0.000000
391 0.000000 0.000000 0.000000
392 1 34.224678 0.252507 79.637276 1.000000 1.000000 1.000000 0.000000
392 0.000000 0.000000 0.000000
393 1 99.910296 2.656554 131.729834 1.000000 1.000000 1.000000 0.000000
393 0.000000 0.000000 0.000000
394 1 35.177821 79.930939 174.597945 1.000000 1.000000 1.000000 0.000000
394 0.000000 0.000000 0.000000
395 1 43.631271 65.624092 13.617273 1.000000 1.000000 1.000000 0.000000
395 0.000000 0.000000 0.000000
396 1 49.497040 49.840260 37.363503 1.000000 1.000000 1.000000 0.000000
396 0.000000 0.000000 0.000000
397 1 29.562724 43.754475 52.379162 1.000000 1.000000 1.000000 0.000000
397 0.000000 0.000000 0.000000
398 1 88.237299 88.345986 35.597675 1.000000 1.000000 1.000000 0.000000
398 0.000000 0.000000 0.000000
399 1 49.115096 64.288138 40.800252 1.000000 1.000000 1.000000 0.000000
399 0.000000 0.000000 0.000000
400 1 16.810245 40.271604 19.118177 1.000000 1.000000 1.000000 0.000000
400 0.000000 0.000000 0.000000
401 1 62.093681 9.916261 28.139237 1.000000 1.000000 1.000000 0.000000
401 0.000000 0.000000 0.000000
402 1 84.746497 47.232638 185.126599 1.000000 1.000000 1.000000 0.000000
402 0.000000 0.000000 0.000000
403 1 53.487676 79.656021 113.921918 1.000000 1.000000 1.000000 0.000000
403 0.000000 0.000000 0.000000
404 1 18.870477 99.238448 88.278556 1.000000 1.000000 1.000000 0.000000
404 0.000000 0.000000 0.000000
405 1 90.929137 54.937557 23.006202 1.000000 1.000000 1.000000 0.000000
405 0.000000 0.000000 0.000000
406 1 46.423141 25.148019 125.028297 1.000000 1.000000 1.000000 0.000000
406 0.000000 0.000000 0.000000
407 1 90.413150 6.897728 184.552484 1.000000 1.000000 1.000000 0.000000
407 0.000000 0.000000 0.000000
408 1 77.705235 41.042373 74.175458 1.000000 1.000000 1.000000 0.000000
408 0.000000 0.000000 0.000000
409 1 33.782540 13.042065 131.386784 1.000000 1.000000 1.000000 0.000000
409 0.000000 0.000000 0.000000
410 1 26.049275 32.091895 110.550262 1.000000 1.000000 1.000000 0.000000
410 0.000000 0.000000 0.000000
411 1 56.837838 39.601933 23.648851 1.000000 1.000000 1.000000 0.000000
411 0.000000 0.000000 0.000000
412 1 54.580976 95.392494 143.278626 1.000000 1.000000 1.000000 0.000000
412 0.000000 0.000000 0.000000
413 1 85.300628 39.668352 16.740266 1.000000 1.000000 1.000000 0.000000
413 0.000000 0.000000 0.000000
414 1 11.676873 78.193677 70.158904 1.000000 1.000000 1.000000 0.000000
414 0.000000 0.000000 0.000000
415 1 5.185834 3.669441 58.348198 1.000000 1.000000 1.000000 0.000000
415 0.000000 0.000000 0.000000
416 1 35.054431 97.616188 190.514665 1.000000 1.000000 1.000000 0.000000
416 0.000000 0.000000 0.000000
417 1 81.274432 38.397686 149.500191 1.000000 1.000000 1.000000 0.000000
417 0.000000 0.000000 0.000000
418 1 35.235942 90.055040 34.118349 1.000000 1.000000 1.000000 0.000000
418 0.000000 0.000000 0.000000
419 1 84.358651 80.825169 101.515584 1.000000 1.000000 1.000000 0.000000
419 0.000000 0.000000 0.000000
420 1 2.429876 35.187520 77.610878 1.000000 1.000000 1.000000 0.000000
420 0.000000 0.000000 0.000000
421 1 31.720647 95.556265 198.968110 1.000000 1.000000 1.000000 0.000000
421 0.000000 0.000000 0.000000
422 1 21.332426 10.169355 178.403767 1.000000 1.000000 1.000000 0.000000
422 0.000000 0.000000 0.000000
423 1 52.572014 14.061707 70.456221 1.000000 1.000000 1.000000 0.000000
423 0.000000 0.000000 0.000000
424 1 96.624051 27.658115 161.913492 1.000000 1.000000 1.000000 0.000000
424 0.000000 0.000000 0.000000
425 1 47.267735 31.220274 0.308641 1.000000 1.000000 1.000000 0.000000
425 0.000000 0.000000 0.000000
426 1 43.656942 74.410501 194.813865 1.000000 1.000000 1.000000 0.000000
426 0.000000 0.000000 0.000000
427 1 22.296611 96.339166 174.027486 1.000000 1.000000 1.000000 0.000000
427 0.000000 0.000000 0.000000
428 1 12.622998 38.978429 61.213688 1.000000 1.000000 1.000000 0.000000
428 0.000000 0.000000 0.000000
429 1 52.826023 75.210825 158.212727 1.000000 1.000000 1.000000 0.000000
429 0.000000 0.000000 0.000000
430 1 32.746069 59.706882 9.026160 1.000000 1.000000 1.000000 0.000000
430 0.000000 0.000000 0.000000
431 1 27.467630 34.406388 78.003576 1.000000 1.000000 1.000000 0.000000
431 0.000000 0.000000 0.000000
432 1 52.530353 72.966999 45.939978 1.000000 1.000000 1.000000 0.000000
432 0.000000 0.000000 0.000000
433 1 7.971392 46.282970 165.814087 1.000000 1.000000 1.000000 0.000000
433 0.000000 0.000000 0.000000
434 1 83.833910 34.116087 104.379041 1.000000 1.000000 1.000000 0.000000
434 0.000000 0.000000 0.000000
435 1 46.436223 78.750589 175.250245 1.000000 1.000000 1.000000 0.000000
435 0.000000 0.000000 0.000000
436 1 0.083066 42.271560 69.128736 1.000000 1.000000 1.000000 0.000000
436 0.000000 0.000000 0.000000
437 1 29.531156 14.585756 175.957202 1.000000 1.000000 1.000000 0.000000
437 0.000000 0.000000 0.000000
438 1 4.992481 71.332208 131.087887 1.000000 1.000000 1.000000 0.000000
438 0.000000 0.000000 0.000000
439 1 33.302044 93.045611 70.011854 1.000000 1.000000 1.000000 0.000000
439 0.000000 0.000000 0.000000
440 1 35.458196 79.035776 75.773203 1.000000 1.000000 1.000000 0.000000
440 0.000000 0.000000 0.000000
441 1 94.575847 67.588239 118.551640 1.000000 1.000000 1.000000 0.000000
441 0.000000 0.000000 0.000000
442 1 92.405223 81.669184 127.537994 1.000000 1.000000 1.000000 0.000000
442 0.000000 0.000000 0.000000
443 1 31.719616 87.040392 153.617262 1.000000 1.000000 1.000000 0.000000
443 0.000000 0.000000 0.000000
444 1 20.162914 78.632973 57.481560 1.000000 1.000000 1.000000 0.000000
444 0.000000 0.000000 0.000000
445 1 42.629523 79.392564 34.289883 1.000000 1.000000 1.000000 0.000000
445 0.000000 0.000000 0.000000
446 1 34.515168 32.618546 65.231536 1.000000 1.000000 1.000000 0.000000
446 0.000000 0.000000 0.000000
447 1 7.125227 52.305365 105.867360 1.000000 1.000000 1.000000 0.000000
447 0.000000 0.000000 0.000000
448 1 74.726611 78.945506 108.949957 1.000000 1.000000 1.000000 0.000000
448 0.000000 0.000000 0.000000
449 1 11.891038 31.384280 71.972064 1.000000 1.000000 1.000000 0.000000
449 0.000000 0.000000 0.000000
450 1 33.311739 42.945663 183.069640 1.000000 1.000000 1.000000 0.000000
450 0.000000 0.000000 0.000000
451 1 66.582902 12.572654 6.582665 1.000000 1.000000 1.000000 0.000000
451 0.000000 0.000000 0.000000
452 1 1.250951 0.992642 55.867205 1.000000 1.000000 1.000000 0.000000
452 0.000000 0.000000 0.000000
453 1 80.158651 2.864350 0.186579 1.000000 1.000000 1.000000 0.000000
453 0.000000 0.000000 0.000000
454 1 48.988485 66.185170 133.819925 1.000000 1.000000 1.000000 0.000000
454 0.000000 0.000000 0.000000
455 1 68.329794 57.701777 122.293852 1.000000 1.000000 1.000000 0.000000
455 0.000000 0.000000 0.000000
456 1 80.638049 2.094297 93.733276 1.000000 1.000000 1.000000 0.000000
456 0.000000 0.000000 0.000000
457 1 98.239479 37.155379 166.319426 1.000000 1.000000 1.000000 0.000000
457 0.000000 0.000000 0.000000
458 1 17.497730 93.127582 87.425043 1.000000 1.000000 1.000000 0.000000
458 0.000000 0.000000 0.000000
459 1 81.403299 33.035317 112.839418 1.000000 1.000000 1.000000 0.000000
459 0.000000 0.000000 0.000000
460 1 16.545325 13.289341 50.030549 1.000000 1.000000 1.000000 0.000000
460 0.000000 0.000000 0.000000
461 1 9.978626 3.981735 38.878378 1.000000 1.000000 1.000000 0.000000
461 0.000000 0.000000 0.000000
462 1 27.215186 85.341760 175.887491 1.000000 1.000000 1.000000 0.000000
462 0.000000 0.000000 0.000000
463 1 96.539459 43.155138 153.186428 1.000000 1.000000 1.000000 0.000000
463 0.000000 0.000000 0.000000
464 1 7.192961 58.570984 64.413450 1.000000 1.000000 1.000000 0.000000
464 0.000000 0.000000 0.000000
465 1 6.992057 93.081214 60.694346 1.000000 1.000000 1.000000 0.000000
465 0.000000 0.000000 0.000000
466 1 45.540707 45.779917 189.169821 1.000000 1.000000 1.000000 0.000000
466 0.000000 0.000000 0.000000
467 1 51.505371 86.527951 154.613994 1.000000 1.000000 1.000000 0.000000
467 0.000000 0.000000 0.000000
468 1 62.078675 81.298325 76.333351 1.000000 1.000000 1.000000 0.000000
468 0.000000 0.000000 0.000000
469 1 42.010955 91.046044 6.393117 1.000000 1.000000 1.000000 0.000000
469 0.000000 0.000000 0.000000
470 1 2.306004 12.783948 156.199803 1.000000 1.000000 1.000000 0.000000
470 0.000000 0.000000 0.000000
471 1 82.149944 81.610842 102.098303 1.000000 1.000000 1.000000 0.000000
471 0.000000 0.000000 0.000000
472 1 76.958758 93.587043 152.353105 1.000000 1.000000 1.000000 0.000000
472 0.000000 0.000000 0.000000
473 1 36.123442 69.593140 45.707227 1.000000 1.000000 1.000000 0.000000
473 0.000000 0.000000 0.000000
474 1 5.399922 63.476559 2.128123 1.000000 1.000000 1.000000 0.000000
474 0.000000 0.000000 0.000000
475 1 21.075517 84.181872 60.952055 1.000000 1.000000 1.000000 0.000000
475 0.000000 0.000000 0.000000
476 1 37.777089 77.335244 99.625580 1.000000 1.000000 1.000000 0.000000
476 0.000000 0.000000 0.000000
477 1 75.561160 1.677490 19.297923 1.000000 1.000000 1.000000 0.000000
477 0.000000 0.000000 0.000000
478 1 95.832849 65.826698 109.235352 1.000000 1.000000 1.000000 0.000000
478 0.000000 0.000000 0.000000
479 1 65.673816 78.121884 179.194022 1.000000 1.000000 1.000000 0.000000
479 0.000000 0.000000 0.000000
480 1 27.103223 8.680317 42.390196 1.000000 1.000000 1.000000 0.000000
480 0.000000 0.000000 0.000000
481 1 95.593236 6.713376 179.721915 1.000000 1.000000 1.000000 0.000000
481 0.000000 0.000000 0.000000
482 1 76.600518 91.428369 75.755030 1.000000 1.000000 1.000000 0.000000
482 0.000000 0.000000 0.000000
483 1 96.115908 45.328906 22.204860 1.000000 1.000000 1.000000 0.000000
483 0.000000 0.000000 0.000000
484 1 78.285087 10.586752 47.577999 1.000000 1.000000 1.000000 0.000000
484 0.000000 0.000000 0.000000
485 1 95.240231 17.986402 171.536656 1.000000 1.000000 1.000000 0.000000
485 0.000000 0.000000 0.000000
486 1 32.654342 22.764730 99.454808 1.000000 1.000000 1.000000 0.000000
486 0.000000 0.000000 0.000000
487 1 56.887593 47.862686 2.403428 1.000000 1.000000 1.000000 0.000000
487 0.000000 0.000000 0.000000
488 1 3.851927 56.862799 81.435533 1.000000 1.000000 1.000000 0.000000
488 0.000000 0.000000 0.000000
489 1 87.691973 43.048813 44.849990 1.000000 1.000000 1.000000 0.000000
489 0.000000 0.000000 0.000000
490 1 68.243755 43.708725 149.038719 1.000000 1.000000 1.000000 0.000000
490 0.000000 0.000000 0.000000
491 1 66.571620 89.794446 78.899468 1.000000 1.000000 1.000000 0.000000
491 0.000000 0.000000 0.000000
492 1 78.319924 13.398928 0.774565 1.000000 1.000000 1.000000 0.000000
492 0.000000 0.000000 0.000000
493 1 88.023951 52.059916 22.144311 1.000000 1.000000 1.000000 0.000000
493 0.000000 0.000000 0.000000
494 1 57.994356 13.421003 10.870263 1.000000 1.000000 1.000000 0.000000
494 0.000000 0.000000 0.000000
495 1 31.214266 2.828579 19.033174 1.000000 1.000000 1.000000 0.000000
495 0.000000 0.000000 0.000000
496 1 69.031480 41.704928 168.701292 1.000000 1.000000 1.000000 0.000000
496 0.000000 0.000000 0.000000
497 1 4.380393 89.507578 9.416326 1.000000 1.000000 1.000000 0.000000
497 0.000000 0.000000 0.000000
498 1 27.618515 80.670539 185.281611 1.000000 1.000000 1.000000 0.000000
498 0.000000 0.000000 0.000000
499 1 96.747277 79.733490 81.390837 1.000000 1.000000 1.000000 0.000000
499 0.000000 0.000000 0.000000
