RESTART FILE
Timestep: 800

NUMBER OF PARTICLES
500

SIMULATION BOX
100 100 200

TIMESTEP
0.1

ATTRACTION RADIUS
1
0 

AGGREGATES/BEADS
0 1 1.897050 64.548642 28.316950 1.000000 1.000000 1.000000 0.000000
0 0.000000 0.000000 0.000000
1 1 70.648766 27.307439 147.368265 1.000000 1.000000 1.000000 0.000000
1 0.000000 0.000000 0.000000
2 1 34.960987 12.346960 39.958709 1.000000 1.000000 1.000000 0.000000
2 0.000000 0.000000 0.000000
3 1 93.463807 97.305413 133.966958 1.000000 1.000000 1.000000 0.000000
3 0.000000 0.000000 0.000000
4 1 23.450727 97.319176 108.704758 1.000000 1.000000 1.000000 0.000000
4 0.000000 0.000000 0.000000
5 1 36.990632 78.912380 174.161297 1.000000 1.000000 1.000000 0.000000
5 0.000000 0.000000 0.000000
6 1 81.562104 3.685277 180.144163 1.000000 1.000000 1.000000 0.000000
6 0.000000 0.000000 0.000000
7 1 64.500590 20.174538 128.653309 1.000000 1.000000 1.000000 0.000000
7 0.000000 0.000000 0.000000
8 1 53.615000 5.139719 120.420151 1.000000 1.000000 1.000000 0.000000
8 0.000000 0.000000 0.000000
9 1 43.500420 8.863098 56.295876 1.000000 1.000000 1.000000 0.000000
9 0.000000 0.000000 0.000000
10 1 89.159303 90.102707 58.328844 1.000000 1.000000 1.000000 0.000000
10 0.000000 0.000000 0.000000
11 1 38.424748 66.372237 20.100130 1.000000 1.000000 1.000000 0.000000
11 0.000000 0.000000 0.000000
12 1 94.330282 80.210593 68.040968 1.000000 1.000000 1.000000 0.000000
12 0.000000 0.000000 0.000000
13 1 72.106153 57.209665 17.485838 1.000000 1.000000 1.000000 0.000000
13 0.000000 0.000000 0.000000
14 1 18.197152 41.027807 18.691348 1.000000 1.000000 1.000000 0.000000
14 0.000000 0.000000 0.000000
15 1 61.021167 47.342031 178.592419 1.000000 1.000000 1.000000 0.000000
15 0.000000 0.000000 0.000000
16 1 63.105375 66.876968 18.108779 1.000000 1.000000 1.000000 0.000000
16 0.000000 0.000000 0.000000
17 1 80.280327 83.816514 87.197924 1.000000 1.000000 1.000000 0.000000
17 0.000000 0.000000 0.000000
18 1 87.431484 88.988884 179.297218 1.000000 1.000000 1.000000 0.000000
18 0.000000 0.000000 0.000000
19 1 56.141830 60.965263 152.621816 1.000000 1.000000 1.000000 0.000000
19 0.000000 0.000000 0.000000
20 1 99.595514 5.446609 132.549014 1.000000 1.000000 1.000000 0.000000
20 0.000000 0.000000 0.000000
21 1 3.619207 30.592055 37.732545 1.000000 1.000000 1.000000 0.000000
21 0.000000 0.000000 0.000000
22 1 62.131249 33.443084 133.999213 1.000000 1.000000 1.000000 0.000000
22 0.000000 0.000000 0.000000
23 1 73.985693 57.225756 98.887509 1.000000 1.000000 1.000000 0.000000
23 0.000000 0.000000 0.000000
24 1 7.374159 53.954425 75.472626 1.000000 1.000000 1.000000 0.000000
24 0.000000 0.000000 0.000000
25 1 89.106822 84.065637 91.163603 1.000000 1.000000 1.000000 0.000000
25 0.000000 0.000000 0.000000
26 1 99.617055 24.412393 44.829274 1.000000 1.000000 1.000000 0.000000
26 0.000000 0.000000 0.000000
27 1 49.516991 67.461680 199.044251 1.000000 1.000000 1.000000 0.000000
27 0.000000 0.000000 0.000000
28 1 56.324038 77.484523 77.880649 1.000000 1.000000 1.000000 0.000000
28 0.000000 0.000000 0.000000
29 1 45.053192 16.848379 42.470143 1.000000 1.000000 1.000000 0.000000
29 0.000000 0.000000 0.000000
30 1 29.134928 34.732769 179.192911 1.000000 1.000000 1.000000 0.000000
30 0.000000 0.000000 0.000000
31 1 1.953277 51.387005 20.836703 1.000000 1.000000 1.000000 0.000000
31 0.000000 0.000000 0.000000
32 1 14.652504 68.170248 187.431256 1.000000 1.000000 1.000000 0.000000
32 0.000000 0.000000 0.000000
33 1 96.596601 59.611998 26.343752 1.000000 1.000000 1.000000 0.000000
33 0.000000 0.000000 0.000000
34 1 27.542715 2.602713 72.940062 1.000000 1.000000 1.000000 0.000000
34 0.000000 0.000000 0.000000
35 1 18.391351 9.330882 37.787297 1.000000 1.000000 1.000000 0.000000
35 0.000000 0.000000 0.000000
36 1 94.970720 97.938608 50.655546 1.000000 1.000000 1.000000 0.000000
36 0.000000 0.000000 0.000000
37 1 0.056536 10.687092 134.119367 1.000000 1.000000 1.000000 0.000000
37 0.000000 0.000000 0.000000
38 1 70.441628 53.652237 83.674541 1.000000 1.000000 1.000000 0.000000
38 0.000000 0.000000 0.000000
39 1 49.331282 97.428388 18.870633 1.000000 1.000000 1.000000 0.000000
39 0.000000 0.000000 0.000000
40 1 27.723024 35.604224 65.518765 1.000000 1.000000 1.000000 0.000000
40 0.000000 0.000000 0.000000
41 1 64.178821 25.822884 121.346531 1.000000 1.000000 1.000000 0.000000
41 0.000000 0.000000 0.000000
42 1 33.593606 65.501614 137.223078 1.000000 1.000000 1.000000 0.000000
42 0.000000 0.000000 0.000000
43 1 28.553237 73.934738 20.124732 1.000000 1.000000 1.000000 0.000000
43 0.000000 0.000000 0.000000
44 1 49.946584 61.722925 129.269446 1.000000 1.000000 1.000000 0.000000
44 0.000000 0.000000 0.000000
45 1 72.133420 85.796752 78.450551 1.000000 1.000000 1.000000 0.000000
45 0.000000 0.000000 0.000000
46 1 51.226830 91.659728 63.721574 1.000000 1.000000 1.000000 0.000000
46 0.000000 0.000000 0.000000
47 1 6.674797 61.804526 25.483429 1.000000 1.000000 1.000000 0.000000
47 0.000000 0.000000 0.000000
48 1 45.773885 39.396773 15.153469 1.000000 1.000000 1.000000 0.000000
48 0.000000 0.000000 0.000000
49 1 0.356023 58.503720 44.006624 1.000000 1.000000 1.000000 0.000000
49 0.000000 0.000000 0.000000
50 1 95.360080 70.850740 196.246989 1.000000 1.000000 1.000000 0.000000
50 0.000000 0.000000 0.000000
51 1 15.616990 50.142864 123.280288 1.000000 1.000000 1.000000 0.000000
51 0.000000 0.000000 0.000000
52 1 67.520292 80.201300 151.536025 1.000000 1.000000 1.000000 0.000000
52 0.000000 0.000000 0.000000
53 1 56.879590 85.178321 35.257606 1.000000 1.000000 1.000000 0.000000
53 0.000000 0.000000 0.000000
54 1 23.363951 44.145073 56.513431 1.000000 1.000000 1.000000 0.000000
54 0.000000 0.000000 0.000000
55 1 52.221700 74.304969 121.160429 1.000000 1.000000 1.000000 0.000000
55 0.000000 0.000000 0.000000
56 1 24.702453 69.342635 198.201903 1.000000 1.000000 1.000000 0.000000
56 0.000000 0.000000 0.000000
57 1 78.453154 76.414790 146.141561 1.000000 1.000000 1.000000 0.000000
57 0.000000 0.000000 0.000000
58 1 31.246302 41.644275 56.970994 1.000000 1.000000 1.000000 0.000000
58 0.000000 0.000000 0.000000
59 1 66.052325 79.572939 2.765782 1.000000 1.000000 1.000000 0.000000
59 0.000000 0.000000 0.000000
60 1 20.571247 25.592553 43.736185 1.000000 1.000000 1.000000 0.000000
60 0.000000 0.000000 0.000000
61 1 73.086377 82.681820 195.787624 1.000000 1.000000 1.000000 0.000000
61 0.000000 0.000000 0.000000
62 1 26.831289 26.530969 120.302723 1.000000 1.000000 1.000000 0.000000
62 0.000000 0.000000 0.000000
63 1 8.742329 7.044658 31.632911 1.000000 1.000000 1.000000 0.000000
63 0.000000 0.000000 0.000000
64 1 64.450989 83.953632 71.436090 1.000000 1.000000 1.000000 0.000000
64 0.000000 0.000000 0.000000
65 1 83.803371 86.135251 73.064154 1.000000 1.000000 1.000000 0.000000
65 0.000000 0.000000 0.000000
66 1 57.950051 69.455213 0.971208 1.000000 1.000000 1.000000 0.000000
66 0.000000 0.000000 0.000000
67 1 63.797397 31.119474 23.343913 1.000000 1.000000 1.000000 0.000000
67 0.000000 0.000000 0.000000
68 1 27.739619 30.807302 157.896354 1.000000 1.000000 1.000000 0.000000
68 0.000000 0.000000 0.000000
69 1 81.613464 85.252190 198.253438 1.000000 1.000000 1.000000 0.000000
69 0.000000 0.000000 0.000000
70 1 34.914828 51.158639 100.308499 1.000000 1.000000 1.000000 0.000000
70 0.000000 0.000000 0.000000
71 1 56.722999 71.975279 10.425781 1.000000 1.000000 1.000000 0.000000
71 0.000000 0.000000 0.000000
72 1 1.825267 72.265231 63.770630 1.000000 1.000000 1.000000 0.000000
72 0.000000 0.000000 0.000000
73 1 69.242252 64.656374 59.895846 1.000000 1.000000 1.000000 0.000000
73 0.000000 0.000000 0.000000
74 1 39.678130 15.933799 77.444687 1.000000 1.000000 1.000000 0.000000
74 0.000000 0.000000 0.000000
75 1 88.923408 43.779359 120.843262 1.000000 1.000000 1.000000 0.000000
75 0.000000 0.000000 0.000000
76 1 77.922234 52.745483 38.418099 1.000000 1.000000 1.000000 0.000000
76 0.000000 0.000000 0.000000
77 1 80.677949 47.022535 52.143032 1.000000 1.000000 1.000000 0.000000
77 0.000000 0.000000 0.000000
78 1 10.444555 28.128364 156.549475 1.000000 1.000000 1.000000 0.000000
78 0.000000 0.000000 0.000000
79 1 21.603340 88.691402 13.457877 1.000000 1.000000 1.000000 0.000000
79 0.000000 0.000000 0.000000
80 1 91.286464 94.914215 36.234015 1.000000 1.000000 1.000000 0.000000
80 0.000000 0.000000 0.000000
81 1 75.647691 30.520228 0.184798 1.000000 1.000000 1.000000 0.000000
81 0.000000 0.000000 0.000000
82 1 42.809825 17.989425 145.493898 1.000000 1.000000 1.000000 0.000000
82 0.000000 0.000000 0.000000
83 1 56.070407 7.034654 144.233571 1.000000 1.000000 1.000000 0.000000
83 0.000000 0.000000 0.000000
84 1 80.841256 14.660560 156.245814 1.000000 1.000000 1.000000 0.000000
84 0.000000 0.000000 0.000000
85 1 12.312701 27.557522 108.068363 1.000000 1.000000 1.000000 0.000000
85 0.000000 0.000000 0.000000
86 1 8.443168 95.195095 66.760403 1.000000 1.000000 1.000000 0.000000
86 0.000000 0.000000 0.000000
87 1 70.959544 33.553094 85.644260 1.000000 1.000000 1.000000 0.000000
87 0.000000 0.000000 0.000000
88 1 14.771216 10.126119 140.738321 1.000000 1.000000 1.000000 0.000000
88 0.000000 0.000000 0.000000
89 1 30.008518 25.172077 106.224845 1.000000 1.000000 1.000000 0.000000
89 0.000000 0.000000 0.000000
90 1 5.272110 80.366183 34.433301 1.000000 1.000000 1.000000 0.000000
90 0.000000 0.000000 0.000000
91 1 13.712648 8.057329 29.017065 1.000000 1.000000 1.000000 0.000000
91 0.000000 0.000000 0.000000
92 1 8.448074 62.947572 75.890967 1.000000 1.000000 1.000000 0.000000
92 0.000000 0.000000 0.000000
93 1 51.974501 74.566267 179.366859 1.000000 1.000000 1.000000 0.000000
93 0.000000 0.000000 0.000000
94 1 94.961123 11.539763 90.916487 1.000000 1.000000 1.000000 0.000000
94 0.000000 0.000000 0.000000
95 1 55.441697 7.971197 49.039130 1.000000 1.000000 1.000000 0.000000
95 0.000000 0.000000 0.000000
96 1 77.257924 15.139390 191.032523 1.000000 1.000000 1.000000 0.000000
96 0.000000 0.000000 0.000000
97 1 54.420375 58.510047 25.056921 1.000000 1.000000 1.000000 0.000000
97 0.000000 0.000000 0.000000
98 1 48.928021 20.189415 21.250721 1.000000 1.000000 1.000000 0.000000
98 0.000000 0.000000 0.000000
99 1 67.826077 81.245832 86.004460 1.000000 1.000000 1.000000 0.000000
99 0.000000 0.000000 0.000000
100 1 81.530073 26.261439 7.262291 1.000000 1.000000 1.000000 0.000000
100 0.000000 0.000000 0.000000
101 1 66.441987 90.327552 134.513215 1.000000 1.000000 1.000000 0.000000
101 0.000000 0.000000 0.000000
102 1 44.561151 88.764261 108.942608 1.000000 1.000000 1.000000 0.000000
102 0.000000 0.000000 0.000000
103 1 71.609989 50.573839 128.692845 1.000000 1.000000 1.000000 0.000000
103 0.000000 0.000000 0.000000
104 1 35.553679 89.501855 61.525655 1.000000 1.000000 1.000000 0.000000
104 0.000000 0.000000 0.000000
105 1 87.765707 43.967540 199.774106 1.000000 1.000000 1.000000 0.000000
105 0.000000 0.000000 0.000000
106 1 88.831204 36.584571 168.654489 1.000000 1.000000 1.000000 0.000000
106 0.000000 0.000000 0.000000
107 1 89.454379 98.219594 42.414592 1.000000 1.000000 1.000000 0.000000
107 0.000000 0.000000 0.000000
108 1 12.547177 43.158856 146.645668 1.000000 1.000000 1.000000 0.000000
108 0.000000 0.000000 0.000000
109 1 16.687352 46.696742 145.235216 1.000000 1.000000 1.000000 0.000000
109 0.000000 0.000000 0.000000
110 1 39.331546 64.945717 198.970640 1.000000 1.000000 1.000000 0.000000
110 0.000000 0.000000 0.000000
111 1 90.010920 8.046050 77.051315 1.000000 1.000000 1.000000 0.000000
111 0.000000 0.000000 0.000000
112 1 39.231287 97.476730 58.830634 1.000000 1.000000 1.000000 0.000000
112 0.000000 0.000000 0.000000
113 1 14.156547 75.115065 131.354558 1.000000 1.000000 1.000000 0.000000
113 0.000000 0.000000 0.000000
114 1 82.888063 62.116051 127.960082 1.000000 1.000000 1.000000 0.000000
114 0.000000 0.000000 0.000000
115 1 74.217123 67.978346 123.103028 1.000000 1.000000 1.000000 0.000000
115 0.000000 0.000000 0.000000
116 1 62.122905 73.888870 97.236326 1.000000 1.000000 1.000000 0.000000
116 0.000000 0.000000 0.000000
117 1 50.434338 57.948909 15.734933 1.000000 1.000000 1.000000 0.000000
117 0.000000 0.000000 0.000000
118 1 22.755883 27.774620 79.686588 1.000000 1.000000 1.000000 0.000000
118 0.000000 0.000000 0.000000
119 1 25.571551 43.360819 182.178190 1.000000 1.000000 1.000000 0.000000
119 0.000000 0.000000 0.000000
120 1 85.965053 66.062595 8.948031 1.000000 1.000000 1.000000 0.000000
120 0.000000 0.000000 0.000000
121 1 38.823884 13.012099 36.014889 1.000000 1.000000 1.000000 0.000000
121 0.000000 0.000000 0.000000
122 1 76.118804 16.091344 153.840939 1.000000 1.000000 1.000000 0.000000
122 0.000000 0.000000 0.000000
123 1 17.436638 81.148707 11.248570 1.000000 1.000000 1.000000 0.000000
123 0.000000 0.000000 0.000000
124 1 52.900775 95.066628 179.805185 1.000000 1.000000 1.000000 0.000000
124 0.000000 0.000000 0.000000
125 1 0.853737 37.579617 88.582711 1.000000 1.000000 1.000000 0.000000
125 0.000000 0.000000 0.000000
126 1 97.099470 82.556780 104.127691 1.000000 1.000000 1.000000 0.000000
126 0.000000 0.000000 0.000000
127 1 58.711929 18.368935 176.926714 1.000000 1.000000 1.000000 0.000000
127 0.000000 0.000000 0.000000
128 1 66.035773 33.965939 131.592731 1.000000 1.000000 1.000000 0.000000
128 0.000000 0.000000 0.000000
129 1 73.433112 40.120527 164.452579 1.000000 1.000000 1.000000 0.000000
129 0.000000 0.000000 0.000000
130 1 87.774009 94.028779 117.833817 1.000000 1.000000 1.000000 0.000000
130 0.000000 0.000000 0.000000
131 1 48.636603 11.949017 125.767401 1.000000 1.000000 1.000000 0.000000
131 0.000000 0.000000 0.000000
132 1 27.562631 40.924294 55.804820 1.000000 1.000000 1.000000 0.000000
132 0.000000 0.000000 0.000000
133 1 27.428882 96.550573 76.013369 1.000000 1.000000 1.000000 0.000000
133 0.000000 0.000000 0.000000
134 1 71.870268 44.892527 48.151300 1.000000 1.000000 1.000000 0.000000
134 0.000000 0.000000 0.000000
135 1 8.362300 98.344923 8.658602 1.000000 1.000000 1.000000 0.000000
135 0.000000 0.000000 0.000000
136 1 22.492132 52.702637 97.316914 1.000000 1.000000 1.000000 0.000000
136 0.000000 0.000000 0.000000
137 1 35.811528 71.392200 143.342052 1.000000 1.000000 1.000000 0.000000
137 0.000000 0.000000 0.000000
138 1 1.655356 93.520908 18.646943 1.000000 1.000000 1.000000 0.000000
138 0.000000 0.000000 0.000000
139 1 26.714824 28.618650 186.766687 1.000000 1.000000 1.000000 0.000000
139 0.000000 0.000000 0.000000
140 1 54.434930 69.818669 176.445977 1.000000 1.000000 1.000000 0.000000
140 0.000000 0.000000 0.000000
141 1 53.678128 65.283462 100.572189 1.000000 1.000000 1.000000 0.000000
141 0.000000 0.000000 0.000000
142 1 13.277404 97.488973 97.882173 1.000000 1.000000 1.000000 0.000000
142 0.000000 0.000000 0.000000
143 1 54.402232 38.092144 146.935411 1.000000 1.000000 1.000000 0.000000
143 0.000000 0.000000 0.000000
144 1 22.460040 38.261793 171.637239 1.000000 1.000000 1.000000 0.000000
144 0.000000 0.000000 0.000000
145 1 84.919654 93.162311 152.781408 1.000000 1.000000 1.000000 0.000000
145 0.000000 0.000000 0.000000
146 1 46.084884 47.737797 56.037890 1.000000 1.000000 1.000000 0.000000
146 0.000000 0.000000 0.000000
147 1 73.279095 53.660489 117.938132 1.000000 1.000000 1.000000 0.000000
147 0.000000 0.000000 0.000000
148 1 20.664550 3.474782 135.969984 1.000000 1.000000 1.000000 0.000000
148 0.000000 0.000000 0.000000
149 1 39.619516 39.311679 108.041304 1.000000 1.000000 1.000000 0.000000
149 0.000000 0.000000 0.000000
150 1 60.126389 17.236120 42.430471 1.000000 1.000000 1.000000 0.000000
150 0.000000 0.000000 0.000000
151 1 18.746274 47.472626 165.021505 1.000000 1.000000 1.000000 0.000000
151 0.000000 0.000000 0.000000
152 1 60.423373 85.252890 121.471115 1.000000 1.000000 1.000000 0.000000
152 0.000000 0.000000 0.000000
153 1 54.632308 59.430785 187.196394 1.000000 1.000000 1.000000 0.000000
153 0.000000 0.000000 0.000000
154 1 20.586275 72.083589 118.802571 1.000000 1.000000 1.000000 0.000000
154 0.000000 0.000000 0.000000
155 1 4.210226 32.398145 6.923600 1.000000 1.000000 1.000000 0.000000
155 0.000000 0.000000 0.000000
156 1 80.977510 61.911662 70.087796 1.000000 1.000000 1.000000 0.000000
156 0.000000 0.000000 0.000000
157 1 34.187241 64.849847 133.707573 1.000000 1.000000 1.000000 0.000000
157 0.000000 0.000000 0.000000
158 1 26.199940 37.223818 176.020192 1.000000 1.000000 1.000000 0.000000
158 0.000000 0.000000 0.000000
159 1 77.324122 41.665399 3.191437 1.000000 1.000000 1.000000 0.000000
159 0.000000 0.000000 0.000000
160 1 33.073705 79.463972 24.597416 1.000000 1.000000 1.000000 0.000000
160 0.000000 0.000000 0.000000
161 1 97.951311 56.549967 120.529488 1.000000 1.000000 1.000000 0.000000
161 0.000000 0.000000 0.000000
162 1 18.502820 71.515795 128.718895 1.000000 1.000000 1.000000 0.000000
162 0.000000 0.000000 0.000000
163 1 6.479650 3.670104 5.686898 1.000000 1.000000 1.000000 0.000000
163 0.000000 0.000000 0.000000
164 1 3.736142 3.146701 161.862954 1.000000 1.000000 1.000000 0.000000
164 0.000000 0.000000 0.000000
165 1 11.383623 54.954283 168.283369 1.000000 1.000000 1.000000 0.000000
165 0.000000 0.000000 0.000000
166 1 72.323015 83.264220 81.968371 1.000000 1.000000 1.000000 0.000000
166 0.000000 0.000000 0.000000
167 1 52.969050 5.837032 14.199943 1.000000 1.000000 1.000000 0.000000
167 0.000000 0.000000 0.000000
168 1 96.521534 31.501731 163.696591 1.000000 1.000000 1.000000 0.000000
168 0.000000 0.000000 0.000000
169 1 65.426475 35.319413 36.609648 1.000000 1.000000 1.000000 0.000000
169 0.000000 0.000000 0.000000
170 1 90.688514 65.381397 159.987088 1.000000 1.000000 1.000000 0.000000
170 0.000000 0.000000 0.000000
171 1 78.894339 94.512077 148.260525 1.000000 1.000000 1.000000 0.000000
171 0.000000 0.000000 0.000000
172 1 24.099102 52.410957 85.293028 1.000000 1.000000 1.000000 0.000000
172 0.000000 0.000000 0.000000
173 1 45.743768 52.659310 99.410968 1.000000 1.000000 1.000000 0.000000
173 0.000000 0.000000 0.000000
174 1 66.657060 61.849285 191.748965 1.000000 1.000000 1.000000 0.000000
174 0.000000 0.000000 0.000000
175 1 48.239942 12.911960 143.140571 1.000000 1.000000 1.000000 0.000000
175 0.000000 0.000000 0.000000
176 1 10.685745 27.771094 80.646893 1.000000 1.000000 1.000000 0.000000
176 0.000000 0.000000 0.000000
177 1 78.649439 24.022222 114.415406 1.000000 1.000000 1.000000 0.000000
177 0.000000 0.000000 0.000000
178 1 36.317418 2.862733 197.824549 1.000000 1.000000 1.000000 0.000000
178 0.000000 0.000000 0.000000
179 1 45.438187 67.569019 114.359531 1.000000 1.000000 1.000000 0.000000
179 0.000000 0.000000 0.000000
180 1 22.835733 9.632534 32.417305 1.000000 1.000000 1.000000 0.000000
180 0.000000 0.000000 0.000000
181 1 26.863694 30.575431 191.772458 1.000000 1.000000 1.000000 0.000000
181 0.000000 0.000000 0.000000
182 1 72.550162 74.300879 46.347268 1.000000 1.000000 1.000000 0.000000
182 0.000000 0.000000 0.000000
183 1 23.652247 35.357095 131.471295 1.000000 1.000000 1.000000 0.000000
183 0.000000 0.000000 0.000000
184 1 65.423240 77.464518 67.083808 1.000000 1.000000 1.000000 0.000000
184 0.000000 0.000000 0.000000
185 1 49.510295 26.378976 160.714952 1.000000 1.000000 1.000000 0.000000
185 0.000000 0.000000 0.000000
186 1 2.088153 33.982744 31.918916 1.000000 1.000000 1.000000 0.000000
186 0.000000 0.000000 0.000000
187 1 29.393311 64.781092 54.945468 1.000000 1.000000 1.000000 0.000000
187 0.000000 0.000000 0.000000
188 1 49.386936 86.706730 0.027895 1.000000 1.000000 1.000000 0.000000
188 0.000000 0.000000 0.000000
189 1 89.861899 91.770215 94.341193 1.000000 1.000000 1.000000 0.000000
189 0.000000 0.000000 0.000000
190 1 23.279124 76.576651 58.089254 1.000000 1.000000 1.000000 0.000000
190 0.000000 0.000000 0.000000
191 1 62.820483 69.170251 95.120280 1.000000 1.000000 1.000000 0.000000
191 0.000000 0.000000 0.000000
192 1 40.949590 86.183211 20.541888 1.000000 1.000000 1.000000 0.000000
192 0.000000 0.000000 0.000000
193 1 27.151164 74.700675 191.233757 1.000000 1.000000 1.000000 0.000000
193 0.000000 0.000000 0.000000
194 1 88.077672 36.458169 178.153707 1.000000 1.000000 1.000000 0.000000
194 0.000000 0.000000 0.000000
195 1 21.156574 40.275617 178.198487 1.000000 1.000000 1.000000 0.000000
195 0.000000 0.000000 0.000000
196 1 55.123315 49.538553 119.700797 1.000000 1.000000 1.000000 0.000000
196 0.000000 0.000000 0.000000
197 1 68.365636 11.647730 139.498405 1.000000 1.000000 1.000000 0.000000
197 0.000000 0.000000 0.000000
198 1 0.105288 73.264640 30.921583 1.000000 1.000000 1.000000 0.000000
198 0.000000 0.000000 0.000000
199 1 28.658031 18.750547 146.700162 1.000000 1.000000 1.000000 0.000000
199 0.000000 0.000000 0.000000
200 1 19.453879 23.948488 125.956368 1.000000 1.000000 1.000000 0.000000
200 0.000000 0.000000 0.000000
201 1 14.923076 58.527589 120.543349 1.000000 1.000000 1.000000 0.000000
201 0.000000 0.000000 0.000000
202 1 89.682173 16.995217 3.755325 1.000000 1.000000 1.000000 0.000000
202 0.000000 0.000000 0.000000
203 1 55.629495 99.061402 52.370115 1.000000 1.000000 1.000000 0.000000
203 0.000000 0.000000 0.000000
204 1 23.148958 94.055866 128.332970 1.000000 1.000000 1.000000 0.000000
204 0.000000 0.000000 0.000000
205 1 46.863763 8.709029 40.409345 1.000000 1.000000 1.000000 0.000000
205 0.000000 0.000000 0.000000
206 1 38.270903 5.613079 2.510095 1.000000 1.000000 1.000000 0.000000
206 0.000000 0.000000 0.000000
207 1 41.480120 85.253829 153.059856 1.000000 1.000000 1.000000 0.000000
207 0.000000 0.000000 0.000000
208 1 92.500995 82.635438 94.565610 1.000000 1.000000 1.000000 0.000000
208 0.000000 0.000000 0.000000
209 1 32.227058 88.429959 121.116034 1.000000 1.000000 1.000000 0.000000
209 0.000000 0.000000 0.000000
210 1 88.446685 36.559977 27.014947 1.000000 1.000000 1.000000 0.000000
210 0.000000 0.000000 0.000000
211 1 52.583383 78.780335 68.043696 1.000000 1.000000 1.000000 0.000000
211 0.000000 0.000000 0.000000
212 1 0.741608 99.009688 121.690499 1.000000 1.000000 1.000000 0.000000
212 0.000000 0.000000 0.000000
213 1 18.494844 44.291202 162.138709 1.000000 1.000000 1.000000 0.000000
213 0.000000 0.000000 0.000000
214 1 51.879773 36.778976 25.098897 1.000000 1.000000 1.000000 0.000000
214 0.000000 0.000000 0.000000
215 1 33.726008 21.814168 41.072071 1.000000 1.000000 1.000000 0.000000
215 0.000000 0.000000 0.000000
216 1 81.447992 39.805059 113.838028 1.000000 1.000000 1.000000 0.000000
216 0.000000 0.000000 0.000000
217 1 40.400407 29.614756 167.460758 1.000000 1.000000 1.000000 0.000000
217 0.000000 0.000000 0.000000
218 1 25.395213 49.734731 111.714168 1.000000 1.000000 1.000000 0.000000
218 0.000000 0.000000 0.000000
219 1 80.945396 75.109938 49.634742 1.000000 1.000000 1.000000 0.000000
219 0.000000 0.000000 0.000000
220 1 75.637448 67.879661 66.914706 1.000000 1.000000 1.000000 0.000000
220 0.000000 0.000000 0.000000
221 1 48.034361 35.670580 163.075840 1.000000 1.000000 1.000000 0.000000
221 0.000000 0.000000 0.000000
222 1 29.980587 18.822772 87.517576 1.000000 1.000000 1.000000 0.000000
222 0.000000 0.000000 0.000000
223 1 0.339257 71.477067 140.216359 1.000000 1.000000 1.000000 0.000000
223 0.000000 0.000000 0.000000
224 1 50.911411 20.278358 179.367574 1.000000 1.000000 1.000000 0.000000
224 0.000000 0.000000 0.000000
225 1 45.008624 12.521467 79.746389 1.000000 1.000000 1.000000 0.000000
225 0.000000 0.000000 0.000000
226 1 25.743571 85.521159 55.050860 1.000000 1.000000 1.000000 0.000000
226 0.000000 0.000000 0.000000
227 1 30.827101 7.147673 174.444762 1.000000 1.000000 1.000000 0.000000
227 0.000000 0.000000 0.000000
228 1 78.991022 81.403557 22.647888 1.000000 1.000000 1.000000 0.000000
228 0.000000 0.000000 0.000000
229 1 30.726640 74.857821 29.072430 1.000000 1.000000 1.000000 0.000000
229 0.000000 0.000000 0.000000
230 1 45.098122 34.752193 4.068344 1.000000 1.000000 1.000000 0.000000
230 0.000000 0.000000 0.000000
231 1 86.931542 34.859469 20.466889 1.000000 1.000000 1.000000 0.000000
231 0.000000 0.000000 0.000000
232 1 0.402277 60.939418 92.598786 1.000000 1.000000 1.000000 0.000000
232 0.000000 0.000000 0.000000
233 1 28.499603 86.296816 37.434756 1.000000 1.000000 1.000000 0.000000
233 0.000000 0.000000 0.000000
234 1 9.222719 89.103504 122.526186 1.000000 1.000000 1.000000 0.000000
234 0.000000 0.000000 0.000000
235 1 12.313712 78.688811 5.707954 1.000000 1.000000 1.000000 0.000000
235 0.000000 0.000000 0.000000
236 1 66.165749 19.289987 179.200988 1.000000 1.000000 1.000000 0.000000
236 0.000000 0.000000 0.000000
237 1 18.253336 59.464918 72.637814 1.000000 1.000000 1.000000 0.000000
237 0.000000 0.000000 0.000000
238 1 93.011283 51.918561 116.613039 1.000000 1.000000 1.000000 0.000000
238 0.000000 0.000000 0.000000
239 1 15.877684 61.251051 188.982115 1.000000 1.000000 1.000000 0.000000
239 0.000000 0.000000 0.000000
240 1 49.767200 35.962393 39.800965 1.000000 1.000000 1.000000 0.000000
240 0.000000 0.000000 0.000000
241 1 5.534367 23.485952 42.403750 1.000000 1.000000 1.000000 0.000000
241 0.000000 0.000000 0.000000
242 1 23.284026 88.006802 77.110784 1.000000 1.000000 1.000000 0.000000
242 0.000000 0.000000 0.000000
243 1 4.497499 31.288756 65.851227 1.000000 1.000000 1.000000 0.000000
243 0.000000 0.000000 0.000000
244 1 91.330927 62.602434 48.121399 1.000000 1.000000 1.000000 0.000000
244 0.000000 0.000000 0.000000
245 1 69.885447 3.974304 22.303034 1.000000 1.000000 1.000000 0.000000
245 0.000000 0.000000 0.000000
246 1 34.970734 46.439381 101.923787 1.000000 1.000000 1.000000 0.000000
246 0.000000 0.000000 0.000000
247 1 15.812002 30.688391 110.713935 1.000000 1.000000 1.000000 0.000000
247 0.000000 0.000000 0.000000
248 1 82.122693 39.347378 69.681151 1.000000 1.000000 1.000000 0.000000
248 0.000000 0.000000 0.000000
249 1 63.534611 78.297055 23.837158 1.000000 1.000000 1.000000 0.000000
249 0.000000 0.000000 0.000000
250 1 7.203492 90.175260 104.115646 1.000000 1.000000 1.000000 0.000000
250 0.000000 0.000000 0.000000
251 1 72.890394 18.234070 106.801576 1.000000 1.000000 1.000000 0.000000
251 0.000000 0.000000 0.000000
252 1 9.004170 50.669632 77.289862 1.000000 1.000000 1.000000 0.000000
252 0.000000 0.000000 0.000000
253 1 60.687674 63.193759 51.284574 1.000000 1.000000 1.000000 0.000000
253 0.000000 0.000000 0.000000
254 1 75.045156 53.534293 152.023124 1.000000 1.000000 1.000000 0.000000
254 0.000000 0.000000 0.000000
255 1 3.963430 16.905403 48.448785 1.000000 1.000000 1.000000 0.000000
255 0.000000 0.000000 0.000000
256 1 78.029019 27.891329 151.292616 1.000000 1.000000 1.000000 0.000000
256 0.000000 0.000000 0.000000
257 1 67.778949 65.269208 8.228216 1.000000 1.000000 1.000000 0.000000
257 0.000000 0.000000 0.000000
258 1 44.646908 1.889890 133.807350 1.000000 1.000000 1.000000 0.000000
258 0.000000 0.000000 0.000000
259 1 50.133278 14.908533 96.086130 1.000000 1.000000 1.000000 0.000000
259 0.000000 0.000000 0.000000
260 1 8.442829 50.038457 164.612857 1.000000 1.000000 1.000000 0.000000
260 0.000000 0.000000 0.000000
261 1 5.482997 74.727231 196.118147 1.000000 1.000000 1.000000 0.000000
261 0.000000 0.000000 0.000000
262 1 64.071883 15.350304 79.238441 1.000000 1.000000 1.000000 0.000000
262 0.000000 0.000000 0.000000
263 1 53.302194 78.862044 179.523998 1.000000 1.000000 1.000000 0.000000
263 0.000000 0.000000 0.000000
264 1 1.925861 65.142295 27.315950 1.000000 1.000000 1.000000 0.000000
264 0.000000 0.000000 0.000000
265 1 67.463435 52.790661 49.171962 1.000000 1.000000 1.000000 0.000000
265 0.000000 0.000000 0.000000
266 1 11.672772 14.768981 132.112550 1.000000 1.000000 1.000000 0.000000
266 0.000000 0.000000 0.000000
267 1 92.652036 47.965367 165.750756 1.000000 1.000000 1.000000 0.000000
267 0.000000 0.000000 0.000000
268 1 2.083572 65.430920 177.279391 1.000000 1.000000 1.000000 0.000000
268 0.000000 0.000000 0.000000
269 1 73.306355 36.106869 101.523440 1.000000 1.000000 1.000000 0.000000
269 0.000000 0.000000 0.000000
270 1 37.126113 26.402008 41.429177 1.000000 1.000000 1.000000 0.000000
270 0.000000 0.000000 0.000000
271 1 13.724635 40.111461 182.281955 1.000000 1.000000 1.000000 0.000000
271 0.000000 0.000000 0.000000
272 1 31.452526 18.449288 63.919242 1.000000 1.000000 1.000000 0.000000
272 0.000000 0.000000 0.000000
273 1 58.180611 82.739341 194.478833 1.000000 1.000000 1.000000 0.000000
273 0.000000 0.000000 0.000000
274 1 80.430989 68.187376 47.738923 1.000000 1.000000 1.000000 0.000000
274 0.000000 0.000000 0.000000
275 1 14.539997 1.791922 71.859920 1.000000 1.000000 1.000000 0.000000
275 0.000000 0.000000 0.000000
276 1 70.337584 76.318748 92.536020 1.000000 1.000000 1.000000 0.000000
276 0.000000 0.000000 0.000000
277 1 67.775745 82.627898 150.773638 1.000000 1.000000 1.000000 0.000000
277 0.000000 0.000000 0.000000
278 1 92.437223 84.955213 115.054486 1.000000 1.000000 1.000000 0.000000
278 0.000000 0.000000 0.000000
279 1 12.741588 84.187581 58.444437 1.000000 1.000000 1.000000 0.000000
279 0.000000 0.000000 0.000000
280 1 83.967023 21.149446 116.641623 1.000000 1.000000 1.000000 0.000000
280 0.000000 0.000000 0.000000
281 1 89.137419 28.833853 160.432553 1.000000 1.000000 1.000000 0.000000
281 0.000000 0.000000 0.000000
282 1 8.398126 91.676830 25.045563 1.000000 1.000000 1.000000 0.000000
282 0.000000 0.000000 0.000000
283 1 58.436310 39.188234 71.270621 1.000000 1.000000 1.000000 0.000000
283 0.000000 0.000000 0.000000
284 1 91.389582 34.962274 1.513170 1.000000 1.000000 1.000000 0.000000
284 0.000000 0.000000 0.000000
285 1 65.756658 84.410513 53.103273 1.000000 1.000000 1.000000 0.000000
285 0.000000 0.000000 0.000000
286 1 44.202476 60.677699 46.727053 1.000000 1.000000 1.000000 0.000000
286 0.000000 0.000000 0.000000
287 1 45.410182 57.942827 37.984401 1.000000 1.000000 1.000000 0.000000
287 0.000000 0.000000 0.000000
288 1 33.655886 44.865695 81.038158 1.000000 1.000000 1.000000 0.000000
288 0.000000 0.000000 0.000000
289 1 17.151247 44.969412 94.686255 1.000000 1.000000 1.000000 0.000000
289 0.000000 0.000000 0.000000
290 1 69.814021 95.679431 86.155620 1.000000 1.000000 1.000000 0.000000
290 0.000000 0.000000 0.000000
291 1 71.788510 26.847908 60.328955 1.000000 1.000000 1.000000 0.000000
291 0.000000 0.000000 0.000000
292 1 93.749968 62.654991 109.117366 1.000000 1.000000 1.000000 0.000000
292 0.000000 0.000000 0.000000
293 1 93.501765 7.512732 74.837323 1.000000 1.000000 1.000000 0.000000
293 0.000000 0.000000 0.000000
294 1 25.191364 56.679564 102.002068 1.000000 1.000000 1.000000 0.000000
294 0.000000 0.000000 0.000000
295 1 17.831432 38.847950 99.875610 1.000000 1.000000 1.000000 0.000000
295 0.000000 0.000000 0.000000
296 1 28.321049 76.946526 57.251260 1.000000 1.000000 1.000000 0.000000
296 0.000000 0.000000 0.000000
297 1 17.890919 11.341786 171.933833 1.000000 1.000000 1.000000 0.000000
297 0.000000 0.000000 0.000000
298 1 76.579941 11.780528 92.221458 1.000000 1.000000 1.000000 0.000000
298 0.000000 0.000000 0.000000
299 1 66.146177 39.869683 2.034797 1.000000 1.000000 1.000000 0.000000
299 0.000000 0.000000 0.000000
300 1 77.495705 76.433673 44.008929 1.000000 1.000000 1.000000 0.000000
300 0.000000 0.000000 0.000000
301 1 76.775259 20.016738 55.963446 1.000000 1.000000 1.000000 0.000000
301 0.000000 0.000000 0.000000
302 1 56.992105 30.876377 1.984525 1.000000 1.000000 1.000000 0.000000
302 0.000000 0.000000 0.000000
303 1 48.337449 76.195280 189.635542 1.000000 1.000000 1.000000 0.000000
303 0.000000 0.000000 0.000000
304 1 31.918283 15.507082 47.238820 1.000000 1.000000 1.000000 0.000000
304 0.000000 0.000000 0.000000
305 1 55.206497 97.522132 103.577927 1.000000 1.000000 1.000000 0.000000
305 0.000000 0.000000 0.000000
306 1 49.558482 62.296440 78.494181 1.000000 1.000000 1.000000 0.000000
306 0.000000 0.000000 0.000000
307 1 32.783907 55.691354 118.285479 1.000000 1.000000 1.000000 0.000000
307 0.000000 0.000000 0.000000
308 1 33.643243 86.125809 163.958040 1.000000 1.000000 1.000000 0.000000
308 0.000000 0.000000 0.000000
309 1 10.158431 92.707183 197.041231 1.000000 1.000000 1.000000 0.000000
309 0.000000 0.000000 0.000000
310 1 31.247078 90.423493 125.551093 1.000000 1.000000 1.000000 0.000000
310 0.000000 0.000000 0.000000
311 1 1.115342 84.534383 148.716587 1.000000 1.000000 1.000000 0.000000
311 0.000000 0.000000 0.000000
312 1 33.621968 26.850837 41.728069 1.000000 1.000000 1.000000 0.000000
312 0.000000 0.000000 0.000000
313 1 42.387068 10.924216 149.762315 1.000000 1.000000 1.000000 0.000000
313 0.000000 0.000000 0.000000
314 1 53.192471 72.800869 31.569226 1.000000 1.000000 1.000000 0.000000
314 0.000000 0.000000 0.000000
315 1 61.627050 30.962981 55.680025 1.000000 1.000000 1.000000 0.000000
315 0.000000 0.000000 0.000000
316 1 4.164314 86.298616 154.944740 1.000000 1.000000 1.000000 0.000000
316 0.000000 0.000000 0.000000
317 1 78.672749 55.189960 0.201245 1.000000 1.000000 1.000000 0.000000
317 0.000000 0.000000 0.000000
318 1 94.146094 29.548434 138.311565 1.000000 1.000000 1.000000 0.000000
318 0.000000 0.000000 0.000000
319 1 99.434694 22.197951 130.951806 1.000000 1.000000 1.000000 0.000000
319 0.000000 0.000000 0.000000
320 1 38.243079 19.226831 115.512138 1.000000 1.000000 1.000000 0.000000
320 0.000000 0.000000 0.000000
321 1 11.535184 8.683773 139.169981 1.000000 1.000000 1.000000 0.000000
321 0.000000 0.000000 0.000000
322 1 16.828333 95.765261 195.438058 1.000000 1.000000 1.000000 0.000000
322 0.000000 0.000000 0.000000
323 1 82.172741 44.560813 127.881274 1.000000 1.000000 1.000000 0.000000
323 0.000000 0.000000 0.000000
324 1 50.838697 80.406300 55.369776 1.000000 1.000000 1.000000 0.000000
324 0.000000 0.000000 0.000000
325 1 41.844226 42.919327 97.422827 1.000000 1.000000 1.000000 0.000000
325 0.000000 0.000000 0.000000
326 1 3.265633 66.881080 46.320364 1.000000 1.000000 1.000000 0.000000
326 0.000000 0.000000 0.000000
327 1 6.516396 75.092115 177.881570 1.000000 1.000000 1.000000 0.000000
327 0.000000 0.000000 0.000000
328 1 83.120858 73.930939 146.027161 1.000000 1.000000 1.000000 0.000000
328 0.000000 0.000000 0.000000
329 1 24.889936 0.095552 114.808130 1.000000 1.000000 1.000000 0.000000
329 0.000000 0.000000 0.000000
330 1 46.031586 87.028816 61.039799 1.000000 1.000000 1.000000 0.000000
330 0.000000 0.000000 0.000000
331 1 78.120829 86.118046 65.905870 1.000000 1.000000 1.000000 0.000000
331 0.000000 0.000000 0.000000
332 1 3.086229 45.664971 170.099678 1.000000 1.000000 1.000000 0.000000
332 0.000000 0.000000 0.000000
333 1 82.959555 50.474973 29.032336 1.000000 1.000000 1.000000 0.000000
333 0.000000 0.000000 0.000000
334 1 24.144888 59.800443 92.127818 1.000000 1.000000 1.000000 0.000000
334 0.000000 0.000000 0.000000
335 1 4.015667 56.116665 50.664520 1.000000 1.000000 1.000000 0.000000
335 0.000000 0.000000 0.000000
336 1 64.035233 47.150073 61.015663 1.000000 1.000000 1.000000 0.000000
336 0.000000 0.000000 0.000000
337 1 25.308345 43.656605 106.107652 1.000000 1.000000 1.000000 0.000000
337 0.000000 0.000000 0.000000
338 1 67.123799 36.763196 140.917886 1.000000 1.000000 1.000000 0.000000
338 0.000000 0.000000 0.000000
339 1 91.653376 31.977416 40.392338 1.000000 1.000000 1.000000 0.000000
339 0.000000 0.000000 0.000000
340 1 59.635024 61.292088 166.080022 1.000000 1.000000 1.000000 0.000000
340 0.000000 0.000000 0.000000
341 1 1.681466 91.861257 22.471749 1.000000 1.000000 1.000000 0.000000
341 0.000000 0.000000 0.000000
342 1 86.957748 56.775701 35.759310 1.000000 1.000000 1.000000 0.000000
342 0.000000 0.000000 0.000000
343 1 14.839527 11.600461 104.049827 1.000000 1.000000 1.000000 0.000000
343 0.000000 0.000000 0.000000
344 1 2.350819 91.780107 19.565294 1.000000 1.000000 1.000000 0.000000
344 0.000000 0.000000 0.000000
345 1 38.243827 54.210428 154.215654 1.000000 1.000000 1.000000 0.000000
345 0.000000 0.000000 0.000000
346 1 32.233031 42.497292 62.562772 1.000000 1.000000 1.000000 0.000000
346 0.000000 0.000000 0.000000
347 1 44.248104 88.232584 7.829211 1.000000 1.000000 1.000000 0.000000
347 0.000000 0.000000 0.000000
348 1 87.743859 98.461006 106.906447 1.000000 1.000000 1.000000 0.000000
348 0.000000 0.000000 0.000000
349 1 75.289703 17.261284 148.414313 1.000000 1.000000 1.000000 0.000000
349 0.000000 0.000000 0.000000
350 1 4.787659 17.373963 77.727034 1.000000 1.000000 1.000000 0.000000
350 0.000000 0.000000 0.000000
351 1 38.001250 11.460571 191.564190 1.000000 1.000000 1.000000 0.000000
351 0.000000 0.000000 0.000000
352 1 36.095405 94.662861 151.619600 1.000000 1.000000 1.000000 0.000000
352 0.000000 0.000000 0.000000
353 1 65.366956 56.798030 129.772071 1.000000 1.000000 1.000000 0.000000
353 0.000000 0.000000 0.000000
354 1 53.865100 10.161961 62.167031 1.000000 1.000000 1.000000 0.000000
354 0.000000 0.000000 0.000000
355 1 70.247065 76.309646 106.432273 1.000000 1.000000 1.000000 0.000000
355 0.000000 0.000000 0.000000
356 1 62.680017 99.130967 116.842229 1.000000 1.000000 1.000000 0.000000
356 0.000000 0.000000 0.000000
357 1 30.274973 79.683535 34.357290 1.000000 1.000000 1.000000 0.000000
357 0.000000 0.000000 0.000000
358 1 58.446789 44.421939 117.993769 1.000000 1.000000 1.000000 0.000000
358 0.000000 0.000000 0.000000
359 1 60.733217 38.691306 169.757823 1.000000 1.000000 1.000000 0.000000
359 0.000000 0.000000 0.000000
360 1 77.988073 15.135255 198.153649 1.000000 1.000000 1.000000 0.000000
360 0.000000 0.000000 0.000000
361 1 58.106244 13.507835 99.984195 1.000000 1.000000 1.000000 0.000000
361 0.000000 0.000000 0.000000
362 1 37.369823 80.162392 133.959044 1.000000 1.000000 1.000000 0.000000
362 0.000000 0.000000 0.000000
363 1 20.769934 23.440148 29.533483 1.000000 1.000000 1.000000 0.000000
363 0.000000 0.000000 0.000000
364 1 7.026901 3.158775 107.612081 1.000000 1.000000 1.000000 0.000000
364 0.000000 0.000000 0.000000
365 1 40.588848 70.725314 0.661951 1.000000 1.000000 1.000000 0.000000
365 0.000000 0.000000 0.000000
366 1 84.992524 90.868160 132.222714 1.000000 1.000000 1.000000 0.000000
366 0.000000 0.000000 0.000000
367 1 62.497847 66.479689 47.693013 1.000000 1.000000 1.000000 0.000000
367 0.000000 0.000000 0.000000
368 1 45.490845 89.286548 125.838791 1.000000 1.000000 1.000000 0.000000
368 0.000000 0.000000 0.000000
369 1 92.694338 13.981293 191.808663 1.000000 1.000000 1.000000 0.000000
369 0.000000 0.000000 0.000000
370 1 31.739004 34.942158 123.128337 1.000000 1.000000 1.000000 0.000000
370 0.000000 0.000000 0.000000
371 1 31.091730 73.970992 166.958665 1.000000 1.000000 1.000000 0.000000
371 0.000000 0.000000 0.000000
372 1 12.784106 88.179925 144.987105 1.000000 1.000000 1.000000 0.000000
372 0.000000 0.000000 0.000000
373 1 60.699814 94.347244 128.058019 1.000000 1.000000 1.000000 0.000000
373 0.000000 0.000000 0.000000
374 1 32.397702 5.082148 5.571220 1.000000 1.000000 1.000000 0.000000
374 0.000000 0.000000 0.000000
375 1 86.991711 46.880557 136.791730 1.000000 1.000000 1.000000 0.000000
375 0.000000 0.000000 0.000000
376 1 82.402815 1.942450 149.980624 1.000000 1.000000 1.000000 0.000000
376 0.000000 0.000000 0.000000
377 1 95.260519 64.154771 97.239787 1.000000 1.000000 1.000000 0.000000
377 0.000000 0.000000 0.000000
378 1 1.414810 67.078016 47.689471 1.000000 1.000000 1.000000 0.000000
378 0.000000 0.000000 0.000000
379 1 63.484272 97.357689 77.319635 1.000000 1.000000 1.000000 0.000000
379 0.000000 0.000000 0.000000
380 1 65.154923 89.417184 37.106490 1.000000 1.000000 1.000000 0.000000
380 0.000000 0.000000 0.000000
381 1 4.218483 24.543920 96.440738 1.000000 1.000000 1.000000 0.000000
381 0.000000 0.000000 0.000000
382 1 34.447448 80.441506 161.623713 1.000000 1.000000 1.000000 0.000000
382 0.000000 0.000000 0.000000
383 1 87.915708 34.625407 161.310586 1.000000 1.000000 1.000000 0.000000
383 0.000000 0.000000 0.000000
384 1 31.672718 73.838519 112.232431 1.000000 1.000000 1.000000 0.000000
384 0.000000 0.000000 0.000000
385 1 6.524306 26.544090 145.147824 1.000000 1.000000 1.000000 0.000000
385 0.000000 0.000000 0.000000
386 1 14.168726 21.770462 30.741110 1.000000 1.000000 1.000000 0.000000
386 0.000000 0.000000 0.000000
387 1 85.273474 92.085879 191.590938 1.000000 1.000000 1.000000 0.000000
387 0.000000 0.000000 0.000000
388 1 54.894895 90.769907 178.055121 1.000000 1.000000 1.000000 0.000000
388 0.000000 0.000000 0.000000
389 1 0.638421 70.052036 166.583147 1.000000 1.000000 1.000000 0.000000
389 0.000000 0.000000 0.000000
390 1 36.538700 18.759305 14.804757 1.000000 1.000000 1.000000 0.000000
390 0.000000 0.000000 0.000000
391 1 20.953328 88.775718 46.634836 1.000000 1.000000 1.000000 0.000000
391 0.000000 0.000000 0.000000
392 1 34.046168 97.261854 78.353112 1.000000 1.000000 1.000000 0.000000
392 0.000000 0.000000 0.000000
393 1 0.692175 2.800899 129.197585 1.000000 1.000000 1.000000 0.000000
393 0.000000 0.000000 0.000000
394 1 22.654398 63.051817 173.355224 1.000000 1.000000 1.000000 0.000000
394 0.000000 0.000000 0.000000
395 1 54.479686 62.507063 11.971026 1.000000 1.000000 1.000000 0.000000
395 0.000000 0.000000 0.000000
396 1 35.516373 47.933373 45.513067 1.000000 1.000000 1.000000 0.000000
396 0.000000 0.000000 0.000000
397 1 32.711112 47.278740 54.179003 1.000000 1.000000 1.000000 0.000000
397 0.000000 0.000000 0.000000
398 1 79.982037 90.597302 37.388334 1.000000 1.000000 1.000000 0.000000
398 0.000000 0.000000 0.000000
399 1 62.632975 60.831255 37.757090 1.000000 1.000000 1.000000 0.000000
399 0.000000 0.000000 0.000000
400 1 20.932125 51.467102 13.639622 1.000000 1.000000 1.000000 0.000000
400 0.000000 0.000000 0.000000
401 1 68.669577 10.979101 33.496444 1.000000 1.000000 1.000000 0.000000
401 0.000000 0.000000 0.000000
402 1 75.516899 48.812876 183.572582 1.000000 1.000000 1.000000 0.000000
402 0.000000 0.000000 0.000000
403 1 34.175764 80.399937 117.955848 1.000000 1.000000 1.000000 0.000000
403 0.000000 0.000000 0.000000
404 1 17.114797 3.746521 77.680189 1.000000 1.000000 1.000000 0.000000
404 0.000000 0.000000 0.000000
405 1 92.333594 55.480813 26.276924 1.000000 1.000000 1.000000 0.000000
405 0.000000 0.000000 0.000000
406 1 44.311434 19.803289 122.508396 1.000000 1.000000 1.000000 0.000000
406 0.000000 0.000000 0.000000
407 1 95.139238 4.393998 195.009709 1.000000 1.000000 1.000000 0.000000
407 0.000000 0.000000 0.000000
408 1 82.062400 36.070443 76.724082 1.000000 1.000000 1.000000 0.000000
408 0.000000 0.000000 0.000000
409 1 41.512172 9.096413 130.187545 1.000000 1.000000 1.000000 0.000000
409 0.000000 0.000000 0.000000
410 1 32.931828 23.732040 120.794157 1.000000 1.000000 1.000000 0.000000
410 0.000000 0.000000 0.000000
411 1 63.665661 34.356485 44.689453 1.000000 1.000000 1.000000 0.000000
411 0.000000 0.000000 0.000000
412 1 68.412093 89.681289 126.963742 1.000000 1.000000 1.000000 0.000000
412 0.000000 0.000000 0.000000
413 1 81.464547 20.722790 15.532649 1.000000 1.000000 1.000000 0.000000
413 0.000000 0.000000 0.000000
414 1 12.617974 91.348045 63.260614 1.000000 1.000000 1.000000 0.000000
414 0.000000 0.000000 0.000000
415 1 95.973698 3.676237 61.154808 1.000000 1.000000 1.000000 0.000000
415 0.000000 0.000000 0.000000
416 1 48.298703 92.803215 197.029881 1.000000 1.000000 1.000000 0.000000
416 0.000000 0.000000 0.000000
417 1 90.245757 34.899432 150.451098 1.000000 1.000000 1.000000 0.000000
417 0.000000 0.000000 0.000000
418 1 27.180931 6.003923 43.465976 1.000000 1.000000 1.000000 0.000000
418 0.000000 0.000000 0.000000
419 1 86.855507 72.931992 88.625982 1.000000 1.000000 1.000000 0.000000
419 0.000000 0.000000 0.000000
420 1 5.247029 29.247935 78.196412 1.000000 1.000000 1.000000 0.000000
420 0.000000 0.000000 0.000000
421 1 22.407159 96.069314 195.547688 1.000000 1.000000 1.000000 0.000000
421 0.000000 0.000000 0.000000
422 1 22.536509 31.818115 180.004512 1.000000 1.000000 1.000000 0.000000
422 0.000000 0.000000 0.000000
423 1 56.885534 16.957072 79.239728 1.000000 1.000000 1.000000 0.000000
423 0.000000 0.000000 0.000000
424 1 3.365352 27.522683 166.154677 1.000000 1.000000 1.000000 0.000000
424 0.000000 0.000000 0.000000
425 1 49.849016 27.650974 195.702907 1.000000 1.000000 1.000000 0.000000
425 0.000000 0.000000 0.000000
426 1 33.850693 80.886509 187.682269 1.000000 1.000000 1.000000 0.000000
426 0.000000 0.000000 0.000000
427 1 24.550975 3.805433 165.879047 1.000000 1.000000 1.000000 0.000000
427 0.000000 0.000000 0.000000
428 1 11.788726 44.113575 70.713216 1.000000 1.000000 1.000000 0.000000
428 0.000000 0.000000 0.000000
429 1 58.323578 70.468459 157.401087 1.000000 1.000000 1.000000 0.000000
429 0.000000 0.000000 0.000000
430 1 23.460826 59.960248 3.207189 1.000000 1.000000 1.000000 0.000000
430 0.000000 0.000000 0.000000
431 1 20.797237 36.198829 90.305114 1.000000 1.000000 1.000000 0.000000
431 0.000000 0.000000 0.000000
432 1 46.441204 80.889015 37.797256 1.000000 1.000000 1.000000 0.000000
432 0.000000 0.000000 0.000000
433 1 94.685104 42.509558 161.298296 1.000000 1.000000 1.000000 0.000000
433 0.000000 0.000000 0.000000
434 1 76.470970 37.321264 100.225125 1.000000 1.000000 1.000000 0.000000
434 0.000000 0.000000 0.000000
435 1 43.934680 70.575379 180.870922 1.000000 1.000000 1.000000 0.000000
435 0.000000 0.000000 0.000000
436 1 9.431798 48.067678 69.737163 1.000000 1.000000 1.000000 0.000000
436 0.000000 0.000000 0.000000
437 1 26.432584 12.065411 175.142156 1.000000 1.000000 1.000000 0.000000
437 0.000000 0.000000 0.000000
438 1 8.367594 69.920853 135.395396 1.000000 1.000000 1.000000 0.000000
438 0.000000 0.000000 0.000000
439 1 44.161419 0.724940 67.487419 1.000000 1.000000 1.000000 0.000000
439 0.000000 0.000000 0.000000
440 1 38.617713 83.151899 72.103294 1.000000 1.000000 1.000000 0.000000
440 0.000000 0.000000 0.000000
441 1 92.806537 74.203803 119.646713 1.000000 1.000000 1.000000 0.000000
441 0.000000 0.000000 0.000000
442 1 78.617870 79.955785 128.706794 1.000000 1.000000 1.000000 0.000000
442 0.000000 0.000000 0.000000
443 1 43.135222 90.039931 149.715787 1.000000 1.000000 1.000000 0.000000
443 0.000000 0.000000 0.000000
444 1 2.181397 87.360479 57.395176 1.000000 1.000000 1.000000 0.000000
444 0.000000 0.000000 0.000000
445 1 31.882637 65.945460 41.722975 1.000000 1.000000 1.000000 0.000000
445 0.000000 0.000000 0.000000
446 1 30.588746 32.257917 85.038100 1.000000 1.000000 1.000000 0.000000
446 0.000000 0.000000 0.000000
447 1 14.192195 53.359752 104.482237 1.000000 1.000000 1.000000 0.000000
447 0.000000 0.000000 0.000000
448 1 74.237355 77.982383 116.715661 1.000000 1.000000 1.000000 0.000000
448 0.000000 0.000000 0.000000
449 1 17.335795 21.545800 74.768407 1.000000 1.000000 1.000000 0.000000
449 0.000000 0.000000 0.000000
450 1 31.169679 60.750733 192.404289 1.000000 1.000000 1.000000 0.000000
450 0.000000 0.000000 0.000000
451 1 74.225792 2.132419 9.941651 1.000000 1.000000 1.000000 0.000000
451 0.000000 0.000000 0.000000
452 1 5.922808 95.997225 65.306858 1.000000 1.000000 1.000000 0.000000
452 0.000000 0.000000 0.000000
453 1 89.461692 11.201710 4.906997 1.000000 1.000000 1.000000 0.000000
453 0.000000 0.000000 0.000000
454 1 40.246733 64.246720 128.048743 1.000000 1.000000 1.000000 0.000000
454 0.000000 0.000000 0.000000
455 1 68.796375 57.742893 111.880620 1.000000 1.000000 1.000000 0.000000
455 0.000000 0.000000 0.000000
456 1 96.980868 93.802511 85.179706 1.000000 1.000000 1.000000 0.000000
456 0.000000 0.000000 0.000000
457 1 79.630713 43.280874 155.015485 1.000000 1.000000 1.000000 0.000000
457 0.000000 0.000000 0.000000
458 1 25.775735 1.791492 78.656195 1.000000 1.000000 1.000000 0.000000
458 0.000000 0.000000 0.000000
459 1 79.282788 43.385972 114.350885 1.000000 1.000000 1.000000 0.000000
459 0.000000 0.000000 0.000000
460 1 16.076430 18.414122 47.756562 1.000000 1.000000 1.000000 0.000000
460 0.000000 0.000000 0.000000
461 1 18.217147 1.435257 38.375320 1.000000 1.000000 1.000000 0.000000
461 0.000000 0.000000 0.000000
462 1 22.985554 84.746109 186.291131 1.000000 1.000000 1.000000 0.000000
462 0.000000 0.000000 0.000000
463 1 92.696155 38.541210 159.151107 1.000000 1.000000 1.000000 0.000000
463 0.000000 0.000000 0.000000
464 1 10.035996 54.171396 61.183580 1.000000 1.000000 1.000000 0.000000
464 0.000000 0.000000 0.000000
465 1 98.092193 87.066424 61.549615 1.000000 1.000000 1.000000 0.000000
465 0.000000 0.000000 0.000000
466 1 61.661527 54.364402 179.373493 1.000000 1.000000 1.000000 0.000000
466 0.000000 0.000000 0.000000
467 1 44.395318 70.904370 163.266243 1.000000 1.000000 1.000000 0.000000
467 0.000000 0.000000 0.000000
468 1 63.714552 81.205165 75.059715 1.000000 1.000000 1.000000 0.000000
468 0.000000 0.000000 0.000000
469 1 46.271231 90.976599 18.002587 1.000000 1.000000 1.000000 0.000000
469 0.000000 0.000000 0.000000
470 1 12.551849 14.198774 163.448540 1.000000 1.000000 1.000000 0.000000
470 0.000000 0.000000 0.000000
471 1 75.118284 78.586950 99.631009 1.000000 1.000000 1.000000 0.000000
471 0.000000 0.000000 0.000000
472 1 89.234724 98.345804 149.725659 1.000000 1.000000 1.000000 0.000000
472 0.000000 0.000000 0.000000
473 1 15.115313 60.478169 53.531570 1.000000 1.000000 1.000000 0.000000
473 0.000000 0.000000 0.000000
474 1 4.455751 59.521995 4.978537 1.000000 1.000000 1.000000 0.000000
474 0.000000 0.000000 0.000000
475 1 32.356108 85.198294 45.755353 1.000000 1.000000 1.000000 0.000000
475 0.000000 0.000000 0.000000
476 1 49.654462 83.807533 100.672785 1.000000 1.000000 1.000000 0.000000
476 0.000000 0.000000 0.000000
477 1 83.603936 94.161227 18.597887 1.000000 1.000000 1.000000 0.000000
477 0.000000 0.000000 0.000000
478 1 0.705063 63.936283 106.037040 1.000000 1.000000 1.000000 0.000000
478 0.000000 0.000000 0.000000
479 1 69.914528 75.947225 192.497153 1.000000 1.000000 1.000000 0.000000
479 0.000000 0.000000 0.000000
480 1 27.223547 10.701639 48.852956 1.000000 1.000000 1.000000 0.000000
480 0.000000 0.000000 0.000000
481 1 0.027502 3.619154 183.672930 1.000000 1.000000 1.000000 0.000000
481 0.000000 0.000000 0.000000
482 1 78.003176 84.788514 93.342650 1.000000 1.000000 1.000000 0.000000
482 0.000000 0.000000 0.000000
483 1 97.866379 56.503348 11.740869 1.000000 1.000000 1.000000 0.000000
483 0.000000 0.000000 0.000000
484 1 86.994975 99.012914 44.416213 1.000000 1.000000 1.000000 0.000000
484 0.000000 0.000000 0.000000
485 1 3.997817 26.239595 176.424631 1.000000 1.000000 1.000000 0.000000
485 0.000000 0.000000 0.000000
486 1 28.238954 14.137143 94.956551 1.000000 1.000000 1.000000 0.000000
486 0.000000 0.000000 0.000000
487 1 55.888969 51.147532 194.652063 1.000000 1.000000 1.000000 0.000000
487 0.000000 0.000000 0.000000
488 1 5.065255 53.588027 91.254781 1.000000 1.000000 1.000000 0.000000
488 0.000000 0.000000 0.000000
489 1 86.705814 36.242057 40.083105 1.000000 1.000000 1.000000 0.000000
489 0.000000 0.000000 0.000000
490 1 70.128344 42.011339 164.232609 1.000000 1.000000 1.000000 0.000000
490 0.000000 0.000000 0.000000
491 1 63.591631 91.395121 74.577740 1.000000 1.000000 1.000000 0.000000
491 0.000000 0.000000 0.000000
492 1 74.844731 16.033603 199.465944 1.000000 1.000000 1.000000 0.000000
492 0.000000 0.000000 0.000000
493 1 85.934145 52.752451 27.440024 1.000000 1.000000 1.000000 0.000000
493 0.000000 0.000000 0.000000
494 1 62.680162 98.316472 17.987694 1.000000 1.000000 1.000000 0.000000
494 0.000000 0.000000 0.000000
495 1 23.613916 2.435567 18.584784 1.000000 1.000000 1.000000 0.000000
495 0.000000 0.000000 0.000000
496 1 72.559001 28.989050 170.551894 1.000000 1.000000 1.000000 0.000000
496 0.000000 0.000000 0.000000
497 1 8.484792 91.430619 3.869489 1.000000 1.000000 1.000000 0.000000
497 0.000000 0.000000 0.000000
498 1 26.270894 68.995512 177.975220 1.000000 1.000000 1.000000 0.000000
498 0.000000 0.000000 0.000000
499 1 1.320282 86.988135 67.049329 1.000000 1.000000 1.000000 0.000000
499 0.000000 0.000000 0.000000
