RESTART FILE
Timestep: 100

NUMBER OF PARTICLES
500

SIMULATION BOX
100 100 200

TIMESTEP
0.1

ATTRACTION RADIUS
1
0 

AGGREGATES/BEADS
0 1 95.748714 77.896077 49.555019 1.000000 1.000000 1.000000 0.000000
0 0.000000 0.000000 0.000000
1 1 84.140921 11.762379 136.981775 1.000000 1.000000 1.000000 0.000000
1 0.000000 0.000000 0.000000
2 1 27.547620 0.940306 36.023847 1.000000 1.000000 1.000000 0.000000
2 0.000000 0.000000 0.000000
3 1 0.535874 75.693976 123.008914 1.000000 1.000000 1.000000 0.000000
3 0.000000 0.000000 0.000000
4 1 32.563895 87.549529 109.500939 1.000000 1.000000 1.000000 0.000000
4 0.000000 0.000000 0.000000
5 1 27.358419 63.717506 183.137202 1.000000 1.000000 1.000000 0.000000
5 0.000000 0.000000 0.000000
6 1 77.169659 12.565597 193.800460 1.000000 1.000000 1.000000 0.000000
6 0.000000 0.000000 0.000000
7 1 70.283408 17.106559 148.733350 1.000000 1.000000 1.000000 0.000000
7 0.000000 0.000000 0.000000
8 1 56.217855 94.634723 103.579112 1.000000 1.000000 1.000000 0.000000
8 0.000000 0.000000 0.000000
9 1 38.821452 26.756672 48.668600 1.000000 1.000000 1.000000 0.000000
9 0.000000 0.000000 0.000000
10 1 0.986742 0.251185 34.558046 1.000000 1.000000 1.000000 0.000000
10 0.000000 0.000000 0.000000
11 1 24.691214 49.799169 14.597534 1.000000 1.000000 1.000000 0.000000
11 0.000000 0.000000 0.000000
12 1 75.190014 77.098536 82.177766 1.000000 1.000000 1.000000 0.000000
12 0.000000 0.000000 0.000000
13 1 60.899668 61.977673 25.815799 1.000000 1.000000 1.000000 0.000000
13 0.000000 0.000000 0.000000
14 1 34.459813 39.120692 24.415650 1.000000 1.000000 1.000000 0.000000
14 0.000000 0.000000 0.000000
15 1 52.199982 52.207970 188.285641 1.000000 1.000000 1.000000 0.000000
15 0.000000 0.000000 0.000000
16 1 62.438898 69.164669 8.618328 1.000000 1.000000 1.000000 0.000000
16 0.000000 0.000000 0.000000
17 1 88.437027 77.288145 84.885082 1.000000 1.000000 1.000000 0.000000
17 0.000000 0.000000 0.000000
18 1 77.042553 87.214745 184.839764 1.000000 1.000000 1.000000 0.000000
18 0.000000 0.000000 0.000000
19 1 50.358233 57.741239 181.345762 1.000000 1.000000 1.000000 0.000000
19 0.000000 0.000000 0.000000
20 1 79.816919 1.963071 124.683694 1.000000 1.000000 1.000000 0.000000
20 0.000000 0.000000 0.000000
21 1 6.081090 35.442201 39.193479 1.000000 1.000000 1.000000 0.000000
21 0.000000 0.000000 0.000000
22 1 62.041285 27.694143 142.558604 1.000000 1.000000 1.000000 0.000000
22 0.000000 0.000000 0.000000
23 1 77.443168 55.413690 100.278082 1.000000 1.000000 1.000000 0.000000
23 0.000000 0.000000 0.000000
24 1 28.397031 73.418112 80.164755 1.000000 1.000000 1.000000 0.000000
24 0.000000 0.000000 0.000000
25 1 80.665254 86.221426 84.137253 1.000000 1.000000 1.000000 0.000000
25 0.000000 0.000000 0.000000
26 1 97.671383 36.174503 48.362499 1.000000 1.000000 1.000000 0.000000
26 0.000000 0.000000 0.000000
27 1 57.852190 77.838674 13.230001 1.000000 1.000000 1.000000 0.000000
27 0.000000 0.000000 0.000000
28 1 63.599483 90.164259 74.547502 1.000000 1.000000 1.000000 0.000000
28 0.000000 0.000000 0.000000
29 1 45.373287 37.287111 22.307653 1.000000 1.000000 1.000000 0.000000
29 0.000000 0.000000 0.000000
30 1 18.817970 38.324946 198.492493 1.000000 1.000000 1.000000 0.000000
30 0.000000 0.000000 0.000000
31 1 90.912951 42.936616 12.012086 1.000000 1.000000 1.000000 0.000000
31 0.000000 0.000000 0.000000
32 1 13.282671 58.450666 179.968754 1.000000 1.000000 1.000000 0.000000
32 0.000000 0.000000 0.000000
33 1 80.481086 49.999715 25.440789 1.000000 1.000000 1.000000 0.000000
33 0.000000 0.000000 0.000000
34 1 4.389073 5.028723 58.225372 1.000000 1.000000 1.000000 0.000000
34 0.000000 0.000000 0.000000
35 1 23.838849 23.687499 29.864998 1.000000 1.000000 1.000000 0.000000
35 0.000000 0.000000 0.000000
36 1 79.133199 92.185374 48.254929 1.000000 1.000000 1.000000 0.000000
36 0.000000 0.000000 0.000000
37 1 6.731492 13.835977 140.002812 1.000000 1.000000 1.000000 0.000000
37 0.000000 0.000000 0.000000
38 1 66.232244 59.677030 70.290816 1.000000 1.000000 1.000000 0.000000
38 0.000000 0.000000 0.000000
39 1 37.320873 1.612503 18.255450 1.000000 1.000000 1.000000 0.000000
39 0.000000 0.000000 0.000000
40 1 97.493673 5.684043 80.920930 1.000000 1.000000 1.000000 0.000000
40 0.000000 0.000000 0.000000
41 1 72.043513 22.977200 100.095600 1.000000 1.000000 1.000000 0.000000
41 0.000000 0.000000 0.000000
42 1 28.537305 78.109029 131.351422 1.000000 1.000000 1.000000 0.000000
42 0.000000 0.000000 0.000000
43 1 31.210652 64.378175 3.454303 1.000000 1.000000 1.000000 0.000000
43 0.000000 0.000000 0.000000
44 1 61.325033 64.657264 115.974842 1.000000 1.000000 1.000000 0.000000
44 0.000000 0.000000 0.000000
45 1 49.203114 96.128777 85.346621 1.000000 1.000000 1.000000 0.000000
45 0.000000 0.000000 0.000000
46 1 43.663125 91.418187 67.861659 1.000000 1.000000 1.000000 0.000000
46 0.000000 0.000000 0.000000
47 1 17.240786 58.764746 25.863811 1.000000 1.000000 1.000000 0.000000
47 0.000000 0.000000 0.000000
48 1 42.465279 35.930066 10.850413 1.000000 1.000000 1.000000 0.000000
48 0.000000 0.000000 0.000000
49 1 82.280080 47.733925 31.280900 1.000000 1.000000 1.000000 0.000000
49 0.000000 0.000000 0.000000
50 1 0.907185 79.337898 13.681776 1.000000 1.000000 1.000000 0.000000
50 0.000000 0.000000 0.000000
51 1 17.904385 45.603775 128.425850 1.000000 1.000000 1.000000 0.000000
51 0.000000 0.000000 0.000000
52 1 61.203823 84.979914 154.329263 1.000000 1.000000 1.000000 0.000000
52 0.000000 0.000000 0.000000
53 1 68.319252 84.915173 64.606174 1.000000 1.000000 1.000000 0.000000
53 0.000000 0.000000 0.000000
54 1 39.878273 58.592907 43.248433 1.000000 1.000000 1.000000 0.000000
54 0.000000 0.000000 0.000000
55 1 53.905275 70.718055 115.645301 1.000000 1.000000 1.000000 0.000000
55 0.000000 0.000000 0.000000
56 1 16.103071 64.585992 198.600177 1.000000 1.000000 1.000000 0.000000
56 0.000000 0.000000 0.000000
57 1 68.879313 94.955950 160.205644 1.000000 1.000000 1.000000 0.000000
57 0.000000 0.000000 0.000000
58 1 27.738916 43.652099 58.387609 1.000000 1.000000 1.000000 0.000000
58 0.000000 0.000000 0.000000
59 1 65.105557 87.619341 8.065514 1.000000 1.000000 1.000000 0.000000
59 0.000000 0.000000 0.000000
60 1 2.474301 23.671506 34.592772 1.000000 1.000000 1.000000 0.000000
60 0.000000 0.000000 0.000000
61 1 72.223173 96.785490 185.446758 1.000000 1.000000 1.000000 0.000000
61 0.000000 0.000000 0.000000
62 1 34.842191 12.213736 116.612167 1.000000 1.000000 1.000000 0.000000
62 0.000000 0.000000 0.000000
63 1 19.388827 26.235131 35.326463 1.000000 1.000000 1.000000 0.000000
63 0.000000 0.000000 0.000000
64 1 58.065439 83.392194 90.123664 1.000000 1.000000 1.000000 0.000000
64 0.000000 0.000000 0.000000
65 1 95.260217 78.270846 95.406215 1.000000 1.000000 1.000000 0.000000
65 0.000000 0.000000 0.000000
66 1 88.125233 73.290441 195.976295 1.000000 1.000000 1.000000 0.000000
66 0.000000 0.000000 0.000000
67 1 71.439024 28.284567 17.414276 1.000000 1.000000 1.000000 0.000000
67 0.000000 0.000000 0.000000
68 1 19.512122 42.100616 145.104538 1.000000 1.000000 1.000000 0.000000
68 0.000000 0.000000 0.000000
69 1 94.118507 68.956125 193.987519 1.000000 1.000000 1.000000 0.000000
69 0.000000 0.000000 0.000000
70 1 46.635670 48.576892 101.409207 1.000000 1.000000 1.000000 0.000000
70 0.000000 0.000000 0.000000
71 1 67.331477 65.042089 10.225365 1.000000 1.000000 1.000000 0.000000
71 0.000000 0.000000 0.000000
72 1 87.612965 75.919723 62.902069 1.000000 1.000000 1.000000 0.000000
72 0.000000 0.000000 0.000000
73 1 56.957254 58.280871 63.224284 1.000000 1.000000 1.000000 0.000000
73 0.000000 0.000000 0.000000
74 1 40.964200 7.424692 76.268640 1.000000 1.000000 1.000000 0.000000
74 0.000000 0.000000 0.000000
75 1 0.100126 34.326877 111.958811 1.000000 1.000000 1.000000 0.000000
75 0.000000 0.000000 0.000000
76 1 81.441466 56.444437 17.395672 1.000000 1.000000 1.000000 0.000000
76 0.000000 0.000000 0.000000
77 1 83.583753 58.219016 56.985646 1.000000 1.000000 1.000000 0.000000
77 0.000000 0.000000 0.000000
78 1 97.936594 21.396435 166.135433 1.000000 1.000000 1.000000 0.000000
78 0.000000 0.000000 0.000000
79 1 22.014159 79.987983 195.397398 1.000000 1.000000 1.000000 0.000000
79 0.000000 0.000000 0.000000
80 1 6.817447 81.999552 39.204328 1.000000 1.000000 1.000000 0.000000
80 0.000000 0.000000 0.000000
81 1 81.432691 15.333552 13.771277 1.000000 1.000000 1.000000 0.000000
81 0.000000 0.000000 0.000000
82 1 48.397157 96.665469 131.846219 1.000000 1.000000 1.000000 0.000000
82 0.000000 0.000000 0.000000
83 1 49.661879 4.216727 173.128012 1.000000 1.000000 1.000000 0.000000
83 0.000000 0.000000 0.000000
84 1 70.254720 22.319134 165.653726 1.000000 1.000000 1.000000 0.000000
84 0.000000 0.000000 0.000000
85 1 20.767694 22.944345 93.591110 1.000000 1.000000 1.000000 0.000000
85 0.000000 0.000000 0.000000
86 1 95.607890 8.424086 78.440537 1.000000 1.000000 1.000000 0.000000
86 0.000000 0.000000 0.000000
87 1 71.138238 48.803896 77.129829 1.000000 1.000000 1.000000 0.000000
87 0.000000 0.000000 0.000000
88 1 12.881974 95.284726 161.889916 1.000000 1.000000 1.000000 0.000000
88 0.000000 0.000000 0.000000
89 1 22.047075 25.512921 121.913799 1.000000 1.000000 1.000000 0.000000
89 0.000000 0.000000 0.000000
90 1 9.869407 81.998024 38.250422 1.000000 1.000000 1.000000 0.000000
90 0.000000 0.000000 0.000000
91 1 98.582567 8.785628 13.947845 1.000000 1.000000 1.000000 0.000000
91 0.000000 0.000000 0.000000
92 1 6.290400 44.474797 69.221786 1.000000 1.000000 1.000000 0.000000
92 0.000000 0.000000 0.000000
93 1 34.719771 83.913197 173.304158 1.000000 1.000000 1.000000 0.000000
93 0.000000 0.000000 0.000000
94 1 83.537765 93.072352 112.972842 1.000000 1.000000 1.000000 0.000000
94 0.000000 0.000000 0.000000
95 1 72.577776 12.864472 54.444447 1.000000 1.000000 1.000000 0.000000
95 0.000000 0.000000 0.000000
96 1 60.082640 26.350581 20.304244 1.000000 1.000000 1.000000 0.000000
96 0.000000 0.000000 0.000000
97 1 46.184336 91.433573 30.067388 1.000000 1.000000 1.000000 0.000000
97 0.000000 0.000000 0.000000
98 1 65.143568 33.111675 39.278934 1.000000 1.000000 1.000000 0.000000
98 0.000000 0.000000 0.000000
99 1 61.625044 88.027519 63.043612 1.000000 1.000000 1.000000 0.000000
99 0.000000 0.000000 0.000000
100 1 75.266005 26.397125 0.705806 1.000000 1.000000 1.000000 0.000000
100 0.000000 0.000000 0.000000
101 1 65.451818 2.955173 120.581493 1.000000 1.000000 1.000000 0.000000
101 0.000000 0.000000 0.000000
102 1 31.579989 62.362886 116.378868 1.000000 1.000000 1.000000 0.000000
102 0.000000 0.000000 0.000000
103 1 71.027265 44.102824 137.532704 1.000000 1.000000 1.000000 0.000000
103 0.000000 0.000000 0.000000
104 1 52.177683 3.483573 71.678714 1.000000 1.000000 1.000000 0.000000
104 0.000000 0.000000 0.000000
105 1 79.506624 47.750975 187.264557 1.000000 1.000000 1.000000 0.000000
105 0.000000 0.000000 0.000000
106 1 79.521995 31.662606 165.078184 1.000000 1.000000 1.000000 0.000000
106 0.000000 0.000000 0.000000
107 1 87.556898 7.315599 34.832379 1.000000 1.000000 1.000000 0.000000
107 0.000000 0.000000 0.000000
108 1 17.905969 44.397333 171.462283 1.000000 1.000000 1.000000 0.000000
108 0.000000 0.000000 0.000000
109 1 10.050136 26.790576 166.214430 1.000000 1.000000 1.000000 0.000000
109 0.000000 0.000000 0.000000
110 1 44.627546 67.185963 170.250308 1.000000 1.000000 1.000000 0.000000
110 0.000000 0.000000 0.000000
111 1 79.649343 9.715825 79.242626 1.000000 1.000000 1.000000 0.000000
111 0.000000 0.000000 0.000000
112 1 24.938892 7.918252 41.937750 1.000000 1.000000 1.000000 0.000000
112 0.000000 0.000000 0.000000
113 1 25.249168 73.470048 135.695905 1.000000 1.000000 1.000000 0.000000
113 0.000000 0.000000 0.000000
114 1 65.725515 62.494529 127.657505 1.000000 1.000000 1.000000 0.000000
114 0.000000 0.000000 0.000000
115 1 75.382745 29.131599 145.883502 1.000000 1.000000 1.000000 0.000000
115 0.000000 0.000000 0.000000
116 1 46.310795 69.709580 118.479023 1.000000 1.000000 1.000000 0.000000
116 0.000000 0.000000 0.000000
117 1 31.707348 68.591076 9.644259 1.000000 1.000000 1.000000 0.000000
117 0.000000 0.000000 0.000000
118 1 38.570057 5.689637 65.529111 1.000000 1.000000 1.000000 0.000000
118 0.000000 0.000000 0.000000
119 1 35.542052 59.293363 169.916092 1.000000 1.000000 1.000000 0.000000
119 0.000000 0.000000 0.000000
120 1 6.726367 56.263156 20.087162 1.000000 1.000000 1.000000 0.000000
120 0.000000 0.000000 0.000000
121 1 44.830026 30.254565 53.223695 1.000000 1.000000 1.000000 0.000000
121 0.000000 0.000000 0.000000
122 1 49.999719 19.044511 166.547771 1.000000 1.000000 1.000000 0.000000
122 0.000000 0.000000 0.000000
123 1 12.299289 79.749805 15.268507 1.000000 1.000000 1.000000 0.000000
123 0.000000 0.000000 0.000000
124 1 52.679059 78.760731 185.201934 1.000000 1.000000 1.000000 0.000000
124 0.000000 0.000000 0.000000
125 1 84.659418 33.719313 74.059962 1.000000 1.000000 1.000000 0.000000
125 0.000000 0.000000 0.000000
126 1 17.848198 85.359645 105.579729 1.000000 1.000000 1.000000 0.000000
126 0.000000 0.000000 0.000000
127 1 53.831940 27.021819 173.371833 1.000000 1.000000 1.000000 0.000000
127 0.000000 0.000000 0.000000
128 1 56.133424 23.100750 131.942869 1.000000 1.000000 1.000000 0.000000
128 0.000000 0.000000 0.000000
129 1 67.997900 48.546832 157.442853 1.000000 1.000000 1.000000 0.000000
129 0.000000 0.000000 0.000000
130 1 4.792104 6.666289 131.211245 1.000000 1.000000 1.000000 0.000000
130 0.000000 0.000000 0.000000
131 1 49.854157 97.606021 113.840291 1.000000 1.000000 1.000000 0.000000
131 0.000000 0.000000 0.000000
132 1 40.927492 46.266954 34.655177 1.000000 1.000000 1.000000 0.000000
132 0.000000 0.000000 0.000000
133 1 32.089507 2.065267 72.024631 1.000000 1.000000 1.000000 0.000000
133 0.000000 0.000000 0.000000
134 1 70.730480 34.495892 44.494625 1.000000 1.000000 1.000000 0.000000
134 0.000000 0.000000 0.000000
135 1 89.739620 4.640530 11.724542 1.000000 1.000000 1.000000 0.000000
135 0.000000 0.000000 0.000000
136 1 23.326690 38.886001 83.100251 1.000000 1.000000 1.000000 0.000000
136 0.000000 0.000000 0.000000
137 1 35.480345 68.121600 154.028405 1.000000 1.000000 1.000000 0.000000
137 0.000000 0.000000 0.000000
138 1 89.139533 82.228703 9.043210 1.000000 1.000000 1.000000 0.000000
138 0.000000 0.000000 0.000000
139 1 31.000183 43.661078 177.780076 1.000000 1.000000 1.000000 0.000000
139 0.000000 0.000000 0.000000
140 1 72.134209 77.817952 164.517203 1.000000 1.000000 1.000000 0.000000
140 0.000000 0.000000 0.000000
141 1 46.775145 81.948999 100.469007 1.000000 1.000000 1.000000 0.000000
141 0.000000 0.000000 0.000000
142 1 4.467030 2.162501 88.570252 1.000000 1.000000 1.000000 0.000000
142 0.000000 0.000000 0.000000
143 1 71.645536 27.539972 159.337030 1.000000 1.000000 1.000000 0.000000
143 0.000000 0.000000 0.000000
144 1 11.618292 39.797296 175.418344 1.000000 1.000000 1.000000 0.000000
144 0.000000 0.000000 0.000000
145 1 77.414046 73.143899 173.343519 1.000000 1.000000 1.000000 0.000000
145 0.000000 0.000000 0.000000
146 1 51.943230 54.713899 38.368384 1.000000 1.000000 1.000000 0.000000
146 0.000000 0.000000 0.000000
147 1 69.375296 50.390505 107.271269 1.000000 1.000000 1.000000 0.000000
147 0.000000 0.000000 0.000000
148 1 21.227526 98.520546 140.603810 1.000000 1.000000 1.000000 0.000000
148 0.000000 0.000000 0.000000
149 1 23.644478 37.486447 105.080595 1.000000 1.000000 1.000000 0.000000
149 0.000000 0.000000 0.000000
150 1 60.669595 24.220198 33.692833 1.000000 1.000000 1.000000 0.000000
150 0.000000 0.000000 0.000000
151 1 18.169801 49.995910 148.797049 1.000000 1.000000 1.000000 0.000000
151 0.000000 0.000000 0.000000
152 1 46.619042 68.768311 116.928993 1.000000 1.000000 1.000000 0.000000
152 0.000000 0.000000 0.000000
153 1 50.452134 85.940463 187.844882 1.000000 1.000000 1.000000 0.000000
153 0.000000 0.000000 0.000000
154 1 8.033771 75.794468 111.703401 1.000000 1.000000 1.000000 0.000000
154 0.000000 0.000000 0.000000
155 1 26.304562 48.715690 6.076984 1.000000 1.000000 1.000000 0.000000
155 0.000000 0.000000 0.000000
156 1 88.784457 91.160366 75.638591 1.000000 1.000000 1.000000 0.000000
156 0.000000 0.000000 0.000000
157 1 22.870742 59.754955 139.085915 1.000000 1.000000 1.000000 0.000000
157 0.000000 0.000000 0.000000
158 1 21.465576 16.510586 169.251561 1.000000 1.000000 1.000000 0.000000
158 0.000000 0.000000 0.000000
159 1 53.680450 25.504892 184.877372 1.000000 1.000000 1.000000 0.000000
159 0.000000 0.000000 0.000000
160 1 27.331769 94.325781 33.961169 1.000000 1.000000 1.000000 0.000000
160 0.000000 0.000000 0.000000
161 1 95.413032 48.316192 120.732683 1.000000 1.000000 1.000000 0.000000
161 0.000000 0.000000 0.000000
162 1 36.853824 89.538522 109.645340 1.000000 1.000000 1.000000 0.000000
162 0.000000 0.000000 0.000000
163 1 27.599007 92.788007 19.147170 1.000000 1.000000 1.000000 0.000000
163 0.000000 0.000000 0.000000
164 1 15.360672 23.528637 169.107279 1.000000 1.000000 1.000000 0.000000
164 0.000000 0.000000 0.000000
165 1 91.588359 31.697959 155.128919 1.000000 1.000000 1.000000 0.000000
165 0.000000 0.000000 0.000000
166 1 63.652817 80.091336 82.640520 1.000000 1.000000 1.000000 0.000000
166 0.000000 0.000000 0.000000
167 1 52.920878 98.795841 27.644203 1.000000 1.000000 1.000000 0.000000
167 0.000000 0.000000 0.000000
168 1 87.071179 17.016002 154.508806 1.000000 1.000000 1.000000 0.000000
168 0.000000 0.000000 0.000000
169 1 56.150010 14.031323 38.581297 1.000000 1.000000 1.000000 0.000000
169 0.000000 0.000000 0.000000
170 1 16.167202 51.819824 172.585171 1.000000 1.000000 1.000000 0.000000
170 0.000000 0.000000 0.000000
171 1 83.271562 91.011219 135.569399 1.000000 1.000000 1.000000 0.000000
171 0.000000 0.000000 0.000000
172 1 31.942720 47.630456 72.128539 1.000000 1.000000 1.000000 0.000000
172 0.000000 0.000000 0.000000
173 1 50.649830 75.097323 83.096573 1.000000 1.000000 1.000000 0.000000
173 0.000000 0.000000 0.000000
174 1 69.096156 68.941166 8.791954 1.000000 1.000000 1.000000 0.000000
174 0.000000 0.000000 0.000000
175 1 43.791414 14.747344 129.842878 1.000000 1.000000 1.000000 0.000000
175 0.000000 0.000000 0.000000
176 1 34.918699 1.652673 70.835479 1.000000 1.000000 1.000000 0.000000
176 0.000000 0.000000 0.000000
177 1 60.950178 26.141153 127.672115 1.000000 1.000000 1.000000 0.000000
177 0.000000 0.000000 0.000000
178 1 38.351496 25.036870 7.884507 1.000000 1.000000 1.000000 0.000000
178 0.000000 0.000000 0.000000
179 1 38.533376 79.637678 98.645898 1.000000 1.000000 1.000000 0.000000
179 0.000000 0.000000 0.000000
180 1 29.198869 13.594265 15.609699 1.000000 1.000000 1.000000 0.000000
180 0.000000 0.000000 0.000000
181 1 31.950529 16.646807 191.115454 1.000000 1.000000 1.000000 0.000000
181 0.000000 0.000000 0.000000
182 1 59.507601 59.874775 36.136339 1.000000 1.000000 1.000000 0.000000
182 0.000000 0.000000 0.000000
183 1 12.553008 14.453900 121.303628 1.000000 1.000000 1.000000 0.000000
183 0.000000 0.000000 0.000000
184 1 60.277527 99.124905 73.586712 1.000000 1.000000 1.000000 0.000000
184 0.000000 0.000000 0.000000
185 1 39.002331 16.793373 160.969961 1.000000 1.000000 1.000000 0.000000
185 0.000000 0.000000 0.000000
186 1 83.127497 17.189726 34.013681 1.000000 1.000000 1.000000 0.000000
186 0.000000 0.000000 0.000000
187 1 26.004051 71.353449 51.011998 1.000000 1.000000 1.000000 0.000000
187 0.000000 0.000000 0.000000
188 1 51.642700 91.283295 19.834891 1.000000 1.000000 1.000000 0.000000
188 0.000000 0.000000 0.000000
189 1 86.979408 90.016171 96.664185 1.000000 1.000000 1.000000 0.000000
189 0.000000 0.000000 0.000000
190 1 11.862065 68.167530 39.982999 1.000000 1.000000 1.000000 0.000000
190 0.000000 0.000000 0.000000
191 1 56.568891 61.278873 97.400997 1.000000 1.000000 1.000000 0.000000
191 0.000000 0.000000 0.000000
192 1 53.497849 83.194080 22.782824 1.000000 1.000000 1.000000 0.000000
192 0.000000 0.000000 0.000000
193 1 29.223459 71.674505 185.985450 1.000000 1.000000 1.000000 0.000000
193 0.000000 0.000000 0.000000
194 1 91.815153 39.897938 174.873941 1.000000 1.000000 1.000000 0.000000
194 0.000000 0.000000 0.000000
195 1 18.500381 35.298835 177.039493 1.000000 1.000000 1.000000 0.000000
195 0.000000 0.000000 0.000000
196 1 62.673398 46.057016 112.632370 1.000000 1.000000 1.000000 0.000000
196 0.000000 0.000000 0.000000
197 1 65.959873 7.215600 115.379389 1.000000 1.000000 1.000000 0.000000
197 0.000000 0.000000 0.000000
198 1 95.229697 66.366273 21.334432 1.000000 1.000000 1.000000 0.000000
198 0.000000 0.000000 0.000000
199 1 20.342032 96.506666 173.797407 1.000000 1.000000 1.000000 0.000000
199 0.000000 0.000000 0.000000
200 1 26.862622 21.161381 141.319201 1.000000 1.000000 1.000000 0.000000
200 0.000000 0.000000 0.000000
201 1 27.488956 51.237581 113.711463 1.000000 1.000000 1.000000 0.000000
201 0.000000 0.000000 0.000000
202 1 79.866959 98.918966 4.832218 1.000000 1.000000 1.000000 0.000000
202 0.000000 0.000000 0.000000
203 1 60.247998 78.197639 31.500795 1.000000 1.000000 1.000000 0.000000
203 0.000000 0.000000 0.000000
204 1 29.445796 8.776177 126.109092 1.000000 1.000000 1.000000 0.000000
204 0.000000 0.000000 0.000000
205 1 49.830350 88.197065 36.609699 1.000000 1.000000 1.000000 0.000000
205 0.000000 0.000000 0.000000
206 1 49.418124 10.643854 1.457884 1.000000 1.000000 1.000000 0.000000
206 0.000000 0.000000 0.000000
207 1 31.938849 72.813470 159.495287 1.000000 1.000000 1.000000 0.000000
207 0.000000 0.000000 0.000000
208 1 1.784618 95.415613 95.171669 1.000000 1.000000 1.000000 0.000000
208 0.000000 0.000000 0.000000
209 1 52.973220 80.035721 110.749771 1.000000 1.000000 1.000000 0.000000
209 0.000000 0.000000 0.000000
210 1 1.671348 40.906487 35.720565 1.000000 1.000000 1.000000 0.000000
210 0.000000 0.000000 0.000000
211 1 46.576445 65.337951 73.301060 1.000000 1.000000 1.000000 0.000000
211 0.000000 0.000000 0.000000
212 1 84.699078 21.306358 125.184431 1.000000 1.000000 1.000000 0.000000
212 0.000000 0.000000 0.000000
213 1 5.703071 33.692119 160.367064 1.000000 1.000000 1.000000 0.000000
213 0.000000 0.000000 0.000000
214 1 50.266959 32.763403 25.302973 1.000000 1.000000 1.000000 0.000000
214 0.000000 0.000000 0.000000
215 1 29.278750 37.026594 43.086454 1.000000 1.000000 1.000000 0.000000
215 0.000000 0.000000 0.000000
216 1 0.417491 62.395286 122.607130 1.000000 1.000000 1.000000 0.000000
216 0.000000 0.000000 0.000000
217 1 46.027536 37.217712 165.842089 1.000000 1.000000 1.000000 0.000000
217 0.000000 0.000000 0.000000
218 1 45.514852 55.545201 101.876273 1.000000 1.000000 1.000000 0.000000
218 0.000000 0.000000 0.000000
219 1 79.742970 78.011860 47.759004 1.000000 1.000000 1.000000 0.000000
219 0.000000 0.000000 0.000000
220 1 78.829195 56.922081 86.826543 1.000000 1.000000 1.000000 0.000000
220 0.000000 0.000000 0.000000
221 1 24.381610 18.888187 148.474717 1.000000 1.000000 1.000000 0.000000
221 0.000000 0.000000 0.000000
222 1 53.888555 20.659583 86.325415 1.000000 1.000000 1.000000 0.000000
222 0.000000 0.000000 0.000000
223 1 83.744531 60.946065 146.128079 1.000000 1.000000 1.000000 0.000000
223 0.000000 0.000000 0.000000
224 1 50.729293 99.732350 186.560876 1.000000 1.000000 1.000000 0.000000
224 0.000000 0.000000 0.000000
225 1 28.657575 19.986406 90.077326 1.000000 1.000000 1.000000 0.000000
225 0.000000 0.000000 0.000000
226 1 27.537765 93.531525 49.003246 1.000000 1.000000 1.000000 0.000000
226 0.000000 0.000000 0.000000
227 1 34.841499 8.657598 173.342359 1.000000 1.000000 1.000000 0.000000
227 0.000000 0.000000 0.000000
228 1 61.967723 62.524625 36.968313 1.000000 1.000000 1.000000 0.000000
228 0.000000 0.000000 0.000000
229 1 36.304928 63.916639 23.523337 1.000000 1.000000 1.000000 0.000000
229 0.000000 0.000000 0.000000
230 1 29.405313 28.613083 198.237089 1.000000 1.000000 1.000000 0.000000
230 0.000000 0.000000 0.000000
231 1 90.228365 36.637498 8.677894 1.000000 1.000000 1.000000 0.000000
231 0.000000 0.000000 0.000000
232 1 85.748054 74.430408 82.715352 1.000000 1.000000 1.000000 0.000000
232 0.000000 0.000000 0.000000
233 1 22.401273 79.131296 22.010753 1.000000 1.000000 1.000000 0.000000
233 0.000000 0.000000 0.000000
234 1 28.771950 25.509756 123.710903 1.000000 1.000000 1.000000 0.000000
234 0.000000 0.000000 0.000000
235 1 14.919310 79.396981 12.230401 1.000000 1.000000 1.000000 0.000000
235 0.000000 0.000000 0.000000
236 1 54.935647 28.424800 198.246946 1.000000 1.000000 1.000000 0.000000
236 0.000000 0.000000 0.000000
237 1 14.794127 67.827805 64.339260 1.000000 1.000000 1.000000 0.000000
237 0.000000 0.000000 0.000000
238 1 27.014394 53.149605 102.902111 1.000000 1.000000 1.000000 0.000000
238 0.000000 0.000000 0.000000
239 1 1.687448 74.731854 167.175014 1.000000 1.000000 1.000000 0.000000
239 0.000000 0.000000 0.000000
240 1 39.707925 34.036626 45.896061 1.000000 1.000000 1.000000 0.000000
240 0.000000 0.000000 0.000000
241 1 4.161830 56.980134 25.939841 1.000000 1.000000 1.000000 0.000000
241 0.000000 0.000000 0.000000
242 1 21.407143 98.918530 71.494646 1.000000 1.000000 1.000000 0.000000
242 0.000000 0.000000 0.000000
243 1 90.657392 18.083581 74.136092 1.000000 1.000000 1.000000 0.000000
243 0.000000 0.000000 0.000000
244 1 0.006741 60.899457 62.781773 1.000000 1.000000 1.000000 0.000000
244 0.000000 0.000000 0.000000
245 1 86.386225 7.469667 14.113108 1.000000 1.000000 1.000000 0.000000
245 0.000000 0.000000 0.000000
246 1 36.961896 22.421430 101.294656 1.000000 1.000000 1.000000 0.000000
246 0.000000 0.000000 0.000000
247 1 19.288619 33.351386 122.389296 1.000000 1.000000 1.000000 0.000000
247 0.000000 0.000000 0.000000
248 1 97.533297 47.770547 64.248003 1.000000 1.000000 1.000000 0.000000
248 0.000000 0.000000 0.000000
249 1 54.852854 83.532794 8.995482 1.000000 1.000000 1.000000 0.000000
249 0.000000 0.000000 0.000000
250 1 93.960364 2.976702 105.332850 1.000000 1.000000 1.000000 0.000000
250 0.000000 0.000000 0.000000
251 1 54.574095 5.687937 128.665945 1.000000 1.000000 1.000000 0.000000
251 0.000000 0.000000 0.000000
252 1 89.480106 57.490013 54.169165 1.000000 1.000000 1.000000 0.000000
252 0.000000 0.000000 0.000000
253 1 72.928818 82.209434 40.736751 1.000000 1.000000 1.000000 0.000000
253 0.000000 0.000000 0.000000
254 1 76.909208 53.563665 176.716779 1.000000 1.000000 1.000000 0.000000
254 0.000000 0.000000 0.000000
255 1 4.740158 20.311452 37.815464 1.000000 1.000000 1.000000 0.000000
255 0.000000 0.000000 0.000000
256 1 60.247721 39.404655 140.490130 1.000000 1.000000 1.000000 0.000000
256 0.000000 0.000000 0.000000
257 1 84.254099 71.174886 12.054698 1.000000 1.000000 1.000000 0.000000
257 0.000000 0.000000 0.000000
258 1 35.348207 96.479226 129.842725 1.000000 1.000000 1.000000 0.000000
258 0.000000 0.000000 0.000000
259 1 51.016605 27.176000 104.915336 1.000000 1.000000 1.000000 0.000000
259 0.000000 0.000000 0.000000
260 1 94.923124 55.278756 170.138644 1.000000 1.000000 1.000000 0.000000
260 0.000000 0.000000 0.000000
261 1 7.160502 80.784291 189.672796 1.000000 1.000000 1.000000 0.000000
261 0.000000 0.000000 0.000000
262 1 69.200701 31.181096 45.971751 1.000000 1.000000 1.000000 0.000000
262 0.000000 0.000000 0.000000
263 1 48.183869 81.624129 190.579914 1.000000 1.000000 1.000000 0.000000
263 0.000000 0.000000 0.000000
264 1 22.184204 60.716546 25.188230 1.000000 1.000000 1.000000 0.000000
264 0.000000 0.000000 0.000000
265 1 65.176113 62.889455 59.107550 1.000000 1.000000 1.000000 0.000000
265 0.000000 0.000000 0.000000
266 1 25.733187 18.587378 155.996093 1.000000 1.000000 1.000000 0.000000
266 0.000000 0.000000 0.000000
267 1 69.984728 58.301145 132.705525 1.000000 1.000000 1.000000 0.000000
267 0.000000 0.000000 0.000000
268 1 87.126395 66.111093 175.126173 1.000000 1.000000 1.000000 0.000000
268 0.000000 0.000000 0.000000
269 1 66.310965 27.718652 90.334334 1.000000 1.000000 1.000000 0.000000
269 0.000000 0.000000 0.000000
270 1 47.256182 28.793434 30.844951 1.000000 1.000000 1.000000 0.000000
270 0.000000 0.000000 0.000000
271 1 97.287079 25.416515 167.146071 1.000000 1.000000 1.000000 0.000000
271 0.000000 0.000000 0.000000
272 1 25.265876 31.085992 45.963891 1.000000 1.000000 1.000000 0.000000
272 0.000000 0.000000 0.000000
273 1 42.928209 92.698115 197.894473 1.000000 1.000000 1.000000 0.000000
273 0.000000 0.000000 0.000000
274 1 80.175462 73.865272 42.439324 1.000000 1.000000 1.000000 0.000000
274 0.000000 0.000000 0.000000
275 1 9.462926 1.951611 78.496914 1.000000 1.000000 1.000000 0.000000
275 0.000000 0.000000 0.000000
276 1 42.003264 67.267785 93.200612 1.000000 1.000000 1.000000 0.000000
276 0.000000 0.000000 0.000000
277 1 72.361963 88.765465 140.844943 1.000000 1.000000 1.000000 0.000000
277 0.000000 0.000000 0.000000
278 1 96.328067 89.714822 105.355217 1.000000 1.000000 1.000000 0.000000
278 0.000000 0.000000 0.000000
279 1 15.943427 3.217092 56.037446 1.000000 1.000000 1.000000 0.000000
279 0.000000 0.000000 0.000000
280 1 84.744200 32.620377 120.477376 1.000000 1.000000 1.000000 0.000000
280 0.000000 0.000000 0.000000
281 1 90.120316 22.896986 141.775817 1.000000 1.000000 1.000000 0.000000
281 0.000000 0.000000 0.000000
282 1 13.642476 62.868617 45.021756 1.000000 1.000000 1.000000 0.000000
282 0.000000 0.000000 0.000000
283 1 48.398070 34.308822 65.251896 1.000000 1.000000 1.000000 0.000000
283 0.000000 0.000000 0.000000
284 1 85.343211 47.418236 1.045247 1.000000 1.000000 1.000000 0.000000
284 0.000000 0.000000 0.000000
285 1 48.617849 84.554950 57.005436 1.000000 1.000000 1.000000 0.000000
285 0.000000 0.000000 0.000000
286 1 47.522413 74.116925 66.453300 1.000000 1.000000 1.000000 0.000000
286 0.000000 0.000000 0.000000
287 1 48.435172 64.100268 44.313343 1.000000 1.000000 1.000000 0.000000
287 0.000000 0.000000 0.000000
288 1 28.404599 35.772476 69.604445 1.000000 1.000000 1.000000 0.000000
288 0.000000 0.000000 0.000000
289 1 98.591571 56.720581 91.172668 1.000000 1.000000 1.000000 0.000000
289 0.000000 0.000000 0.000000
290 1 69.789137 7.612088 90.836115 1.000000 1.000000 1.000000 0.000000
290 0.000000 0.000000 0.000000
291 1 50.995922 13.671373 42.612686 1.000000 1.000000 1.000000 0.000000
291 0.000000 0.000000 0.000000
292 1 97.406895 80.311474 94.401162 1.000000 1.000000 1.000000 0.000000
292 0.000000 0.000000 0.000000
293 1 8.174357 3.935054 75.557032 1.000000 1.000000 1.000000 0.000000
293 0.000000 0.000000 0.000000
294 1 39.459593 50.706797 104.446207 1.000000 1.000000 1.000000 0.000000
294 0.000000 0.000000 0.000000
295 1 23.824890 34.076725 113.655793 1.000000 1.000000 1.000000 0.000000
295 0.000000 0.000000 0.000000
296 1 8.897037 74.263155 62.747381 1.000000 1.000000 1.000000 0.000000
296 0.000000 0.000000 0.000000
297 1 18.507784 7.326413 193.315624 1.000000 1.000000 1.000000 0.000000
297 0.000000 0.000000 0.000000
298 1 81.808712 98.624592 105.885140 1.000000 1.000000 1.000000 0.000000
298 0.000000 0.000000 0.000000
299 1 45.809040 38.570705 18.486511 1.000000 1.000000 1.000000 0.000000
299 0.000000 0.000000 0.000000
300 1 89.066811 61.003472 34.834708 1.000000 1.000000 1.000000 0.000000
300 0.000000 0.000000 0.000000
301 1 77.681933 33.107908 56.586944 1.000000 1.000000 1.000000 0.000000
301 0.000000 0.000000 0.000000
302 1 61.456035 19.807824 199.128054 1.000000 1.000000 1.000000 0.000000
302 0.000000 0.000000 0.000000
303 1 45.708856 71.769892 170.067498 1.000000 1.000000 1.000000 0.000000
303 0.000000 0.000000 0.000000
304 1 17.260723 21.609392 37.075574 1.000000 1.000000 1.000000 0.000000
304 0.000000 0.000000 0.000000
305 1 34.476112 14.512062 120.705349 1.000000 1.000000 1.000000 0.000000
305 0.000000 0.000000 0.000000
306 1 34.165631 65.481996 76.485626 1.000000 1.000000 1.000000 0.000000
306 0.000000 0.000000 0.000000
307 1 29.384954 58.387145 121.315991 1.000000 1.000000 1.000000 0.000000
307 0.000000 0.000000 0.000000
308 1 27.535823 94.793552 173.878390 1.000000 1.000000 1.000000 0.000000
308 0.000000 0.000000 0.000000
309 1 3.098353 17.069701 192.197604 1.000000 1.000000 1.000000 0.000000
309 0.000000 0.000000 0.000000
310 1 30.891341 90.547221 132.879199 1.000000 1.000000 1.000000 0.000000
310 0.000000 0.000000 0.000000
311 1 91.856929 90.451867 144.204451 1.000000 1.000000 1.000000 0.000000
311 0.000000 0.000000 0.000000
312 1 35.348194 38.947836 42.513161 1.000000 1.000000 1.000000 0.000000
312 0.000000 0.000000 0.000000
313 1 44.882341 6.169955 156.501367 1.000000 1.000000 1.000000 0.000000
313 0.000000 0.000000 0.000000
314 1 63.374584 76.999044 28.844211 1.000000 1.000000 1.000000 0.000000
314 0.000000 0.000000 0.000000
315 1 46.734627 18.974892 63.550114 1.000000 1.000000 1.000000 0.000000
315 0.000000 0.000000 0.000000
316 1 98.737224 75.121877 166.162724 1.000000 1.000000 1.000000 0.000000
316 0.000000 0.000000 0.000000
317 1 90.763503 75.245529 10.660057 1.000000 1.000000 1.000000 0.000000
317 0.000000 0.000000 0.000000
318 1 4.350693 27.403446 114.520325 1.000000 1.000000 1.000000 0.000000
318 0.000000 0.000000 0.000000
319 1 95.126893 44.136199 131.534101 1.000000 1.000000 1.000000 0.000000
319 0.000000 0.000000 0.000000
320 1 36.848825 32.742378 112.792653 1.000000 1.000000 1.000000 0.000000
320 0.000000 0.000000 0.000000
321 1 8.815799 13.294449 131.511962 1.000000 1.000000 1.000000 0.000000
321 0.000000 0.000000 0.000000
322 1 95.008051 93.986164 4.448415 1.000000 1.000000 1.000000 0.000000
322 0.000000 0.000000 0.000000
323 1 86.294923 41.094631 119.972909 1.000000 1.000000 1.000000 0.000000
323 0.000000 0.000000 0.000000
324 1 68.976480 77.762194 51.923617 1.000000 1.000000 1.000000 0.000000
324 0.000000 0.000000 0.000000
325 1 46.346444 49.925961 96.844177 1.000000 1.000000 1.000000 0.000000
325 0.000000 0.000000 0.000000
326 1 90.449522 62.486185 49.322864 1.000000 1.000000 1.000000 0.000000
326 0.000000 0.000000 0.000000
327 1 4.097254 67.826749 159.450149 1.000000 1.000000 1.000000 0.000000
327 0.000000 0.000000 0.000000
328 1 53.209191 81.943710 159.082190 1.000000 1.000000 1.000000 0.000000
328 0.000000 0.000000 0.000000
329 1 25.457715 0.611434 112.080307 1.000000 1.000000 1.000000 0.000000
329 0.000000 0.000000 0.000000
330 1 37.859291 94.263888 67.607226 1.000000 1.000000 1.000000 0.000000
330 0.000000 0.000000 0.000000
331 1 66.358212 99.818844 50.959517 1.000000 1.000000 1.000000 0.000000
331 0.000000 0.000000 0.000000
332 1 13.499962 56.274174 174.293341 1.000000 1.000000 1.000000 0.000000
332 0.000000 0.000000 0.000000
333 1 67.771280 56.322236 5.518063 1.000000 1.000000 1.000000 0.000000
333 0.000000 0.000000 0.000000
334 1 29.725119 80.285169 91.471113 1.000000 1.000000 1.000000 0.000000
334 0.000000 0.000000 0.000000
335 1 2.408740 54.317503 47.539732 1.000000 1.000000 1.000000 0.000000
335 0.000000 0.000000 0.000000
336 1 69.580423 49.866127 53.501393 1.000000 1.000000 1.000000 0.000000
336 0.000000 0.000000 0.000000
337 1 26.766183 62.959206 113.167045 1.000000 1.000000 1.000000 0.000000
337 0.000000 0.000000 0.000000
338 1 61.955019 24.959076 166.884106 1.000000 1.000000 1.000000 0.000000
338 0.000000 0.000000 0.000000
339 1 96.176968 15.162220 32.828394 1.000000 1.000000 1.000000 0.000000
339 0.000000 0.000000 0.000000
340 1 69.234334 72.448003 174.685168 1.000000 1.000000 1.000000 0.000000
340 0.000000 0.000000 0.000000
341 1 26.066259 4.597440 18.507767 1.000000 1.000000 1.000000 0.000000
341 0.000000 0.000000 0.000000
342 1 83.945616 50.400206 42.455713 1.000000 1.000000 1.000000 0.000000
342 0.000000 0.000000 0.000000
343 1 19.388709 30.233508 94.468670 1.000000 1.000000 1.000000 0.000000
343 0.000000 0.000000 0.000000
344 1 98.613916 89.347556 34.996130 1.000000 1.000000 1.000000 0.000000
344 0.000000 0.000000 0.000000
345 1 44.526983 39.076023 129.962968 1.000000 1.000000 1.000000 0.000000
345 0.000000 0.000000 0.000000
346 1 20.851266 35.380541 44.366923 1.000000 1.000000 1.000000 0.000000
346 0.000000 0.000000 0.000000
347 1 29.727137 86.823408 199.155806 1.000000 1.000000 1.000000 0.000000
347 0.000000 0.000000 0.000000
348 1 83.019996 98.965466 103.600047 1.000000 1.000000 1.000000 0.000000
348 0.000000 0.000000 0.000000
349 1 68.458652 25.862707 143.330313 1.000000 1.000000 1.000000 0.000000
349 0.000000 0.000000 0.000000
350 1 23.994026 43.467630 65.288432 1.000000 1.000000 1.000000 0.000000
350 0.000000 0.000000 0.000000
351 1 31.266437 14.712889 175.361314 1.000000 1.000000 1.000000 0.000000
351 0.000000 0.000000 0.000000
352 1 39.887806 95.075084 148.536818 1.000000 1.000000 1.000000 0.000000
352 0.000000 0.000000 0.000000
353 1 58.681641 54.296870 144.319018 1.000000 1.000000 1.000000 0.000000
353 0.000000 0.000000 0.000000
354 1 50.483771 3.779634 64.003430 1.000000 1.000000 1.000000 0.000000
354 0.000000 0.000000 0.000000
355 1 57.653926 66.794277 115.769977 1.000000 1.000000 1.000000 0.000000
355 0.000000 0.000000 0.000000
356 1 51.063674 0.730503 107.853555 1.000000 1.000000 1.000000 0.000000
356 0.000000 0.000000 0.000000
357 1 46.505138 83.702939 30.442483 1.000000 1.000000 1.000000 0.000000
357 0.000000 0.000000 0.000000
358 1 46.185516 47.924881 114.748223 1.000000 1.000000 1.000000 0.000000
358 0.000000 0.000000 0.000000
359 1 58.264507 53.810132 161.925774 1.000000 1.000000 1.000000 0.000000
359 0.000000 0.000000 0.000000
360 1 95.932829 99.183029 179.449014 1.000000 1.000000 1.000000 0.000000
360 0.000000 0.000000 0.000000
361 1 28.109474 12.854584 93.516824 1.000000 1.000000 1.000000 0.000000
361 0.000000 0.000000 0.000000
362 1 48.560317 74.642768 140.826439 1.000000 1.000000 1.000000 0.000000
362 0.000000 0.000000 0.000000
363 1 13.919290 11.511950 32.513227 1.000000 1.000000 1.000000 0.000000
363 0.000000 0.000000 0.000000
364 1 33.192879 3.020832 104.319589 1.000000 1.000000 1.000000 0.000000
364 0.000000 0.000000 0.000000
365 1 32.232381 71.997977 197.180120 1.000000 1.000000 1.000000 0.000000
365 0.000000 0.000000 0.000000
366 1 91.575528 72.540166 111.936588 1.000000 1.000000 1.000000 0.000000
366 0.000000 0.000000 0.000000
367 1 59.529873 67.758741 63.180922 1.000000 1.000000 1.000000 0.000000
367 0.000000 0.000000 0.000000
368 1 59.334032 91.405464 130.393956 1.000000 1.000000 1.000000 0.000000
368 0.000000 0.000000 0.000000
369 1 16.194296 7.364536 191.429841 1.000000 1.000000 1.000000 0.000000
369 0.000000 0.000000 0.000000
370 1 30.739040 16.049797 130.810512 1.000000 1.000000 1.000000 0.000000
370 0.000000 0.000000 0.000000
371 1 28.432499 76.014142 181.643729 1.000000 1.000000 1.000000 0.000000
371 0.000000 0.000000 0.000000
372 1 94.429334 81.089900 166.220384 1.000000 1.000000 1.000000 0.000000
372 0.000000 0.000000 0.000000
373 1 64.528309 91.274227 121.432941 1.000000 1.000000 1.000000 0.000000
373 0.000000 0.000000 0.000000
374 1 31.477191 89.434976 198.631309 1.000000 1.000000 1.000000 0.000000
374 0.000000 0.000000 0.000000
375 1 76.369995 45.777617 144.076419 1.000000 1.000000 1.000000 0.000000
375 0.000000 0.000000 0.000000
376 1 89.661466 31.726542 166.082404 1.000000 1.000000 1.000000 0.000000
376 0.000000 0.000000 0.000000
377 1 5.474046 74.861698 81.482176 1.000000 1.000000 1.000000 0.000000
377 0.000000 0.000000 0.000000
378 1 27.117567 67.715927 58.056910 1.000000 1.000000 1.000000 0.000000
378 0.000000 0.000000 0.000000
379 1 72.299184 84.016581 84.436086 1.000000 1.000000 1.000000 0.000000
379 0.000000 0.000000 0.000000
380 1 80.192095 69.904603 31.197992 1.000000 1.000000 1.000000 0.000000
380 0.000000 0.000000 0.000000
381 1 18.292760 14.773025 100.361201 1.000000 1.000000 1.000000 0.000000
381 0.000000 0.000000 0.000000
382 1 28.347633 99.369559 170.857706 1.000000 1.000000 1.000000 0.000000
382 0.000000 0.000000 0.000000
383 1 91.684013 10.448182 156.549019 1.000000 1.000000 1.000000 0.000000
383 0.000000 0.000000 0.000000
384 1 35.876653 75.167775 112.944327 1.000000 1.000000 1.000000 0.000000
384 0.000000 0.000000 0.000000
385 1 4.210643 12.483335 154.283676 1.000000 1.000000 1.000000 0.000000
385 0.000000 0.000000 0.000000
386 1 17.521921 0.586431 55.118635 1.000000 1.000000 1.000000 0.000000
386 0.000000 0.000000 0.000000
387 1 64.774126 95.900266 2.002011 1.000000 1.000000 1.000000 0.000000
387 0.000000 0.000000 0.000000
388 1 69.351414 1.539779 166.278392 1.000000 1.000000 1.000000 0.000000
388 0.000000 0.000000 0.000000
389 1 98.826283 75.814631 144.022922 1.000000 1.000000 1.000000 0.000000
389 0.000000 0.000000 0.000000
390 1 49.350632 26.149975 30.342861 1.000000 1.000000 1.000000 0.000000
390 0.000000 0.000000 0.000000
391 1 35.027189 0.830015 51.557202 1.000000 1.000000 1.000000 0.000000
391 0.000000 0.000000 0.000000
392 1 21.722718 95.061352 84.423661 1.000000 1.000000 1.000000 0.000000
392 0.000000 0.000000 0.000000
393 1 91.314057 88.320092 143.125276 1.000000 1.000000 1.000000 0.000000
393 0.000000 0.000000 0.000000
394 1 35.180745 70.181799 184.643170 1.000000 1.000000 1.000000 0.000000
394 0.000000 0.000000 0.000000
395 1 33.620009 62.941060 19.817393 1.000000 1.000000 1.000000 0.000000
395 0.000000 0.000000 0.000000
396 1 49.958379 58.332697 24.891171 1.000000 1.000000 1.000000 0.000000
396 0.000000 0.000000 0.000000
397 1 38.526530 45.701929 45.844699 1.000000 1.000000 1.000000 0.000000
397 0.000000 0.000000 0.000000
398 1 92.373751 94.000900 47.111475 1.000000 1.000000 1.000000 0.000000
398 0.000000 0.000000 0.000000
399 1 49.542611 72.247537 52.142175 1.000000 1.000000 1.000000 0.000000
399 0.000000 0.000000 0.000000
400 1 1.715085 32.873784 13.114941 1.000000 1.000000 1.000000 0.000000
400 0.000000 0.000000 0.000000
401 1 57.522183 2.106734 14.456090 1.000000 1.000000 1.000000 0.000000
401 0.000000 0.000000 0.000000
402 1 74.190776 48.267318 1.817838 1.000000 1.000000 1.000000 0.000000
402 0.000000 0.000000 0.000000
403 1 41.240253 88.695733 125.625786 1.000000 1.000000 1.000000 0.000000
403 0.000000 0.000000 0.000000
404 1 25.969158 6.967813 103.949738 1.000000 1.000000 1.000000 0.000000
404 0.000000 0.000000 0.000000
405 1 89.747246 64.593520 16.525220 1.000000 1.000000 1.000000 0.000000
405 0.000000 0.000000 0.000000
406 1 43.226851 10.086867 124.971279 1.000000 1.000000 1.000000 0.000000
406 0.000000 0.000000 0.000000
407 1 78.889942 9.812709 189.457851 1.000000 1.000000 1.000000 0.000000
407 0.000000 0.000000 0.000000
408 1 71.429875 28.502741 71.871599 1.000000 1.000000 1.000000 0.000000
408 0.000000 0.000000 0.000000
409 1 19.435303 18.476775 133.817572 1.000000 1.000000 1.000000 0.000000
409 0.000000 0.000000 0.000000
410 1 12.607797 26.583766 114.917879 1.000000 1.000000 1.000000 0.000000
410 0.000000 0.000000 0.000000
411 1 35.813955 39.150667 27.815536 1.000000 1.000000 1.000000 0.000000
411 0.000000 0.000000 0.000000
412 1 53.745118 95.486351 152.458810 1.000000 1.000000 1.000000 0.000000
412 0.000000 0.000000 0.000000
413 1 96.649555 57.158940 27.153230 1.000000 1.000000 1.000000 0.000000
413 0.000000 0.000000 0.000000
414 1 4.233918 76.113090 76.922500 1.000000 1.000000 1.000000 0.000000
414 0.000000 0.000000 0.000000
415 1 95.584771 97.297598 62.203130 1.000000 1.000000 1.000000 0.000000
415 0.000000 0.000000 0.000000
416 1 46.643535 86.289448 185.749925 1.000000 1.000000 1.000000 0.000000
416 0.000000 0.000000 0.000000
417 1 87.264965 34.477020 150.257175 1.000000 1.000000 1.000000 0.000000
417 0.000000 0.000000 0.000000
418 1 47.746171 94.785851 28.612211 1.000000 1.000000 1.000000 0.000000
418 0.000000 0.000000 0.000000
419 1 90.354419 90.903303 83.333824 1.000000 1.000000 1.000000 0.000000
419 0.000000 0.000000 0.000000
420 1 97.908751 30.504217 72.345717 1.000000 1.000000 1.000000 0.000000
420 0.000000 0.000000 0.000000
421 1 39.985332 95.813553 195.068368 1.000000 1.000000 1.000000 0.000000
421 0.000000 0.000000 0.000000
422 1 11.262059 7.227967 185.095924 1.000000 1.000000 1.000000 0.000000
422 0.000000 0.000000 0.000000
423 1 43.007884 37.493833 62.269023 1.000000 1.000000 1.000000 0.000000
423 0.000000 0.000000 0.000000
424 1 70.161824 39.357994 156.413864 1.000000 1.000000 1.000000 0.000000
424 0.000000 0.000000 0.000000
425 1 64.569135 38.427752 192.953824 1.000000 1.000000 1.000000 0.000000
425 0.000000 0.000000 0.000000
426 1 28.553292 57.170313 2.226062 1.000000 1.000000 1.000000 0.000000
426 0.000000 0.000000 0.000000
427 1 3.362289 90.366969 172.268244 1.000000 1.000000 1.000000 0.000000
427 0.000000 0.000000 0.000000
428 1 2.725394 39.996356 60.321426 1.000000 1.000000 1.000000 0.000000
428 0.000000 0.000000 0.000000
429 1 45.733451 64.660256 159.939532 1.000000 1.000000 1.000000 0.000000
429 0.000000 0.000000 0.000000
430 1 47.722472 62.233638 14.236912 1.000000 1.000000 1.000000 0.000000
430 0.000000 0.000000 0.000000
431 1 16.499855 27.938815 79.709927 1.000000 1.000000 1.000000 0.000000
431 0.000000 0.000000 0.000000
432 1 55.602289 65.453344 44.861647 1.000000 1.000000 1.000000 0.000000
432 0.000000 0.000000 0.000000
433 1 11.485921 52.462589 150.948732 1.000000 1.000000 1.000000 0.000000
433 0.000000 0.000000 0.000000
434 1 88.871538 32.623270 103.427292 1.000000 1.000000 1.000000 0.000000
434 0.000000 0.000000 0.000000
435 1 35.134417 75.150407 175.968919 1.000000 1.000000 1.000000 0.000000
435 0.000000 0.000000 0.000000
436 1 3.466206 55.208140 58.070120 1.000000 1.000000 1.000000 0.000000
436 0.000000 0.000000 0.000000
437 1 17.476004 25.328976 172.111774 1.000000 1.000000 1.000000 0.000000
437 0.000000 0.000000 0.000000
438 1 90.746798 67.988653 107.910940 1.000000 1.000000 1.000000 0.000000
438 0.000000 0.000000 0.000000
439 1 37.412066 7.077644 61.874051 1.000000 1.000000 1.000000 0.000000
439 0.000000 0.000000 0.000000
440 1 32.085994 87.232162 79.470622 1.000000 1.000000 1.000000 0.000000
440 0.000000 0.000000 0.000000
441 1 89.701810 52.730386 135.914643 1.000000 1.000000 1.000000 0.000000
441 0.000000 0.000000 0.000000
442 1 96.763664 77.148826 114.463237 1.000000 1.000000 1.000000 0.000000
442 0.000000 0.000000 0.000000
443 1 44.413067 69.864024 157.822324 1.000000 1.000000 1.000000 0.000000
443 0.000000 0.000000 0.000000
444 1 32.969848 85.153097 55.283082 1.000000 1.000000 1.000000 0.000000
444 0.000000 0.000000 0.000000
445 1 50.463232 60.596076 31.959235 1.000000 1.000000 1.000000 0.000000
445 0.000000 0.000000 0.000000
446 1 43.454574 40.649318 60.531307 1.000000 1.000000 1.000000 0.000000
446 0.000000 0.000000 0.000000
447 1 5.081467 40.773645 117.169204 1.000000 1.000000 1.000000 0.000000
447 0.000000 0.000000 0.000000
448 1 81.230006 94.100655 106.910501 1.000000 1.000000 1.000000 0.000000
448 0.000000 0.000000 0.000000
449 1 14.965743 37.871593 76.159636 1.000000 1.000000 1.000000 0.000000
449 0.000000 0.000000 0.000000
450 1 39.397523 27.531330 183.469689 1.000000 1.000000 1.000000 0.000000
450 0.000000 0.000000 0.000000
451 1 71.005474 10.071451 189.802924 1.000000 1.000000 1.000000 0.000000
451 0.000000 0.000000 0.000000
452 1 90.218741 97.335792 43.587468 1.000000 1.000000 1.000000 0.000000
452 0.000000 0.000000 0.000000
453 1 91.195245 93.644204 1.923353 1.000000 1.000000 1.000000 0.000000
453 0.000000 0.000000 0.000000
454 1 43.632944 54.409546 148.314733 1.000000 1.000000 1.000000 0.000000
454 0.000000 0.000000 0.000000
455 1 66.203640 60.241234 106.773220 1.000000 1.000000 1.000000 0.000000
455 0.000000 0.000000 0.000000
456 1 93.239033 8.992121 95.508528 1.000000 1.000000 1.000000 0.000000
456 0.000000 0.000000 0.000000
457 1 83.063696 29.217290 170.545172 1.000000 1.000000 1.000000 0.000000
457 0.000000 0.000000 0.000000
458 1 14.457785 82.875939 65.920708 1.000000 1.000000 1.000000 0.000000
458 0.000000 0.000000 0.000000
459 1 71.639395 28.249167 111.006159 1.000000 1.000000 1.000000 0.000000
459 0.000000 0.000000 0.000000
460 1 26.995533 10.893463 44.852322 1.000000 1.000000 1.000000 0.000000
460 0.000000 0.000000 0.000000
461 1 5.292009 1.149609 17.741749 1.000000 1.000000 1.000000 0.000000
461 0.000000 0.000000 0.000000
462 1 10.095336 70.657327 168.895276 1.000000 1.000000 1.000000 0.000000
462 0.000000 0.000000 0.000000
463 1 97.040496 46.336279 148.845066 1.000000 1.000000 1.000000 0.000000
463 0.000000 0.000000 0.000000
464 1 21.917699 61.006594 67.204679 1.000000 1.000000 1.000000 0.000000
464 0.000000 0.000000 0.000000
465 1 98.385561 89.475977 50.955790 1.000000 1.000000 1.000000 0.000000
465 0.000000 0.000000 0.000000
466 1 41.377535 57.135102 191.726459 1.000000 1.000000 1.000000 0.000000
466 0.000000 0.000000 0.000000
467 1 60.747327 94.712792 170.530584 1.000000 1.000000 1.000000 0.000000
467 0.000000 0.000000 0.000000
468 1 54.767648 69.970508 83.499710 1.000000 1.000000 1.000000 0.000000
468 0.000000 0.000000 0.000000
469 1 41.761725 97.904721 4.736841 1.000000 1.000000 1.000000 0.000000
469 0.000000 0.000000 0.000000
470 1 3.044143 18.156239 144.690700 1.000000 1.000000 1.000000 0.000000
470 0.000000 0.000000 0.000000
471 1 83.127354 84.789840 120.069590 1.000000 1.000000 1.000000 0.000000
471 0.000000 0.000000 0.000000
472 1 94.524569 15.996476 136.233403 1.000000 1.000000 1.000000 0.000000
472 0.000000 0.000000 0.000000
473 1 23.639604 77.976182 49.727254 1.000000 1.000000 1.000000 0.000000
473 0.000000 0.000000 0.000000
474 1 94.778630 81.998140 197.662841 1.000000 1.000000 1.000000 0.000000
474 0.000000 0.000000 0.000000
475 1 11.878121 80.877320 61.792349 1.000000 1.000000 1.000000 0.000000
475 0.000000 0.000000 0.000000
476 1 22.049919 86.553560 106.493513 1.000000 1.000000 1.000000 0.000000
476 0.000000 0.000000 0.000000
477 1 75.373508 92.015008 32.309230 1.000000 1.000000 1.000000 0.000000
477 0.000000 0.000000 0.000000
478 1 1.877388 64.340094 105.411397 1.000000 1.000000 1.000000 0.000000
478 0.000000 0.000000 0.000000
479 1 62.862709 83.872551 182.033051 1.000000 1.000000 1.000000 0.000000
479 0.000000 0.000000 0.000000
480 1 33.146681 93.936008 38.892890 1.000000 1.000000 1.000000 0.000000
480 0.000000 0.000000 0.000000
481 1 96.124564 95.894066 169.434376 1.000000 1.000000 1.000000 0.000000
481 0.000000 0.000000 0.000000
482 1 52.077549 87.837738 67.347035 1.000000 1.000000 1.000000 0.000000
482 0.000000 0.000000 0.000000
483 1 82.950521 53.258565 19.532470 1.000000 1.000000 1.000000 0.000000
483 0.000000 0.000000 0.000000
484 1 88.689333 16.939324 44.187399 1.000000 1.000000 1.000000 0.000000
484 0.000000 0.000000 0.000000
485 1 99.959832 1.537494 166.563635 1.000000 1.000000 1.000000 0.000000
485 0.000000 0.000000 0.000000
486 1 42.614829 34.648249 109.258040 1.000000 1.000000 1.000000 0.000000
486 0.000000 0.000000 0.000000
487 1 64.088612 55.052207 198.508395 1.000000 1.000000 1.000000 0.000000
487 0.000000 0.000000 0.000000
488 1 13.256190 60.311963 81.191346 1.000000 1.000000 1.000000 0.000000
488 0.000000 0.000000 0.000000
489 1 77.437788 42.746775 53.694092 1.000000 1.000000 1.000000 0.000000
489 0.000000 0.000000 0.000000
490 1 83.464882 46.555235 151.018920 1.000000 1.000000 1.000000 0.000000
490 0.000000 0.000000 0.000000
491 1 63.861881 98.227146 88.260126 1.000000 1.000000 1.000000 0.000000
491 0.000000 0.000000 0.000000
492 1 83.000543 9.109756 12.234964 1.000000 1.000000 1.000000 0.000000
492 0.000000 0.000000 0.000000
493 1 82.642189 54.209844 19.835039 1.000000 1.000000 1.000000 0.000000
493 0.000000 0.000000 0.000000
494 1 43.714324 11.527043 8.045834 1.000000 1.000000 1.000000 0.000000
494 0.000000 0.000000 0.000000
495 1 41.921462 0.372590 6.600404 1.000000 1.000000 1.000000 0.000000
495 0.000000 0.000000 0.000000
496 1 72.916433 35.564410 176.751290 1.000000 1.000000 1.000000 0.000000
496 0.000000 0.000000 0.000000
497 1 9.528547 96.592667 24.864788 1.000000 1.000000 1.000000 0.000000
497 0.000000 0.000000 0.000000
498 1 8.120962 76.478502 178.619073 1.000000 1.000000 1.000000 0.000000
498 0.000000 0.000000 0.000000
499 1 84.198563 67.985514 91.219313 1.000000 1.000000 1.000000 0.000000
499 0.000000 0.000000 0.000000
