RESTART FILE
Timestep: 300

NUMBER OF PARTICLES
500

SIMULATION BOX
100 100 200

TIMESTEP
0.1

ATTRACTION RADIUS
1
0 

AGGREGATES/BEADS
0 1 7.018140 77.964994 39.397525 1.000000 1.000000 1.000000 0.000000
0 0.000000 0.000000 0.000000
1 1 84.485385 10.097433 139.891175 1.000000 1.000000 1.000000 0.000000
1 0.000000 0.000000 0.000000
2 1 23.315281 95.950900 35.177945 1.000000 1.000000 1.000000 0.000000
2 0.000000 0.000000 0.000000
3 1 0.614176 81.684812 135.671932 1.000000 1.000000 1.000000 0.000000
3 0.000000 0.000000 0.000000
4 1 37.418689 92.339306 113.943721 1.000000 1.000000 1.000000 0.000000
4 0.000000 0.000000 0.000000
5 1 30.985639 69.410025 182.798389 1.000000 1.000000 1.000000 0.000000
5 0.000000 0.000000 0.000000
6 1 82.992123 17.683492 190.761425 1.000000 1.000000 1.000000 0.000000
6 0.000000 0.000000 0.000000
7 1 61.917582 10.993608 145.725226 1.000000 1.000000 1.000000 0.000000
7 0.000000 0.000000 0.000000
8 1 49.052021 3.503920 104.914423 1.000000 1.000000 1.000000 0.000000
8 0.000000 0.000000 0.000000
9 1 45.422029 19.417295 50.295017 1.000000 1.000000 1.000000 0.000000
9 0.000000 0.000000 0.000000
10 1 0.143491 90.334661 49.599359 1.000000 1.000000 1.000000 0.000000
10 0.000000 0.000000 0.000000
11 1 23.345059 50.864069 8.321726 1.000000 1.000000 1.000000 0.000000
11 0.000000 0.000000 0.000000
12 1 79.481945 75.623165 80.161759 1.000000 1.000000 1.000000 0.000000
12 0.000000 0.000000 0.000000
13 1 66.886675 60.228437 14.878477 1.000000 1.000000 1.000000 0.000000
13 0.000000 0.000000 0.000000
14 1 30.498360 35.827900 12.241484 1.000000 1.000000 1.000000 0.000000
14 0.000000 0.000000 0.000000
15 1 43.551768 44.958691 188.543981 1.000000 1.000000 1.000000 0.000000
15 0.000000 0.000000 0.000000
16 1 73.572566 71.665995 12.523587 1.000000 1.000000 1.000000 0.000000
16 0.000000 0.000000 0.000000
17 1 89.815707 74.488285 90.360532 1.000000 1.000000 1.000000 0.000000
17 0.000000 0.000000 0.000000
18 1 79.086161 97.729751 181.429370 1.000000 1.000000 1.000000 0.000000
18 0.000000 0.000000 0.000000
19 1 62.676977 52.435683 173.108140 1.000000 1.000000 1.000000 0.000000
19 0.000000 0.000000 0.000000
20 1 77.960091 98.164504 120.079275 1.000000 1.000000 1.000000 0.000000
20 0.000000 0.000000 0.000000
21 1 11.395992 35.028255 41.667972 1.000000 1.000000 1.000000 0.000000
21 0.000000 0.000000 0.000000
22 1 69.142613 32.640922 142.997647 1.000000 1.000000 1.000000 0.000000
22 0.000000 0.000000 0.000000
23 1 74.011213 57.314845 104.405141 1.000000 1.000000 1.000000 0.000000
23 0.000000 0.000000 0.000000
24 1 18.504790 76.651585 83.542077 1.000000 1.000000 1.000000 0.000000
24 0.000000 0.000000 0.000000
25 1 83.326847 83.280288 77.308456 1.000000 1.000000 1.000000 0.000000
25 0.000000 0.000000 0.000000
26 1 98.032782 32.580746 46.472737 1.000000 1.000000 1.000000 0.000000
26 0.000000 0.000000 0.000000
27 1 55.104017 68.135972 8.290251 1.000000 1.000000 1.000000 0.000000
27 0.000000 0.000000 0.000000
28 1 61.912280 95.475003 81.455141 1.000000 1.000000 1.000000 0.000000
28 0.000000 0.000000 0.000000
29 1 39.029754 36.491151 26.834280 1.000000 1.000000 1.000000 0.000000
29 0.000000 0.000000 0.000000
30 1 26.818540 33.737939 0.784527 1.000000 1.000000 1.000000 0.000000
30 0.000000 0.000000 0.000000
31 1 94.080479 45.344098 16.260035 1.000000 1.000000 1.000000 0.000000
31 0.000000 0.000000 0.000000
32 1 9.510700 61.519451 185.282730 1.000000 1.000000 1.000000 0.000000
32 0.000000 0.000000 0.000000
33 1 90.537790 49.377157 31.565439 1.000000 1.000000 1.000000 0.000000
33 0.000000 0.000000 0.000000
34 1 13.696950 3.671126 62.787180 1.000000 1.000000 1.000000 0.000000
34 0.000000 0.000000 0.000000
35 1 23.527101 21.361880 31.923281 1.000000 1.000000 1.000000 0.000000
35 0.000000 0.000000 0.000000
36 1 85.775206 97.568415 50.926699 1.000000 1.000000 1.000000 0.000000
36 0.000000 0.000000 0.000000
37 1 3.269926 12.568498 142.076072 1.000000 1.000000 1.000000 0.000000
37 0.000000 0.000000 0.000000
38 1 60.844857 53.855398 64.217824 1.000000 1.000000 1.000000 0.000000
38 0.000000 0.000000 0.000000
39 1 41.660042 1.116182 25.232799 1.000000 1.000000 1.000000 0.000000
39 0.000000 0.000000 0.000000
40 1 9.645297 10.849899 76.904480 1.000000 1.000000 1.000000 0.000000
40 0.000000 0.000000 0.000000
41 1 61.758708 18.720456 108.713797 1.000000 1.000000 1.000000 0.000000
41 0.000000 0.000000 0.000000
42 1 31.564323 76.476046 127.419569 1.000000 1.000000 1.000000 0.000000
42 0.000000 0.000000 0.000000
43 1 26.275437 66.753523 2.623128 1.000000 1.000000 1.000000 0.000000
43 0.000000 0.000000 0.000000
44 1 67.590433 62.997089 124.818625 1.000000 1.000000 1.000000 0.000000
44 0.000000 0.000000 0.000000
45 1 48.658645 91.082929 86.878047 1.000000 1.000000 1.000000 0.000000
45 0.000000 0.000000 0.000000
46 1 47.073067 95.200660 71.254018 1.000000 1.000000 1.000000 0.000000
46 0.000000 0.000000 0.000000
47 1 21.587556 65.391398 22.441056 1.000000 1.000000 1.000000 0.000000
47 0.000000 0.000000 0.000000
48 1 40.657357 34.814012 9.984361 1.000000 1.000000 1.000000 0.000000
48 0.000000 0.000000 0.000000
49 1 84.196810 57.297124 34.750679 1.000000 1.000000 1.000000 0.000000
49 0.000000 0.000000 0.000000
50 1 98.900328 71.297727 6.498346 1.000000 1.000000 1.000000 0.000000
50 0.000000 0.000000 0.000000
51 1 16.831029 42.656509 127.054784 1.000000 1.000000 1.000000 0.000000
51 0.000000 0.000000 0.000000
52 1 61.104315 76.048331 146.377088 1.000000 1.000000 1.000000 0.000000
52 0.000000 0.000000 0.000000
53 1 68.473880 83.562658 57.233823 1.000000 1.000000 1.000000 0.000000
53 0.000000 0.000000 0.000000
54 1 27.594620 51.621537 50.459765 1.000000 1.000000 1.000000 0.000000
54 0.000000 0.000000 0.000000
55 1 68.008472 75.653586 123.335529 1.000000 1.000000 1.000000 0.000000
55 0.000000 0.000000 0.000000
56 1 30.262880 70.771155 189.221696 1.000000 1.000000 1.000000 0.000000
56 0.000000 0.000000 0.000000
57 1 77.597766 92.570884 150.475616 1.000000 1.000000 1.000000 0.000000
57 0.000000 0.000000 0.000000
58 1 33.760002 46.372185 51.796930 1.000000 1.000000 1.000000 0.000000
58 0.000000 0.000000 0.000000
59 1 63.338969 90.904944 0.162405 1.000000 1.000000 1.000000 0.000000
59 0.000000 0.000000 0.000000
60 1 9.606839 31.276215 26.180130 1.000000 1.000000 1.000000 0.000000
60 0.000000 0.000000 0.000000
61 1 60.161947 91.780335 0.690338 1.000000 1.000000 1.000000 0.000000
61 0.000000 0.000000 0.000000
62 1 29.543270 22.442086 115.377297 1.000000 1.000000 1.000000 0.000000
62 0.000000 0.000000 0.000000
63 1 9.569188 22.969220 31.383377 1.000000 1.000000 1.000000 0.000000
63 0.000000 0.000000 0.000000
64 1 56.427033 86.930383 90.185645 1.000000 1.000000 1.000000 0.000000
64 0.000000 0.000000 0.000000
65 1 88.614520 73.231461 81.832395 1.000000 1.000000 1.000000 0.000000
65 0.000000 0.000000 0.000000
66 1 85.367413 70.481623 2.746669 1.000000 1.000000 1.000000 0.000000
66 0.000000 0.000000 0.000000
67 1 64.027366 24.496854 24.592945 1.000000 1.000000 1.000000 0.000000
67 0.000000 0.000000 0.000000
68 1 17.133383 30.417063 144.030242 1.000000 1.000000 1.000000 0.000000
68 0.000000 0.000000 0.000000
69 1 89.791595 73.663450 0.030068 1.000000 1.000000 1.000000 0.000000
69 0.000000 0.000000 0.000000
70 1 45.350754 47.405933 107.900924 1.000000 1.000000 1.000000 0.000000
70 0.000000 0.000000 0.000000
71 1 71.065402 61.658864 14.310686 1.000000 1.000000 1.000000 0.000000
71 0.000000 0.000000 0.000000
72 1 83.031100 77.978481 66.749596 1.000000 1.000000 1.000000 0.000000
72 0.000000 0.000000 0.000000
73 1 68.371717 64.427173 68.787122 1.000000 1.000000 1.000000 0.000000
73 0.000000 0.000000 0.000000
74 1 41.395644 0.479057 82.213646 1.000000 1.000000 1.000000 0.000000
74 0.000000 0.000000 0.000000
75 1 92.265392 36.454753 115.403153 1.000000 1.000000 1.000000 0.000000
75 0.000000 0.000000 0.000000
76 1 83.270210 59.276997 31.047252 1.000000 1.000000 1.000000 0.000000
76 0.000000 0.000000 0.000000
77 1 77.870378 50.353031 52.572444 1.000000 1.000000 1.000000 0.000000
77 0.000000 0.000000 0.000000
78 1 98.559175 22.519949 164.123757 1.000000 1.000000 1.000000 0.000000
78 0.000000 0.000000 0.000000
79 1 21.742188 79.194706 4.824516 1.000000 1.000000 1.000000 0.000000
79 0.000000 0.000000 0.000000
80 1 6.288293 87.530684 40.106826 1.000000 1.000000 1.000000 0.000000
80 0.000000 0.000000 0.000000
81 1 74.211659 18.087840 2.308239 1.000000 1.000000 1.000000 0.000000
81 0.000000 0.000000 0.000000
82 1 46.968688 5.590732 132.778622 1.000000 1.000000 1.000000 0.000000
82 0.000000 0.000000 0.000000
83 1 59.764406 5.190070 164.406840 1.000000 1.000000 1.000000 0.000000
83 0.000000 0.000000 0.000000
84 1 68.272416 23.307602 153.592952 1.000000 1.000000 1.000000 0.000000
84 0.000000 0.000000 0.000000
85 1 25.355690 13.621679 102.085149 1.000000 1.000000 1.000000 0.000000
85 0.000000 0.000000 0.000000
86 1 8.731819 11.030406 62.615487 1.000000 1.000000 1.000000 0.000000
86 0.000000 0.000000 0.000000
87 1 60.841480 44.778388 83.522621 1.000000 1.000000 1.000000 0.000000
87 0.000000 0.000000 0.000000
88 1 16.419788 2.101445 158.388481 1.000000 1.000000 1.000000 0.000000
88 0.000000 0.000000 0.000000
89 1 20.493462 24.754141 117.594277 1.000000 1.000000 1.000000 0.000000
89 0.000000 0.000000 0.000000
90 1 11.474836 86.744792 30.780232 1.000000 1.000000 1.000000 0.000000
90 0.000000 0.000000 0.000000
91 1 0.167219 9.725014 13.060235 1.000000 1.000000 1.000000 0.000000
91 0.000000 0.000000 0.000000
92 1 5.035699 53.753537 80.468045 1.000000 1.000000 1.000000 0.000000
92 0.000000 0.000000 0.000000
93 1 39.242095 67.125672 180.653582 1.000000 1.000000 1.000000 0.000000
93 0.000000 0.000000 0.000000
94 1 94.771491 5.269192 101.005979 1.000000 1.000000 1.000000 0.000000
94 0.000000 0.000000 0.000000
95 1 71.519156 14.129086 51.128529 1.000000 1.000000 1.000000 0.000000
95 0.000000 0.000000 0.000000
96 1 65.556369 28.109398 11.813334 1.000000 1.000000 1.000000 0.000000
96 0.000000 0.000000 0.000000
97 1 50.257238 90.311009 33.873276 1.000000 1.000000 1.000000 0.000000
97 0.000000 0.000000 0.000000
98 1 58.177630 28.801222 32.421110 1.000000 1.000000 1.000000 0.000000
98 0.000000 0.000000 0.000000
99 1 58.252233 87.940107 72.215844 1.000000 1.000000 1.000000 0.000000
99 0.000000 0.000000 0.000000
100 1 76.379987 24.024554 192.573797 1.000000 1.000000 1.000000 0.000000
100 0.000000 0.000000 0.000000
101 1 65.062824 1.344383 127.152390 1.000000 1.000000 1.000000 0.000000
101 0.000000 0.000000 0.000000
102 1 29.267018 67.627274 105.804984 1.000000 1.000000 1.000000 0.000000
102 0.000000 0.000000 0.000000
103 1 73.057254 42.963670 132.579310 1.000000 1.000000 1.000000 0.000000
103 0.000000 0.000000 0.000000
104 1 55.605878 1.520788 67.638646 1.000000 1.000000 1.000000 0.000000
104 0.000000 0.000000 0.000000
105 1 81.628807 53.354598 194.991827 1.000000 1.000000 1.000000 0.000000
105 0.000000 0.000000 0.000000
106 1 81.320098 32.798335 168.823620 1.000000 1.000000 1.000000 0.000000
106 0.000000 0.000000 0.000000
107 1 91.091871 99.924698 47.626037 1.000000 1.000000 1.000000 0.000000
107 0.000000 0.000000 0.000000
108 1 8.182816 41.687736 160.846242 1.000000 1.000000 1.000000 0.000000
108 0.000000 0.000000 0.000000
109 1 17.691238 30.509375 158.075625 1.000000 1.000000 1.000000 0.000000
109 0.000000 0.000000 0.000000
110 1 49.521393 70.493487 181.206658 1.000000 1.000000 1.000000 0.000000
110 0.000000 0.000000 0.000000
111 1 83.112166 13.273430 75.376663 1.000000 1.000000 1.000000 0.000000
111 0.000000 0.000000 0.000000
112 1 31.220665 6.240609 46.662164 1.000000 1.000000 1.000000 0.000000
112 0.000000 0.000000 0.000000
113 1 29.580833 81.171592 137.964615 1.000000 1.000000 1.000000 0.000000
113 0.000000 0.000000 0.000000
114 1 60.108781 63.175198 125.723659 1.000000 1.000000 1.000000 0.000000
114 0.000000 0.000000 0.000000
115 1 64.886388 43.109131 141.811042 1.000000 1.000000 1.000000 0.000000
115 0.000000 0.000000 0.000000
116 1 53.540330 72.060690 115.500043 1.000000 1.000000 1.000000 0.000000
116 0.000000 0.000000 0.000000
117 1 39.570722 61.148568 11.822481 1.000000 1.000000 1.000000 0.000000
117 0.000000 0.000000 0.000000
118 1 34.610115 16.907269 67.750033 1.000000 1.000000 1.000000 0.000000
118 0.000000 0.000000 0.000000
119 1 28.599102 52.181812 176.987290 1.000000 1.000000 1.000000 0.000000
119 0.000000 0.000000 0.000000
120 1 96.881789 63.479393 12.201057 1.000000 1.000000 1.000000 0.000000
120 0.000000 0.000000 0.000000
121 1 43.999115 21.684372 56.174786 1.000000 1.000000 1.000000 0.000000
121 0.000000 0.000000 0.000000
122 1 61.547569 22.452623 168.135258 1.000000 1.000000 1.000000 0.000000
122 0.000000 0.000000 0.000000
123 1 11.101221 88.244433 6.075843 1.000000 1.000000 1.000000 0.000000
123 0.000000 0.000000 0.000000
124 1 68.832606 90.977391 185.598114 1.000000 1.000000 1.000000 0.000000
124 0.000000 0.000000 0.000000
125 1 84.338195 39.866491 68.906869 1.000000 1.000000 1.000000 0.000000
125 0.000000 0.000000 0.000000
126 1 11.898297 87.135838 105.809239 1.000000 1.000000 1.000000 0.000000
126 0.000000 0.000000 0.000000
127 1 52.328954 21.206006 179.135766 1.000000 1.000000 1.000000 0.000000
127 0.000000 0.000000 0.000000
128 1 52.184517 25.123371 138.526066 1.000000 1.000000 1.000000 0.000000
128 0.000000 0.000000 0.000000
129 1 68.720609 40.372283 154.553891 1.000000 1.000000 1.000000 0.000000
129 0.000000 0.000000 0.000000
130 1 94.690912 96.686865 127.507146 1.000000 1.000000 1.000000 0.000000
130 0.000000 0.000000 0.000000
131 1 54.670360 99.250075 114.718919 1.000000 1.000000 1.000000 0.000000
131 0.000000 0.000000 0.000000
132 1 38.124828 42.094877 41.620800 1.000000 1.000000 1.000000 0.000000
132 0.000000 0.000000 0.000000
133 1 24.975642 8.535195 72.744967 1.000000 1.000000 1.000000 0.000000
133 0.000000 0.000000 0.000000
134 1 77.219442 43.171956 46.708844 1.000000 1.000000 1.000000 0.000000
134 0.000000 0.000000 0.000000
135 1 1.383415 1.749141 18.124612 1.000000 1.000000 1.000000 0.000000
135 0.000000 0.000000 0.000000
136 1 25.215801 39.988498 80.597666 1.000000 1.000000 1.000000 0.000000
136 0.000000 0.000000 0.000000
137 1 50.990391 70.226597 154.460073 1.000000 1.000000 1.000000 0.000000
137 0.000000 0.000000 0.000000
138 1 89.929667 87.910102 6.411690 1.000000 1.000000 1.000000 0.000000
138 0.000000 0.000000 0.000000
139 1 31.210394 41.210917 184.043460 1.000000 1.000000 1.000000 0.000000
139 0.000000 0.000000 0.000000
140 1 72.882606 73.608558 171.141781 1.000000 1.000000 1.000000 0.000000
140 0.000000 0.000000 0.000000
141 1 43.801419 75.363985 106.943072 1.000000 1.000000 1.000000 0.000000
141 0.000000 0.000000 0.000000
142 1 9.043083 89.189753 81.303137 1.000000 1.000000 1.000000 0.000000
142 0.000000 0.000000 0.000000
143 1 61.521583 31.976883 151.892291 1.000000 1.000000 1.000000 0.000000
143 0.000000 0.000000 0.000000
144 1 17.693380 53.554817 173.751595 1.000000 1.000000 1.000000 0.000000
144 0.000000 0.000000 0.000000
145 1 76.486824 85.009970 173.956258 1.000000 1.000000 1.000000 0.000000
145 0.000000 0.000000 0.000000
146 1 56.207687 55.159636 43.708374 1.000000 1.000000 1.000000 0.000000
146 0.000000 0.000000 0.000000
147 1 69.824379 57.558329 119.470062 1.000000 1.000000 1.000000 0.000000
147 0.000000 0.000000 0.000000
148 1 21.338920 98.412844 142.105141 1.000000 1.000000 1.000000 0.000000
148 0.000000 0.000000 0.000000
149 1 26.498902 35.287625 107.029285 1.000000 1.000000 1.000000 0.000000
149 0.000000 0.000000 0.000000
150 1 59.207198 21.504516 42.831564 1.000000 1.000000 1.000000 0.000000
150 0.000000 0.000000 0.000000
151 1 24.599191 38.570621 155.999031 1.000000 1.000000 1.000000 0.000000
151 0.000000 0.000000 0.000000
152 1 53.137847 70.571672 126.641070 1.000000 1.000000 1.000000 0.000000
152 0.000000 0.000000 0.000000
153 1 51.603825 78.767072 188.560963 1.000000 1.000000 1.000000 0.000000
153 0.000000 0.000000 0.000000
154 1 99.154953 68.629124 114.611116 1.000000 1.000000 1.000000 0.000000
154 0.000000 0.000000 0.000000
155 1 27.160408 41.651494 0.307654 1.000000 1.000000 1.000000 0.000000
155 0.000000 0.000000 0.000000
156 1 92.583327 78.004756 83.897520 1.000000 1.000000 1.000000 0.000000
156 0.000000 0.000000 0.000000
157 1 18.451490 63.698811 129.768089 1.000000 1.000000 1.000000 0.000000
157 0.000000 0.000000 0.000000
158 1 23.537164 22.910741 174.266617 1.000000 1.000000 1.000000 0.000000
158 0.000000 0.000000 0.000000
159 1 65.346092 37.585945 195.449521 1.000000 1.000000 1.000000 0.000000
159 0.000000 0.000000 0.000000
160 1 20.983541 98.697108 40.922507 1.000000 1.000000 1.000000 0.000000
160 0.000000 0.000000 0.000000
161 1 95.670728 49.263644 128.945807 1.000000 1.000000 1.000000 0.000000
161 0.000000 0.000000 0.000000
162 1 26.957805 79.275830 116.911300 1.000000 1.000000 1.000000 0.000000
162 0.000000 0.000000 0.000000
163 1 18.054601 97.175343 12.960892 1.000000 1.000000 1.000000 0.000000
163 0.000000 0.000000 0.000000
164 1 8.922737 19.402102 158.986416 1.000000 1.000000 1.000000 0.000000
164 0.000000 0.000000 0.000000
165 1 95.424014 32.597478 159.439265 1.000000 1.000000 1.000000 0.000000
165 0.000000 0.000000 0.000000
166 1 65.077732 71.335989 79.245915 1.000000 1.000000 1.000000 0.000000
166 0.000000 0.000000 0.000000
167 1 58.258307 97.483546 20.362120 1.000000 1.000000 1.000000 0.000000
167 0.000000 0.000000 0.000000
168 1 90.213854 25.353374 154.627269 1.000000 1.000000 1.000000 0.000000
168 0.000000 0.000000 0.000000
169 1 58.528656 25.757491 34.193145 1.000000 1.000000 1.000000 0.000000
169 0.000000 0.000000 0.000000
170 1 8.851282 58.823010 170.857849 1.000000 1.000000 1.000000 0.000000
170 0.000000 0.000000 0.000000
171 1 84.365449 91.120750 133.993378 1.000000 1.000000 1.000000 0.000000
171 0.000000 0.000000 0.000000
172 1 25.546599 41.747245 91.966913 1.000000 1.000000 1.000000 0.000000
172 0.000000 0.000000 0.000000
173 1 50.178511 69.965992 83.387112 1.000000 1.000000 1.000000 0.000000
173 0.000000 0.000000 0.000000
174 1 69.500554 68.737798 10.171246 1.000000 1.000000 1.000000 0.000000
174 0.000000 0.000000 0.000000
175 1 40.437072 17.414302 137.629114 1.000000 1.000000 1.000000 0.000000
175 0.000000 0.000000 0.000000
176 1 30.712442 16.276367 74.941192 1.000000 1.000000 1.000000 0.000000
176 0.000000 0.000000 0.000000
177 1 70.825269 28.960838 112.784459 1.000000 1.000000 1.000000 0.000000
177 0.000000 0.000000 0.000000
178 1 40.723132 21.865283 2.531591 1.000000 1.000000 1.000000 0.000000
178 0.000000 0.000000 0.000000
179 1 50.780622 71.852738 107.013720 1.000000 1.000000 1.000000 0.000000
179 0.000000 0.000000 0.000000
180 1 27.052449 8.974001 22.745704 1.000000 1.000000 1.000000 0.000000
180 0.000000 0.000000 0.000000
181 1 36.621654 23.962751 188.791226 1.000000 1.000000 1.000000 0.000000
181 0.000000 0.000000 0.000000
182 1 63.508568 65.583545 34.192047 1.000000 1.000000 1.000000 0.000000
182 0.000000 0.000000 0.000000
183 1 11.118214 22.088203 128.384198 1.000000 1.000000 1.000000 0.000000
183 0.000000 0.000000 0.000000
184 1 66.064428 91.992637 75.805782 1.000000 1.000000 1.000000 0.000000
184 0.000000 0.000000 0.000000
185 1 38.321205 25.592622 158.522775 1.000000 1.000000 1.000000 0.000000
185 0.000000 0.000000 0.000000
186 1 87.632612 26.289294 33.442331 1.000000 1.000000 1.000000 0.000000
186 0.000000 0.000000 0.000000
187 1 34.539991 70.910441 60.036226 1.000000 1.000000 1.000000 0.000000
187 0.000000 0.000000 0.000000
188 1 51.430227 2.250826 7.814088 1.000000 1.000000 1.000000 0.000000
188 0.000000 0.000000 0.000000
189 1 92.842592 91.571144 103.669623 1.000000 1.000000 1.000000 0.000000
189 0.000000 0.000000 0.000000
190 1 14.115078 67.464261 44.345784 1.000000 1.000000 1.000000 0.000000
190 0.000000 0.000000 0.000000
191 1 58.630339 69.095803 97.067900 1.000000 1.000000 1.000000 0.000000
191 0.000000 0.000000 0.000000
192 1 47.788752 69.205442 18.286075 1.000000 1.000000 1.000000 0.000000
192 0.000000 0.000000 0.000000
193 1 30.109477 75.045370 180.162691 1.000000 1.000000 1.000000 0.000000
193 0.000000 0.000000 0.000000
194 1 84.167289 40.444266 173.815938 1.000000 1.000000 1.000000 0.000000
194 0.000000 0.000000 0.000000
195 1 25.687922 35.269770 170.738116 1.000000 1.000000 1.000000 0.000000
195 0.000000 0.000000 0.000000
196 1 60.092214 46.453712 125.293093 1.000000 1.000000 1.000000 0.000000
196 0.000000 0.000000 0.000000
197 1 73.385693 13.366142 132.128160 1.000000 1.000000 1.000000 0.000000
197 0.000000 0.000000 0.000000
198 1 2.717230 78.557020 22.322622 1.000000 1.000000 1.000000 0.000000
198 0.000000 0.000000 0.000000
199 1 20.787831 98.430593 167.004120 1.000000 1.000000 1.000000 0.000000
199 0.000000 0.000000 0.000000
200 1 33.211067 20.196266 135.576808 1.000000 1.000000 1.000000 0.000000
200 0.000000 0.000000 0.000000
201 1 18.991264 45.208464 115.010101 1.000000 1.000000 1.000000 0.000000
201 0.000000 0.000000 0.000000
202 1 82.436411 4.719348 5.180157 1.000000 1.000000 1.000000 0.000000
202 0.000000 0.000000 0.000000
203 1 59.314218 83.602761 42.408337 1.000000 1.000000 1.000000 0.000000
203 0.000000 0.000000 0.000000
204 1 30.532095 2.777540 121.724390 1.000000 1.000000 1.000000 0.000000
204 0.000000 0.000000 0.000000
205 1 41.591690 95.326886 31.951264 1.000000 1.000000 1.000000 0.000000
205 0.000000 0.000000 0.000000
206 1 44.907994 0.186373 193.351706 1.000000 1.000000 1.000000 0.000000
206 0.000000 0.000000 0.000000
207 1 33.200320 74.464836 157.430327 1.000000 1.000000 1.000000 0.000000
207 0.000000 0.000000 0.000000
208 1 89.191391 96.884603 111.071834 1.000000 1.000000 1.000000 0.000000
208 0.000000 0.000000 0.000000
209 1 46.626147 77.427681 120.691939 1.000000 1.000000 1.000000 0.000000
209 0.000000 0.000000 0.000000
210 1 2.569593 35.615451 21.597504 1.000000 1.000000 1.000000 0.000000
210 0.000000 0.000000 0.000000
211 1 33.332720 66.543965 71.259105 1.000000 1.000000 1.000000 0.000000
211 0.000000 0.000000 0.000000
212 1 99.092667 9.322632 125.710670 1.000000 1.000000 1.000000 0.000000
212 0.000000 0.000000 0.000000
213 1 3.538557 38.157760 164.281836 1.000000 1.000000 1.000000 0.000000
213 0.000000 0.000000 0.000000
214 1 45.522036 28.345444 15.307477 1.000000 1.000000 1.000000 0.000000
214 0.000000 0.000000 0.000000
215 1 31.579273 33.285788 45.267821 1.000000 1.000000 1.000000 0.000000
215 0.000000 0.000000 0.000000
216 1 84.477344 53.439913 118.246573 1.000000 1.000000 1.000000 0.000000
216 0.000000 0.000000 0.000000
217 1 55.395435 35.675325 172.281002 1.000000 1.000000 1.000000 0.000000
217 0.000000 0.000000 0.000000
218 1 51.350259 52.671681 101.131907 1.000000 1.000000 1.000000 0.000000
218 0.000000 0.000000 0.000000
219 1 76.223884 74.582582 42.999998 1.000000 1.000000 1.000000 0.000000
219 0.000000 0.000000 0.000000
220 1 77.788922 56.464393 83.988966 1.000000 1.000000 1.000000 0.000000
220 0.000000 0.000000 0.000000
221 1 29.988006 22.513306 158.496649 1.000000 1.000000 1.000000 0.000000
221 0.000000 0.000000 0.000000
222 1 54.365631 24.166910 92.993119 1.000000 1.000000 1.000000 0.000000
222 0.000000 0.000000 0.000000
223 1 86.051988 72.823080 148.378788 1.000000 1.000000 1.000000 0.000000
223 0.000000 0.000000 0.000000
224 1 52.865640 3.149921 183.065364 1.000000 1.000000 1.000000 0.000000
224 0.000000 0.000000 0.000000
225 1 24.388554 15.620433 83.992975 1.000000 1.000000 1.000000 0.000000
225 0.000000 0.000000 0.000000
226 1 29.029859 85.258689 48.343211 1.000000 1.000000 1.000000 0.000000
226 0.000000 0.000000 0.000000
227 1 32.056627 5.310839 172.578380 1.000000 1.000000 1.000000 0.000000
227 0.000000 0.000000 0.000000
228 1 68.007475 65.418731 30.431744 1.000000 1.000000 1.000000 0.000000
228 0.000000 0.000000 0.000000
229 1 30.308495 55.134197 22.862844 1.000000 1.000000 1.000000 0.000000
229 0.000000 0.000000 0.000000
230 1 29.843990 22.920020 1.101535 1.000000 1.000000 1.000000 0.000000
230 0.000000 0.000000 0.000000
231 1 95.524199 41.847279 18.142643 1.000000 1.000000 1.000000 0.000000
231 0.000000 0.000000 0.000000
232 1 93.021595 66.141289 90.486536 1.000000 1.000000 1.000000 0.000000
232 0.000000 0.000000 0.000000
233 1 23.108768 69.858540 28.665587 1.000000 1.000000 1.000000 0.000000
233 0.000000 0.000000 0.000000
234 1 21.283653 17.637798 118.548971 1.000000 1.000000 1.000000 0.000000
234 0.000000 0.000000 0.000000
235 1 11.124724 70.467127 13.767887 1.000000 1.000000 1.000000 0.000000
235 0.000000 0.000000 0.000000
236 1 45.495886 25.585098 192.170296 1.000000 1.000000 1.000000 0.000000
236 0.000000 0.000000 0.000000
237 1 24.011327 67.859816 61.107165 1.000000 1.000000 1.000000 0.000000
237 0.000000 0.000000 0.000000
238 1 11.302135 56.384655 110.159157 1.000000 1.000000 1.000000 0.000000
238 0.000000 0.000000 0.000000
239 1 12.848943 62.864522 180.891336 1.000000 1.000000 1.000000 0.000000
239 0.000000 0.000000 0.000000
240 1 51.832393 33.526445 47.772020 1.000000 1.000000 1.000000 0.000000
240 0.000000 0.000000 0.000000
241 1 98.089597 42.548699 40.261644 1.000000 1.000000 1.000000 0.000000
241 0.000000 0.000000 0.000000
242 1 23.787829 1.870470 65.850741 1.000000 1.000000 1.000000 0.000000
242 0.000000 0.000000 0.000000
243 1 92.869792 18.453656 72.636334 1.000000 1.000000 1.000000 0.000000
243 0.000000 0.000000 0.000000
244 1 4.036624 61.779185 60.688531 1.000000 1.000000 1.000000 0.000000
244 0.000000 0.000000 0.000000
245 1 83.139130 13.791763 16.133776 1.000000 1.000000 1.000000 0.000000
245 0.000000 0.000000 0.000000
246 1 36.225599 29.446575 99.949119 1.000000 1.000000 1.000000 0.000000
246 0.000000 0.000000 0.000000
247 1 18.926632 27.851892 115.304898 1.000000 1.000000 1.000000 0.000000
247 0.000000 0.000000 0.000000
248 1 89.727679 49.087605 64.472718 1.000000 1.000000 1.000000 0.000000
248 0.000000 0.000000 0.000000
249 1 66.678808 82.747028 14.759220 1.000000 1.000000 1.000000 0.000000
249 0.000000 0.000000 0.000000
250 1 90.512117 2.450001 106.677417 1.000000 1.000000 1.000000 0.000000
250 0.000000 0.000000 0.000000
251 1 59.567103 8.565433 125.030129 1.000000 1.000000 1.000000 0.000000
251 0.000000 0.000000 0.000000
252 1 87.676066 55.752141 57.403205 1.000000 1.000000 1.000000 0.000000
252 0.000000 0.000000 0.000000
253 1 70.476436 75.313110 40.458311 1.000000 1.000000 1.000000 0.000000
253 0.000000 0.000000 0.000000
254 1 79.394661 56.985486 176.921358 1.000000 1.000000 1.000000 0.000000
254 0.000000 0.000000 0.000000
255 1 94.234051 35.092718 45.809414 1.000000 1.000000 1.000000 0.000000
255 0.000000 0.000000 0.000000
256 1 73.245625 40.706247 137.607452 1.000000 1.000000 1.000000 0.000000
256 0.000000 0.000000 0.000000
257 1 82.546862 79.217640 2.066588 1.000000 1.000000 1.000000 0.000000
257 0.000000 0.000000 0.000000
258 1 38.834429 6.598026 133.434154 1.000000 1.000000 1.000000 0.000000
258 0.000000 0.000000 0.000000
259 1 40.238284 17.691722 98.725815 1.000000 1.000000 1.000000 0.000000
259 0.000000 0.000000 0.000000
260 1 4.373671 60.858170 164.146496 1.000000 1.000000 1.000000 0.000000
260 0.000000 0.000000 0.000000
261 1 7.997202 76.692428 192.595365 1.000000 1.000000 1.000000 0.000000
261 0.000000 0.000000 0.000000
262 1 60.113764 30.026235 54.953582 1.000000 1.000000 1.000000 0.000000
262 0.000000 0.000000 0.000000
263 1 48.213510 86.324887 184.128564 1.000000 1.000000 1.000000 0.000000
263 0.000000 0.000000 0.000000
264 1 14.192228 60.653541 23.802664 1.000000 1.000000 1.000000 0.000000
264 0.000000 0.000000 0.000000
265 1 63.004359 70.839373 60.877555 1.000000 1.000000 1.000000 0.000000
265 0.000000 0.000000 0.000000
266 1 15.943220 16.066910 141.674724 1.000000 1.000000 1.000000 0.000000
266 0.000000 0.000000 0.000000
267 1 72.817613 63.514842 136.923883 1.000000 1.000000 1.000000 0.000000
267 0.000000 0.000000 0.000000
268 1 93.792514 71.251304 171.616452 1.000000 1.000000 1.000000 0.000000
268 0.000000 0.000000 0.000000
269 1 64.558410 32.154907 87.468951 1.000000 1.000000 1.000000 0.000000
269 0.000000 0.000000 0.000000
270 1 43.119745 19.784272 34.962815 1.000000 1.000000 1.000000 0.000000
270 0.000000 0.000000 0.000000
271 1 5.860810 24.857248 176.584781 1.000000 1.000000 1.000000 0.000000
271 0.000000 0.000000 0.000000
272 1 24.894897 30.166706 44.102841 1.000000 1.000000 1.000000 0.000000
272 0.000000 0.000000 0.000000
273 1 48.893707 94.347192 194.326147 1.000000 1.000000 1.000000 0.000000
273 0.000000 0.000000 0.000000
274 1 82.072408 66.466360 42.306837 1.000000 1.000000 1.000000 0.000000
274 0.000000 0.000000 0.000000
275 1 21.422200 95.638873 76.267106 1.000000 1.000000 1.000000 0.000000
275 0.000000 0.000000 0.000000
276 1 55.087924 76.440101 94.148031 1.000000 1.000000 1.000000 0.000000
276 0.000000 0.000000 0.000000
277 1 69.367935 85.539935 153.742926 1.000000 1.000000 1.000000 0.000000
277 0.000000 0.000000 0.000000
278 1 92.490694 92.169493 102.244698 1.000000 1.000000 1.000000 0.000000
278 0.000000 0.000000 0.000000
279 1 3.226299 98.086491 46.177703 1.000000 1.000000 1.000000 0.000000
279 0.000000 0.000000 0.000000
280 1 80.150499 32.603411 113.485429 1.000000 1.000000 1.000000 0.000000
280 0.000000 0.000000 0.000000
281 1 92.089593 19.681373 153.225464 1.000000 1.000000 1.000000 0.000000
281 0.000000 0.000000 0.000000
282 1 5.853409 77.595562 32.744920 1.000000 1.000000 1.000000 0.000000
282 0.000000 0.000000 0.000000
283 1 54.321321 31.062012 59.900689 1.000000 1.000000 1.000000 0.000000
283 0.000000 0.000000 0.000000
284 1 82.286156 49.445008 3.360644 1.000000 1.000000 1.000000 0.000000
284 0.000000 0.000000 0.000000
285 1 49.604467 82.489287 50.939837 1.000000 1.000000 1.000000 0.000000
285 0.000000 0.000000 0.000000
286 1 48.217349 62.324645 57.529565 1.000000 1.000000 1.000000 0.000000
286 0.000000 0.000000 0.000000
287 1 39.835770 63.378739 45.364564 1.000000 1.000000 1.000000 0.000000
287 0.000000 0.000000 0.000000
288 1 24.908384 31.863856 72.610053 1.000000 1.000000 1.000000 0.000000
288 0.000000 0.000000 0.000000
289 1 99.694240 49.288815 87.502080 1.000000 1.000000 1.000000 0.000000
289 0.000000 0.000000 0.000000
290 1 69.822585 13.596655 86.176255 1.000000 1.000000 1.000000 0.000000
290 0.000000 0.000000 0.000000
291 1 60.290024 10.359405 54.646486 1.000000 1.000000 1.000000 0.000000
291 0.000000 0.000000 0.000000
292 1 99.520777 73.434206 87.908802 1.000000 1.000000 1.000000 0.000000
292 0.000000 0.000000 0.000000
293 1 8.838966 1.392558 69.827635 1.000000 1.000000 1.000000 0.000000
293 0.000000 0.000000 0.000000
294 1 42.485486 48.147775 107.171960 1.000000 1.000000 1.000000 0.000000
294 0.000000 0.000000 0.000000
295 1 20.078113 39.552732 114.479570 1.000000 1.000000 1.000000 0.000000
295 0.000000 0.000000 0.000000
296 1 9.615690 69.004560 56.894069 1.000000 1.000000 1.000000 0.000000
296 0.000000 0.000000 0.000000
297 1 21.184055 9.628387 183.395294 1.000000 1.000000 1.000000 0.000000
297 0.000000 0.000000 0.000000
298 1 68.867235 98.245179 103.532171 1.000000 1.000000 1.000000 0.000000
298 0.000000 0.000000 0.000000
299 1 47.608790 35.792288 13.506292 1.000000 1.000000 1.000000 0.000000
299 0.000000 0.000000 0.000000
300 1 92.454977 72.080178 45.446333 1.000000 1.000000 1.000000 0.000000
300 0.000000 0.000000 0.000000
301 1 79.146201 29.530917 53.990444 1.000000 1.000000 1.000000 0.000000
301 0.000000 0.000000 0.000000
302 1 53.424812 24.509365 1.743564 1.000000 1.000000 1.000000 0.000000
302 0.000000 0.000000 0.000000
303 1 49.912406 73.131199 169.848151 1.000000 1.000000 1.000000 0.000000
303 0.000000 0.000000 0.000000
304 1 29.037793 31.813604 39.794359 1.000000 1.000000 1.000000 0.000000
304 0.000000 0.000000 0.000000
305 1 44.236026 17.734428 118.069761 1.000000 1.000000 1.000000 0.000000
305 0.000000 0.000000 0.000000
306 1 40.134024 58.186707 87.064040 1.000000 1.000000 1.000000 0.000000
306 0.000000 0.000000 0.000000
307 1 35.119535 56.314730 120.890143 1.000000 1.000000 1.000000 0.000000
307 0.000000 0.000000 0.000000
308 1 32.309992 90.751271 176.220868 1.000000 1.000000 1.000000 0.000000
308 0.000000 0.000000 0.000000
309 1 3.842751 4.215248 192.619319 1.000000 1.000000 1.000000 0.000000
309 0.000000 0.000000 0.000000
310 1 33.418526 91.426297 130.706933 1.000000 1.000000 1.000000 0.000000
310 0.000000 0.000000 0.000000
311 1 85.190959 95.553417 147.667561 1.000000 1.000000 1.000000 0.000000
311 0.000000 0.000000 0.000000
312 1 27.855832 41.478228 47.587955 1.000000 1.000000 1.000000 0.000000
312 0.000000 0.000000 0.000000
313 1 38.620361 11.621690 149.610506 1.000000 1.000000 1.000000 0.000000
313 0.000000 0.000000 0.000000
314 1 58.284072 77.333355 27.699798 1.000000 1.000000 1.000000 0.000000
314 0.000000 0.000000 0.000000
315 1 47.970675 17.839788 74.057153 1.000000 1.000000 1.000000 0.000000
315 0.000000 0.000000 0.000000
316 1 90.566560 80.274259 158.608423 1.000000 1.000000 1.000000 0.000000
316 0.000000 0.000000 0.000000
317 1 84.001865 67.193168 8.611556 1.000000 1.000000 1.000000 0.000000
317 0.000000 0.000000 0.000000
318 1 4.944776 23.867268 116.331071 1.000000 1.000000 1.000000 0.000000
318 0.000000 0.000000 0.000000
319 1 88.134745 41.170174 124.784746 1.000000 1.000000 1.000000 0.000000
319 0.000000 0.000000 0.000000
320 1 48.254125 26.950812 108.140759 1.000000 1.000000 1.000000 0.000000
320 0.000000 0.000000 0.000000
321 1 5.524345 9.406423 136.286130 1.000000 1.000000 1.000000 0.000000
321 0.000000 0.000000 0.000000
322 1 93.169043 94.876243 12.970215 1.000000 1.000000 1.000000 0.000000
322 0.000000 0.000000 0.000000
323 1 82.536474 27.338167 129.189315 1.000000 1.000000 1.000000 0.000000
323 0.000000 0.000000 0.000000
324 1 70.245619 76.980077 48.641720 1.000000 1.000000 1.000000 0.000000
324 0.000000 0.000000 0.000000
325 1 46.232437 49.232386 97.158003 1.000000 1.000000 1.000000 0.000000
325 0.000000 0.000000 0.000000
326 1 99.859851 57.899791 43.718330 1.000000 1.000000 1.000000 0.000000
326 0.000000 0.000000 0.000000
327 1 7.362255 74.551692 170.587123 1.000000 1.000000 1.000000 0.000000
327 0.000000 0.000000 0.000000
328 1 65.263250 85.330513 156.604884 1.000000 1.000000 1.000000 0.000000
328 0.000000 0.000000 0.000000
329 1 30.536231 99.537523 128.451271 1.000000 1.000000 1.000000 0.000000
329 0.000000 0.000000 0.000000
330 1 41.201985 93.132946 78.229574 1.000000 1.000000 1.000000 0.000000
330 0.000000 0.000000 0.000000
331 1 65.997285 93.732334 53.954321 1.000000 1.000000 1.000000 0.000000
331 0.000000 0.000000 0.000000
332 1 98.398083 62.266464 170.009711 1.000000 1.000000 1.000000 0.000000
332 0.000000 0.000000 0.000000
333 1 76.626607 57.530509 9.937751 1.000000 1.000000 1.000000 0.000000
333 0.000000 0.000000 0.000000
334 1 27.194424 72.837721 94.516601 1.000000 1.000000 1.000000 0.000000
334 0.000000 0.000000 0.000000
335 1 95.847165 50.563965 42.254547 1.000000 1.000000 1.000000 0.000000
335 0.000000 0.000000 0.000000
336 1 65.868077 53.316816 57.352563 1.000000 1.000000 1.000000 0.000000
336 0.000000 0.000000 0.000000
337 1 40.378956 55.701280 115.451013 1.000000 1.000000 1.000000 0.000000
337 0.000000 0.000000 0.000000
338 1 62.160208 31.976453 164.748262 1.000000 1.000000 1.000000 0.000000
338 0.000000 0.000000 0.000000
339 1 89.319236 24.019595 29.001918 1.000000 1.000000 1.000000 0.000000
339 0.000000 0.000000 0.000000
340 1 70.216083 71.478131 177.767143 1.000000 1.000000 1.000000 0.000000
340 0.000000 0.000000 0.000000
341 1 21.357674 1.479259 15.370145 1.000000 1.000000 1.000000 0.000000
341 0.000000 0.000000 0.000000
342 1 84.761260 56.091114 27.030030 1.000000 1.000000 1.000000 0.000000
342 0.000000 0.000000 0.000000
343 1 16.573533 17.285137 98.190878 1.000000 1.000000 1.000000 0.000000
343 0.000000 0.000000 0.000000
344 1 3.619171 92.741627 35.439117 1.000000 1.000000 1.000000 0.000000
344 0.000000 0.000000 0.000000
345 1 51.800509 50.669763 139.802564 1.000000 1.000000 1.000000 0.000000
345 0.000000 0.000000 0.000000
346 1 27.473829 35.267991 66.160214 1.000000 1.000000 1.000000 0.000000
346 0.000000 0.000000 0.000000
347 1 29.997578 79.041736 0.215916 1.000000 1.000000 1.000000 0.000000
347 0.000000 0.000000 0.000000
348 1 85.094338 3.243835 93.863728 1.000000 1.000000 1.000000 0.000000
348 0.000000 0.000000 0.000000
349 1 71.676029 27.767631 143.549871 1.000000 1.000000 1.000000 0.000000
349 0.000000 0.000000 0.000000
350 1 14.442712 30.183549 62.331812 1.000000 1.000000 1.000000 0.000000
350 0.000000 0.000000 0.000000
351 1 33.067769 10.171092 178.028761 1.000000 1.000000 1.000000 0.000000
351 0.000000 0.000000 0.000000
352 1 30.384358 95.763077 155.443138 1.000000 1.000000 1.000000 0.000000
352 0.000000 0.000000 0.000000
353 1 66.967595 59.250021 133.843302 1.000000 1.000000 1.000000 0.000000
353 0.000000 0.000000 0.000000
354 1 48.588773 8.857994 62.187199 1.000000 1.000000 1.000000 0.000000
354 0.000000 0.000000 0.000000
355 1 58.204808 71.675647 116.119244 1.000000 1.000000 1.000000 0.000000
355 0.000000 0.000000 0.000000
356 1 45.549474 7.348611 100.218735 1.000000 1.000000 1.000000 0.000000
356 0.000000 0.000000 0.000000
357 1 36.535178 84.946431 29.367384 1.000000 1.000000 1.000000 0.000000
357 0.000000 0.000000 0.000000
358 1 44.484891 46.462262 115.381425 1.000000 1.000000 1.000000 0.000000
358 0.000000 0.000000 0.000000
359 1 62.435580 49.783194 156.265546 1.000000 1.000000 1.000000 0.000000
359 0.000000 0.000000 0.000000
360 1 83.116407 99.444583 194.826155 1.000000 1.000000 1.000000 0.000000
360 0.000000 0.000000 0.000000
361 1 38.712924 16.043995 90.665693 1.000000 1.000000 1.000000 0.000000
361 0.000000 0.000000 0.000000
362 1 45.810030 81.321307 143.679053 1.000000 1.000000 1.000000 0.000000
362 0.000000 0.000000 0.000000
363 1 14.632606 4.404047 28.297200 1.000000 1.000000 1.000000 0.000000
363 0.000000 0.000000 0.000000
364 1 27.011966 14.585600 105.169208 1.000000 1.000000 1.000000 0.000000
364 0.000000 0.000000 0.000000
365 1 31.398272 72.293732 0.821415 1.000000 1.000000 1.000000 0.000000
365 0.000000 0.000000 0.000000
366 1 95.806256 78.292517 110.569293 1.000000 1.000000 1.000000 0.000000
366 0.000000 0.000000 0.000000
367 1 59.104750 63.870622 69.247067 1.000000 1.000000 1.000000 0.000000
367 0.000000 0.000000 0.000000
368 1 53.590596 89.888628 123.827847 1.000000 1.000000 1.000000 0.000000
368 0.000000 0.000000 0.000000
369 1 16.019926 7.560743 190.897722 1.000000 1.000000 1.000000 0.000000
369 0.000000 0.000000 0.000000
370 1 35.528337 29.410889 120.571258 1.000000 1.000000 1.000000 0.000000
370 0.000000 0.000000 0.000000
371 1 27.172097 74.227848 180.805964 1.000000 1.000000 1.000000 0.000000
371 0.000000 0.000000 0.000000
372 1 93.493954 79.315905 151.194831 1.000000 1.000000 1.000000 0.000000
372 0.000000 0.000000 0.000000
373 1 65.922401 95.992865 115.035994 1.000000 1.000000 1.000000 0.000000
373 0.000000 0.000000 0.000000
374 1 25.480701 91.384039 195.569088 1.000000 1.000000 1.000000 0.000000
374 0.000000 0.000000 0.000000
375 1 78.312847 36.841025 147.381310 1.000000 1.000000 1.000000 0.000000
375 0.000000 0.000000 0.000000
376 1 83.658686 24.447193 165.856658 1.000000 1.000000 1.000000 0.000000
376 0.000000 0.000000 0.000000
377 1 93.802769 71.510267 83.189219 1.000000 1.000000 1.000000 0.000000
377 0.000000 0.000000 0.000000
378 1 30.140618 67.127150 56.445303 1.000000 1.000000 1.000000 0.000000
378 0.000000 0.000000 0.000000
379 1 66.285428 89.068595 77.399351 1.000000 1.000000 1.000000 0.000000
379 0.000000 0.000000 0.000000
380 1 70.958441 82.729779 37.189319 1.000000 1.000000 1.000000 0.000000
380 0.000000 0.000000 0.000000
381 1 14.102668 18.588999 91.186121 1.000000 1.000000 1.000000 0.000000
381 0.000000 0.000000 0.000000
382 1 27.813723 93.360480 161.834174 1.000000 1.000000 1.000000 0.000000
382 0.000000 0.000000 0.000000
383 1 89.034027 23.621815 159.149228 1.000000 1.000000 1.000000 0.000000
383 0.000000 0.000000 0.000000
384 1 32.041392 70.596309 118.565691 1.000000 1.000000 1.000000 0.000000
384 0.000000 0.000000 0.000000
385 1 6.444234 18.926418 151.210359 1.000000 1.000000 1.000000 0.000000
385 0.000000 0.000000 0.000000
386 1 22.761316 4.115430 48.305865 1.000000 1.000000 1.000000 0.000000
386 0.000000 0.000000 0.000000
387 1 70.618413 86.942286 199.076912 1.000000 1.000000 1.000000 0.000000
387 0.000000 0.000000 0.000000
388 1 62.236640 93.512036 165.248313 1.000000 1.000000 1.000000 0.000000
388 0.000000 0.000000 0.000000
389 1 91.596823 66.769935 161.076034 1.000000 1.000000 1.000000 0.000000
389 0.000000 0.000000 0.000000
390 1 45.226021 15.892361 29.575274 1.000000 1.000000 1.000000 0.000000
390 0.000000 0.000000 0.000000
391 1 31.562577 97.513470 52.332541 1.000000 1.000000 1.000000 0.000000
391 0.000000 0.000000 0.000000
392 1 29.180549 96.728009 83.204192 1.000000 1.000000 1.000000 0.000000
392 0.000000 0.000000 0.000000
393 1 94.505093 80.010966 133.538452 1.000000 1.000000 1.000000 0.000000
393 0.000000 0.000000 0.000000
394 1 30.503093 76.891388 179.044751 1.000000 1.000000 1.000000 0.000000
394 0.000000 0.000000 0.000000
395 1 42.099263 70.280981 13.628603 1.000000 1.000000 1.000000 0.000000
395 0.000000 0.000000 0.000000
396 1 46.657779 45.283891 30.938766 1.000000 1.000000 1.000000 0.000000
396 0.000000 0.000000 0.000000
397 1 38.787742 45.855283 40.971618 1.000000 1.000000 1.000000 0.000000
397 0.000000 0.000000 0.000000
398 1 92.634965 96.612310 41.675325 1.000000 1.000000 1.000000 0.000000
398 0.000000 0.000000 0.000000
399 1 42.656856 65.666597 52.250193 1.000000 1.000000 1.000000 0.000000
399 0.000000 0.000000 0.000000
400 1 5.927407 43.363708 7.004313 1.000000 1.000000 1.000000 0.000000
400 0.000000 0.000000 0.000000
401 1 59.514766 6.643172 26.151686 1.000000 1.000000 1.000000 0.000000
401 0.000000 0.000000 0.000000
402 1 73.718277 54.002863 193.230089 1.000000 1.000000 1.000000 0.000000
402 0.000000 0.000000 0.000000
403 1 45.586023 77.272548 125.232958 1.000000 1.000000 1.000000 0.000000
403 0.000000 0.000000 0.000000
404 1 25.590508 5.814452 99.224625 1.000000 1.000000 1.000000 0.000000
404 0.000000 0.000000 0.000000
405 1 97.444378 64.777216 24.411108 1.000000 1.000000 1.000000 0.000000
405 0.000000 0.000000 0.000000
406 1 47.272553 15.357301 123.875260 1.000000 1.000000 1.000000 0.000000
406 0.000000 0.000000 0.000000
407 1 79.965932 9.435297 191.289914 1.000000 1.000000 1.000000 0.000000
407 0.000000 0.000000 0.000000
408 1 77.457422 33.273280 72.003110 1.000000 1.000000 1.000000 0.000000
408 0.000000 0.000000 0.000000
409 1 25.108313 11.638199 121.067074 1.000000 1.000000 1.000000 0.000000
409 0.000000 0.000000 0.000000
410 1 22.671558 29.973300 106.029426 1.000000 1.000000 1.000000 0.000000
410 0.000000 0.000000 0.000000
411 1 49.571838 42.309082 29.428781 1.000000 1.000000 1.000000 0.000000
411 0.000000 0.000000 0.000000
412 1 56.430355 99.582725 144.675627 1.000000 1.000000 1.000000 0.000000
412 0.000000 0.000000 0.000000
413 1 90.400444 48.220620 20.841777 1.000000 1.000000 1.000000 0.000000
413 0.000000 0.000000 0.000000
414 1 14.134377 79.430104 65.442529 1.000000 1.000000 1.000000 0.000000
414 0.000000 0.000000 0.000000
415 1 93.663349 0.644444 56.762862 1.000000 1.000000 1.000000 0.000000
415 0.000000 0.000000 0.000000
416 1 42.543443 96.924420 188.965896 1.000000 1.000000 1.000000 0.000000
416 0.000000 0.000000 0.000000
417 1 84.201353 43.607636 150.507446 1.000000 1.000000 1.000000 0.000000
417 0.000000 0.000000 0.000000
418 1 43.534415 90.886271 23.085834 1.000000 1.000000 1.000000 0.000000
418 0.000000 0.000000 0.000000
419 1 83.341835 80.215768 80.905224 1.000000 1.000000 1.000000 0.000000
419 0.000000 0.000000 0.000000
420 1 7.780126 32.719017 80.417485 1.000000 1.000000 1.000000 0.000000
420 0.000000 0.000000 0.000000
421 1 38.082331 98.520908 7.553311 1.000000 1.000000 1.000000 0.000000
421 0.000000 0.000000 0.000000
422 1 21.342963 9.220248 184.777980 1.000000 1.000000 1.000000 0.000000
422 0.000000 0.000000 0.000000
423 1 42.394321 26.550759 72.554437 1.000000 1.000000 1.000000 0.000000
423 0.000000 0.000000 0.000000
424 1 80.413660 38.038157 158.827582 1.000000 1.000000 1.000000 0.000000
424 0.000000 0.000000 0.000000
425 1 51.100180 40.936702 1.344051 1.000000 1.000000 1.000000 0.000000
425 0.000000 0.000000 0.000000
426 1 45.046564 61.643367 2.529697 1.000000 1.000000 1.000000 0.000000
426 0.000000 0.000000 0.000000
427 1 10.905745 95.763028 175.491142 1.000000 1.000000 1.000000 0.000000
427 0.000000 0.000000 0.000000
428 1 15.316222 27.227670 55.866970 1.000000 1.000000 1.000000 0.000000
428 0.000000 0.000000 0.000000
429 1 48.100805 68.655197 160.265713 1.000000 1.000000 1.000000 0.000000
429 0.000000 0.000000 0.000000
430 1 39.180587 61.309872 7.933677 1.000000 1.000000 1.000000 0.000000
430 0.000000 0.000000 0.000000
431 1 18.583350 36.362362 83.905844 1.000000 1.000000 1.000000 0.000000
431 0.000000 0.000000 0.000000
432 1 59.547215 75.647734 46.855686 1.000000 1.000000 1.000000 0.000000
432 0.000000 0.000000 0.000000
433 1 10.250414 45.262632 162.418506 1.000000 1.000000 1.000000 0.000000
433 0.000000 0.000000 0.000000
434 1 89.194099 28.193080 103.814152 1.000000 1.000000 1.000000 0.000000
434 0.000000 0.000000 0.000000
435 1 40.482108 74.904700 176.077285 1.000000 1.000000 1.000000 0.000000
435 0.000000 0.000000 0.000000
436 1 8.186419 51.225898 64.456800 1.000000 1.000000 1.000000 0.000000
436 0.000000 0.000000 0.000000
437 1 19.484480 24.362330 176.680177 1.000000 1.000000 1.000000 0.000000
437 0.000000 0.000000 0.000000
438 1 96.939329 66.158181 119.657564 1.000000 1.000000 1.000000 0.000000
438 0.000000 0.000000 0.000000
439 1 38.004593 3.475901 71.121685 1.000000 1.000000 1.000000 0.000000
439 0.000000 0.000000 0.000000
440 1 38.807093 81.966816 67.077604 1.000000 1.000000 1.000000 0.000000
440 0.000000 0.000000 0.000000
441 1 88.930741 59.328209 132.126284 1.000000 1.000000 1.000000 0.000000
441 0.000000 0.000000 0.000000
442 1 97.253830 76.810028 118.604504 1.000000 1.000000 1.000000 0.000000
442 0.000000 0.000000 0.000000
443 1 40.575180 81.100360 155.939342 1.000000 1.000000 1.000000 0.000000
443 0.000000 0.000000 0.000000
444 1 22.301658 81.321668 53.029713 1.000000 1.000000 1.000000 0.000000
444 0.000000 0.000000 0.000000
445 1 43.174411 66.342400 36.995925 1.000000 1.000000 1.000000 0.000000
445 0.000000 0.000000 0.000000
446 1 32.966237 36.782681 59.537895 1.000000 1.000000 1.000000 0.000000
446 0.000000 0.000000 0.000000
447 1 15.564358 46.072294 111.127580 1.000000 1.000000 1.000000 0.000000
447 0.000000 0.000000 0.000000
448 1 79.998481 81.399527 101.867863 1.000000 1.000000 1.000000 0.000000
448 0.000000 0.000000 0.000000
449 1 14.468973 37.853017 69.373669 1.000000 1.000000 1.000000 0.000000
449 0.000000 0.000000 0.000000
450 1 34.350170 48.988937 185.773726 1.000000 1.000000 1.000000 0.000000
450 0.000000 0.000000 0.000000
451 1 68.329655 9.513626 197.229290 1.000000 1.000000 1.000000 0.000000
451 0.000000 0.000000 0.000000
452 1 97.650938 95.551632 52.557845 1.000000 1.000000 1.000000 0.000000
452 0.000000 0.000000 0.000000
453 1 86.521171 90.558116 2.898588 1.000000 1.000000 1.000000 0.000000
453 0.000000 0.000000 0.000000
454 1 43.962324 55.889919 149.135748 1.000000 1.000000 1.000000 0.000000
454 0.000000 0.000000 0.000000
455 1 66.868748 65.592475 116.351467 1.000000 1.000000 1.000000 0.000000
455 0.000000 0.000000 0.000000
456 1 83.149352 5.404923 98.859935 1.000000 1.000000 1.000000 0.000000
456 0.000000 0.000000 0.000000
457 1 97.959677 36.450527 172.229120 1.000000 1.000000 1.000000 0.000000
457 0.000000 0.000000 0.000000
458 1 15.561406 88.835780 82.617583 1.000000 1.000000 1.000000 0.000000
458 0.000000 0.000000 0.000000
459 1 83.415154 31.135426 112.458856 1.000000 1.000000 1.000000 0.000000
459 0.000000 0.000000 0.000000
460 1 21.619444 15.620694 47.578200 1.000000 1.000000 1.000000 0.000000
460 0.000000 0.000000 0.000000
461 1 6.757806 0.411605 23.922081 1.000000 1.000000 1.000000 0.000000
461 0.000000 0.000000 0.000000
462 1 18.366883 81.007601 173.210904 1.000000 1.000000 1.000000 0.000000
462 0.000000 0.000000 0.000000
463 1 91.725985 47.993724 154.237372 1.000000 1.000000 1.000000 0.000000
463 0.000000 0.000000 0.000000
464 1 18.155772 64.784787 68.607445 1.000000 1.000000 1.000000 0.000000
464 0.000000 0.000000 0.000000
465 1 3.411610 92.628217 65.448340 1.000000 1.000000 1.000000 0.000000
465 0.000000 0.000000 0.000000
466 1 51.622370 46.812648 191.674124 1.000000 1.000000 1.000000 0.000000
466 0.000000 0.000000 0.000000
467 1 64.127946 93.568528 161.938818 1.000000 1.000000 1.000000 0.000000
467 0.000000 0.000000 0.000000
468 1 63.774896 73.453052 82.945039 1.000000 1.000000 1.000000 0.000000
468 0.000000 0.000000 0.000000
469 1 37.023585 93.038501 2.956038 1.000000 1.000000 1.000000 0.000000
469 0.000000 0.000000 0.000000
470 1 2.216958 13.721940 150.634926 1.000000 1.000000 1.000000 0.000000
470 0.000000 0.000000 0.000000
471 1 83.657872 82.709801 113.676378 1.000000 1.000000 1.000000 0.000000
471 0.000000 0.000000 0.000000
472 1 86.105347 7.351207 139.954129 1.000000 1.000000 1.000000 0.000000
472 0.000000 0.000000 0.000000
473 1 26.256424 77.844144 46.220610 1.000000 1.000000 1.000000 0.000000
473 0.000000 0.000000 0.000000
474 1 96.433432 75.998791 193.121486 1.000000 1.000000 1.000000 0.000000
474 0.000000 0.000000 0.000000
475 1 16.111573 78.485272 54.593852 1.000000 1.000000 1.000000 0.000000
475 0.000000 0.000000 0.000000
476 1 30.133812 80.286090 107.611326 1.000000 1.000000 1.000000 0.000000
476 0.000000 0.000000 0.000000
477 1 80.793880 96.124548 23.334763 1.000000 1.000000 1.000000 0.000000
477 0.000000 0.000000 0.000000
478 1 97.960592 65.902059 110.458041 1.000000 1.000000 1.000000 0.000000
478 0.000000 0.000000 0.000000
479 1 69.999695 82.134310 184.168414 1.000000 1.000000 1.000000 0.000000
479 0.000000 0.000000 0.000000
480 1 31.005326 91.903806 46.139720 1.000000 1.000000 1.000000 0.000000
480 0.000000 0.000000 0.000000
481 1 92.118424 1.113518 183.910464 1.000000 1.000000 1.000000 0.000000
481 0.000000 0.000000 0.000000
482 1 65.766953 89.642175 72.701245 1.000000 1.000000 1.000000 0.000000
482 0.000000 0.000000 0.000000
483 1 91.335464 48.147743 18.413048 1.000000 1.000000 1.000000 0.000000
483 0.000000 0.000000 0.000000
484 1 83.145063 6.440031 41.859175 1.000000 1.000000 1.000000 0.000000
484 0.000000 0.000000 0.000000
485 1 91.023930 9.112390 162.246171 1.000000 1.000000 1.000000 0.000000
485 0.000000 0.000000 0.000000
486 1 39.148391 33.138395 99.092093 1.000000 1.000000 1.000000 0.000000
486 0.000000 0.000000 0.000000
487 1 54.432441 49.559381 0.653758 1.000000 1.000000 1.000000 0.000000
487 0.000000 0.000000 0.000000
488 1 4.145206 58.834634 81.120382 1.000000 1.000000 1.000000 0.000000
488 0.000000 0.000000 0.000000
489 1 91.047210 51.935576 46.758343 1.000000 1.000000 1.000000 0.000000
489 0.000000 0.000000 0.000000
490 1 73.799432 48.781871 149.903819 1.000000 1.000000 1.000000 0.000000
490 0.000000 0.000000 0.000000
491 1 57.048773 93.289650 92.287107 1.000000 1.000000 1.000000 0.000000
491 0.000000 0.000000 0.000000
492 1 84.632003 13.879307 10.077283 1.000000 1.000000 1.000000 0.000000
492 0.000000 0.000000 0.000000
493 1 86.206979 50.103030 29.549140 1.000000 1.000000 1.000000 0.000000
493 0.000000 0.000000 0.000000
494 1 49.521934 14.103666 15.375058 1.000000 1.000000 1.000000 0.000000
494 0.000000 0.000000 0.000000
495 1 43.830772 97.917416 24.163511 1.000000 1.000000 1.000000 0.000000
495 0.000000 0.000000 0.000000
496 1 71.351496 41.309888 179.938985 1.000000 1.000000 1.000000 0.000000
496 0.000000 0.000000 0.000000
497 1 6.205173 96.705175 13.959609 1.000000 1.000000 1.000000 0.000000
497 0.000000 0.000000 0.000000
498 1 12.987492 78.854160 184.331293 1.000000 1.000000 1.000000 0.000000
498 0.000000 0.000000 0.000000
499 1 93.972966 80.602874 91.102342 1.000000 1.000000 1.000000 0.000000
499 0.000000 0.000000 0.000000
