RESTART FILE
Timestep: 400

NUMBER OF PARTICLES
500

SIMULATION BOX
100 100 200

TIMESTEP
0.1

ATTRACTION RADIUS
1
0 

AGGREGATES/BEADS
0 1 10.547114 73.836673 38.657744 1.000000 1.000000 1.000000 0.000000
0 0.000000 0.000000 0.000000
1 1 84.020158 11.381669 150.081851 1.000000 1.000000 1.000000 0.000000
1 0.000000 0.000000 0.000000
2 1 21.522736 99.475502 40.674612 1.000000 1.000000 1.000000 0.000000
2 0.000000 0.000000 0.000000
3 1 90.638032 89.124021 141.280462 1.000000 1.000000 1.000000 0.000000
3 0.000000 0.000000 0.000000
4 1 34.107906 96.852580 118.785384 1.000000 1.000000 1.000000 0.000000
4 0.000000 0.000000 0.000000
5 1 31.854934 72.021516 179.994067 1.000000 1.000000 1.000000 0.000000
5 0.000000 0.000000 0.000000
6 1 80.908685 12.014014 189.180821 1.000000 1.000000 1.000000 0.000000
6 0.000000 0.000000 0.000000
7 1 64.742528 13.137811 139.184190 1.000000 1.000000 1.000000 0.000000
7 0.000000 0.000000 0.000000
8 1 49.553021 99.247734 99.306445 1.000000 1.000000 1.000000 0.000000
8 0.000000 0.000000 0.000000
9 1 44.728273 15.423455 49.759800 1.000000 1.000000 1.000000 0.000000
9 0.000000 0.000000 0.000000
10 1 0.619655 93.998386 52.734530 1.000000 1.000000 1.000000 0.000000
10 0.000000 0.000000 0.000000
11 1 28.407638 53.861682 8.272209 1.000000 1.000000 1.000000 0.000000
11 0.000000 0.000000 0.000000
12 1 83.843912 80.357880 81.200723 1.000000 1.000000 1.000000 0.000000
12 0.000000 0.000000 0.000000
13 1 66.321519 65.009711 13.000186 1.000000 1.000000 1.000000 0.000000
13 0.000000 0.000000 0.000000
14 1 26.961739 38.496659 19.229358 1.000000 1.000000 1.000000 0.000000
14 0.000000 0.000000 0.000000
15 1 48.063574 40.924451 191.587679 1.000000 1.000000 1.000000 0.000000
15 0.000000 0.000000 0.000000
16 1 70.884849 72.448492 8.327296 1.000000 1.000000 1.000000 0.000000
16 0.000000 0.000000 0.000000
17 1 93.798329 69.510687 89.876539 1.000000 1.000000 1.000000 0.000000
17 0.000000 0.000000 0.000000
18 1 79.920942 88.679002 184.657703 1.000000 1.000000 1.000000 0.000000
18 0.000000 0.000000 0.000000
19 1 59.170478 48.747953 168.973538 1.000000 1.000000 1.000000 0.000000
19 0.000000 0.000000 0.000000
20 1 75.887482 8.096442 124.389495 1.000000 1.000000 1.000000 0.000000
20 0.000000 0.000000 0.000000
21 1 9.199760 39.751140 42.829721 1.000000 1.000000 1.000000 0.000000
21 0.000000 0.000000 0.000000
22 1 67.377873 34.650363 145.412437 1.000000 1.000000 1.000000 0.000000
22 0.000000 0.000000 0.000000
23 1 70.772439 54.754768 102.174864 1.000000 1.000000 1.000000 0.000000
23 0.000000 0.000000 0.000000
24 1 14.288914 74.380827 77.544724 1.000000 1.000000 1.000000 0.000000
24 0.000000 0.000000 0.000000
25 1 88.905639 77.631642 79.805600 1.000000 1.000000 1.000000 0.000000
25 0.000000 0.000000 0.000000
26 1 1.589478 28.911440 42.571881 1.000000 1.000000 1.000000 0.000000
26 0.000000 0.000000 0.000000
27 1 56.415435 66.225628 7.453373 1.000000 1.000000 1.000000 0.000000
27 0.000000 0.000000 0.000000
28 1 60.022238 92.659446 79.774245 1.000000 1.000000 1.000000 0.000000
28 0.000000 0.000000 0.000000
29 1 42.024126 30.081492 31.117649 1.000000 1.000000 1.000000 0.000000
29 0.000000 0.000000 0.000000
30 1 32.182391 31.408374 196.601203 1.000000 1.000000 1.000000 0.000000
30 0.000000 0.000000 0.000000
31 1 95.471234 50.244985 13.604427 1.000000 1.000000 1.000000 0.000000
31 0.000000 0.000000 0.000000
32 1 10.150632 58.740412 192.802406 1.000000 1.000000 1.000000 0.000000
32 0.000000 0.000000 0.000000
33 1 91.127033 44.968575 26.176242 1.000000 1.000000 1.000000 0.000000
33 0.000000 0.000000 0.000000
34 1 19.266812 99.049466 57.712509 1.000000 1.000000 1.000000 0.000000
34 0.000000 0.000000 0.000000
35 1 21.109520 21.380460 28.128765 1.000000 1.000000 1.000000 0.000000
35 0.000000 0.000000 0.000000
36 1 88.528736 1.955245 46.944195 1.000000 1.000000 1.000000 0.000000
36 0.000000 0.000000 0.000000
37 1 2.656382 8.845677 141.748840 1.000000 1.000000 1.000000 0.000000
37 0.000000 0.000000 0.000000
38 1 59.633854 53.779212 69.556364 1.000000 1.000000 1.000000 0.000000
38 0.000000 0.000000 0.000000
39 1 47.392885 98.875558 25.326828 1.000000 1.000000 1.000000 0.000000
39 0.000000 0.000000 0.000000
40 1 13.148801 13.344471 72.933329 1.000000 1.000000 1.000000 0.000000
40 0.000000 0.000000 0.000000
41 1 65.573024 18.370701 109.858283 1.000000 1.000000 1.000000 0.000000
41 0.000000 0.000000 0.000000
42 1 34.386486 74.489044 125.797051 1.000000 1.000000 1.000000 0.000000
42 0.000000 0.000000 0.000000
43 1 22.944392 62.568420 1.835604 1.000000 1.000000 1.000000 0.000000
43 0.000000 0.000000 0.000000
44 1 58.724916 64.363400 120.701729 1.000000 1.000000 1.000000 0.000000
44 0.000000 0.000000 0.000000
45 1 49.137917 93.545556 79.022387 1.000000 1.000000 1.000000 0.000000
45 0.000000 0.000000 0.000000
46 1 53.964155 97.544733 73.381734 1.000000 1.000000 1.000000 0.000000
46 0.000000 0.000000 0.000000
47 1 18.586905 62.548271 15.135882 1.000000 1.000000 1.000000 0.000000
47 0.000000 0.000000 0.000000
48 1 34.676694 38.915779 15.232855 1.000000 1.000000 1.000000 0.000000
48 0.000000 0.000000 0.000000
49 1 81.892911 58.570606 36.265185 1.000000 1.000000 1.000000 0.000000
49 0.000000 0.000000 0.000000
50 1 2.151953 66.526189 0.884389 1.000000 1.000000 1.000000 0.000000
50 0.000000 0.000000 0.000000
51 1 18.477957 43.944903 129.595307 1.000000 1.000000 1.000000 0.000000
51 0.000000 0.000000 0.000000
52 1 60.987011 75.100778 147.387355 1.000000 1.000000 1.000000 0.000000
52 0.000000 0.000000 0.000000
53 1 67.862560 80.502838 53.284744 1.000000 1.000000 1.000000 0.000000
53 0.000000 0.000000 0.000000
54 1 26.141523 50.227841 51.295547 1.000000 1.000000 1.000000 0.000000
54 0.000000 0.000000 0.000000
55 1 67.309276 66.331269 124.075459 1.000000 1.000000 1.000000 0.000000
55 0.000000 0.000000 0.000000
56 1 32.171072 64.400681 187.366264 1.000000 1.000000 1.000000 0.000000
56 0.000000 0.000000 0.000000
57 1 75.631132 94.293175 149.261701 1.000000 1.000000 1.000000 0.000000
57 0.000000 0.000000 0.000000
58 1 31.700504 50.442564 52.849403 1.000000 1.000000 1.000000 0.000000
58 0.000000 0.000000 0.000000
59 1 68.841048 84.354540 1.764385 1.000000 1.000000 1.000000 0.000000
59 0.000000 0.000000 0.000000
60 1 4.898002 35.543384 26.893353 1.000000 1.000000 1.000000 0.000000
60 0.000000 0.000000 0.000000
61 1 60.547458 88.229830 198.093610 1.000000 1.000000 1.000000 0.000000
61 0.000000 0.000000 0.000000
62 1 37.261315 24.949976 115.877636 1.000000 1.000000 1.000000 0.000000
62 0.000000 0.000000 0.000000
63 1 12.830777 20.562656 28.699740 1.000000 1.000000 1.000000 0.000000
63 0.000000 0.000000 0.000000
64 1 58.862197 87.382305 87.533124 1.000000 1.000000 1.000000 0.000000
64 0.000000 0.000000 0.000000
65 1 87.759508 83.307166 77.166239 1.000000 1.000000 1.000000 0.000000
65 0.000000 0.000000 0.000000
66 1 78.232851 71.353204 1.131140 1.000000 1.000000 1.000000 0.000000
66 0.000000 0.000000 0.000000
67 1 65.437375 19.163162 23.691741 1.000000 1.000000 1.000000 0.000000
67 0.000000 0.000000 0.000000
68 1 19.220301 30.424800 143.113119 1.000000 1.000000 1.000000 0.000000
68 0.000000 0.000000 0.000000
69 1 76.484978 79.034290 198.184691 1.000000 1.000000 1.000000 0.000000
69 0.000000 0.000000 0.000000
70 1 46.050836 45.780612 111.091395 1.000000 1.000000 1.000000 0.000000
70 0.000000 0.000000 0.000000
71 1 71.403216 66.594211 21.991303 1.000000 1.000000 1.000000 0.000000
71 0.000000 0.000000 0.000000
72 1 92.025113 81.945659 67.581538 1.000000 1.000000 1.000000 0.000000
72 0.000000 0.000000 0.000000
73 1 64.220555 68.338531 64.801687 1.000000 1.000000 1.000000 0.000000
73 0.000000 0.000000 0.000000
74 1 36.150140 7.037196 83.106774 1.000000 1.000000 1.000000 0.000000
74 0.000000 0.000000 0.000000
75 1 89.095272 41.782854 110.331241 1.000000 1.000000 1.000000 0.000000
75 0.000000 0.000000 0.000000
76 1 85.318024 60.470452 27.909770 1.000000 1.000000 1.000000 0.000000
76 0.000000 0.000000 0.000000
77 1 78.194608 47.603845 55.056579 1.000000 1.000000 1.000000 0.000000
77 0.000000 0.000000 0.000000
78 1 1.882170 27.770125 162.993254 1.000000 1.000000 1.000000 0.000000
78 0.000000 0.000000 0.000000
79 1 21.090143 83.592413 13.796287 1.000000 1.000000 1.000000 0.000000
79 0.000000 0.000000 0.000000
80 1 3.590433 88.044663 41.481597 1.000000 1.000000 1.000000 0.000000
80 0.000000 0.000000 0.000000
81 1 78.329605 23.135614 199.586406 1.000000 1.000000 1.000000 0.000000
81 0.000000 0.000000 0.000000
82 1 40.400597 2.714362 136.221179 1.000000 1.000000 1.000000 0.000000
82 0.000000 0.000000 0.000000
83 1 57.516727 3.923419 157.024613 1.000000 1.000000 1.000000 0.000000
83 0.000000 0.000000 0.000000
84 1 68.806049 24.331317 152.123133 1.000000 1.000000 1.000000 0.000000
84 0.000000 0.000000 0.000000
85 1 23.489799 19.334214 106.864177 1.000000 1.000000 1.000000 0.000000
85 0.000000 0.000000 0.000000
86 1 5.795338 6.028186 68.318236 1.000000 1.000000 1.000000 0.000000
86 0.000000 0.000000 0.000000
87 1 60.642941 45.171200 85.049533 1.000000 1.000000 1.000000 0.000000
87 0.000000 0.000000 0.000000
88 1 16.930683 5.418100 155.723575 1.000000 1.000000 1.000000 0.000000
88 0.000000 0.000000 0.000000
89 1 18.054104 20.972345 114.313757 1.000000 1.000000 1.000000 0.000000
89 0.000000 0.000000 0.000000
90 1 13.550785 88.877496 39.141927 1.000000 1.000000 1.000000 0.000000
90 0.000000 0.000000 0.000000
91 1 94.792365 10.977300 18.487126 1.000000 1.000000 1.000000 0.000000
91 0.000000 0.000000 0.000000
92 1 4.733271 54.674109 85.349492 1.000000 1.000000 1.000000 0.000000
92 0.000000 0.000000 0.000000
93 1 44.639456 65.673274 178.954243 1.000000 1.000000 1.000000 0.000000
93 0.000000 0.000000 0.000000
94 1 97.708221 0.832189 105.016619 1.000000 1.000000 1.000000 0.000000
94 0.000000 0.000000 0.000000
95 1 66.305377 14.172154 40.093283 1.000000 1.000000 1.000000 0.000000
95 0.000000 0.000000 0.000000
96 1 69.419049 23.569865 12.883351 1.000000 1.000000 1.000000 0.000000
96 0.000000 0.000000 0.000000
97 1 48.743112 80.436741 27.586671 1.000000 1.000000 1.000000 0.000000
97 0.000000 0.000000 0.000000
98 1 57.461241 22.320734 34.675459 1.000000 1.000000 1.000000 0.000000
98 0.000000 0.000000 0.000000
99 1 61.162287 87.182713 70.836047 1.000000 1.000000 1.000000 0.000000
99 0.000000 0.000000 0.000000
100 1 72.541597 21.941165 198.073870 1.000000 1.000000 1.000000 0.000000
100 0.000000 0.000000 0.000000
101 1 62.054971 98.219109 127.450630 1.000000 1.000000 1.000000 0.000000
101 0.000000 0.000000 0.000000
102 1 31.752613 75.571278 102.434133 1.000000 1.000000 1.000000 0.000000
102 0.000000 0.000000 0.000000
103 1 69.819460 35.931042 135.132025 1.000000 1.000000 1.000000 0.000000
103 0.000000 0.000000 0.000000
104 1 52.987051 98.775715 61.149958 1.000000 1.000000 1.000000 0.000000
104 0.000000 0.000000 0.000000
105 1 84.867062 51.414392 191.426328 1.000000 1.000000 1.000000 0.000000
105 0.000000 0.000000 0.000000
106 1 80.247886 41.501696 167.476449 1.000000 1.000000 1.000000 0.000000
106 0.000000 0.000000 0.000000
107 1 94.213299 0.393122 46.792281 1.000000 1.000000 1.000000 0.000000
107 0.000000 0.000000 0.000000
108 1 3.702987 45.642839 156.287098 1.000000 1.000000 1.000000 0.000000
108 0.000000 0.000000 0.000000
109 1 25.281042 33.918845 152.499885 1.000000 1.000000 1.000000 0.000000
109 0.000000 0.000000 0.000000
110 1 46.559243 72.066196 191.002912 1.000000 1.000000 1.000000 0.000000
110 0.000000 0.000000 0.000000
111 1 88.237974 7.850680 70.801660 1.000000 1.000000 1.000000 0.000000
111 0.000000 0.000000 0.000000
112 1 28.849164 4.381571 48.979176 1.000000 1.000000 1.000000 0.000000
112 0.000000 0.000000 0.000000
113 1 29.586433 76.659733 141.272885 1.000000 1.000000 1.000000 0.000000
113 0.000000 0.000000 0.000000
114 1 68.752837 52.956504 125.637778 1.000000 1.000000 1.000000 0.000000
114 0.000000 0.000000 0.000000
115 1 76.677323 47.613384 134.369818 1.000000 1.000000 1.000000 0.000000
115 0.000000 0.000000 0.000000
116 1 53.472734 63.134339 110.302272 1.000000 1.000000 1.000000 0.000000
116 0.000000 0.000000 0.000000
117 1 38.903252 57.536280 14.727027 1.000000 1.000000 1.000000 0.000000
117 0.000000 0.000000 0.000000
118 1 31.934486 19.564658 62.689591 1.000000 1.000000 1.000000 0.000000
118 0.000000 0.000000 0.000000
119 1 25.306433 49.588428 181.073458 1.000000 1.000000 1.000000 0.000000
119 0.000000 0.000000 0.000000
120 1 88.905353 60.050643 15.180948 1.000000 1.000000 1.000000 0.000000
120 0.000000 0.000000 0.000000
121 1 37.488963 20.174646 52.018317 1.000000 1.000000 1.000000 0.000000
121 0.000000 0.000000 0.000000
122 1 63.647261 19.574369 168.492984 1.000000 1.000000 1.000000 0.000000
122 0.000000 0.000000 0.000000
123 1 9.550107 85.508672 16.318549 1.000000 1.000000 1.000000 0.000000
123 0.000000 0.000000 0.000000
124 1 68.179120 91.325909 180.141505 1.000000 1.000000 1.000000 0.000000
124 0.000000 0.000000 0.000000
125 1 90.604518 50.156442 74.199053 1.000000 1.000000 1.000000 0.000000
125 0.000000 0.000000 0.000000
126 1 4.731063 93.099660 107.353966 1.000000 1.000000 1.000000 0.000000
126 0.000000 0.000000 0.000000
127 1 50.296615 21.033588 179.705495 1.000000 1.000000 1.000000 0.000000
127 0.000000 0.000000 0.000000
128 1 62.822693 23.787418 135.411863 1.000000 1.000000 1.000000 0.000000
128 0.000000 0.000000 0.000000
129 1 73.126175 35.030907 156.685333 1.000000 1.000000 1.000000 0.000000
129 0.000000 0.000000 0.000000
130 1 94.871376 91.558242 130.453206 1.000000 1.000000 1.000000 0.000000
130 0.000000 0.000000 0.000000
131 1 54.203423 98.423582 121.326717 1.000000 1.000000 1.000000 0.000000
131 0.000000 0.000000 0.000000
132 1 33.094254 38.832335 46.538666 1.000000 1.000000 1.000000 0.000000
132 0.000000 0.000000 0.000000
133 1 26.798571 0.358327 74.187030 1.000000 1.000000 1.000000 0.000000
133 0.000000 0.000000 0.000000
134 1 72.867224 42.355857 49.895493 1.000000 1.000000 1.000000 0.000000
134 0.000000 0.000000 0.000000
135 1 0.062345 3.542156 15.521746 1.000000 1.000000 1.000000 0.000000
135 0.000000 0.000000 0.000000
136 1 24.845118 40.451141 83.849295 1.000000 1.000000 1.000000 0.000000
136 0.000000 0.000000 0.000000
137 1 49.545926 72.744231 155.919100 1.000000 1.000000 1.000000 0.000000
137 0.000000 0.000000 0.000000
138 1 95.772190 91.744359 10.321750 1.000000 1.000000 1.000000 0.000000
138 0.000000 0.000000 0.000000
139 1 36.600740 34.390510 191.432508 1.000000 1.000000 1.000000 0.000000
139 0.000000 0.000000 0.000000
140 1 66.446637 79.698905 182.424308 1.000000 1.000000 1.000000 0.000000
140 0.000000 0.000000 0.000000
141 1 50.071467 74.126049 102.799172 1.000000 1.000000 1.000000 0.000000
141 0.000000 0.000000 0.000000
142 1 8.230917 78.960672 83.471326 1.000000 1.000000 1.000000 0.000000
142 0.000000 0.000000 0.000000
143 1 57.769904 28.519516 153.812513 1.000000 1.000000 1.000000 0.000000
143 0.000000 0.000000 0.000000
144 1 12.067060 51.882639 177.040108 1.000000 1.000000 1.000000 0.000000
144 0.000000 0.000000 0.000000
145 1 77.475634 85.499268 165.535874 1.000000 1.000000 1.000000 0.000000
145 0.000000 0.000000 0.000000
146 1 51.675385 57.044885 45.882109 1.000000 1.000000 1.000000 0.000000
146 0.000000 0.000000 0.000000
147 1 67.066401 58.378842 119.329836 1.000000 1.000000 1.000000 0.000000
147 0.000000 0.000000 0.000000
148 1 24.026401 4.167222 137.763737 1.000000 1.000000 1.000000 0.000000
148 0.000000 0.000000 0.000000
149 1 29.227672 39.798852 111.788265 1.000000 1.000000 1.000000 0.000000
149 0.000000 0.000000 0.000000
150 1 54.940030 18.224281 42.570998 1.000000 1.000000 1.000000 0.000000
150 0.000000 0.000000 0.000000
151 1 20.715222 41.676107 159.088653 1.000000 1.000000 1.000000 0.000000
151 0.000000 0.000000 0.000000
152 1 50.634293 74.548316 127.115700 1.000000 1.000000 1.000000 0.000000
152 0.000000 0.000000 0.000000
153 1 44.360045 73.248790 186.185074 1.000000 1.000000 1.000000 0.000000
153 0.000000 0.000000 0.000000
154 1 12.168405 76.875910 112.880224 1.000000 1.000000 1.000000 0.000000
154 0.000000 0.000000 0.000000
155 1 24.578336 44.220150 3.988508 1.000000 1.000000 1.000000 0.000000
155 0.000000 0.000000 0.000000
156 1 85.658642 73.937965 72.322635 1.000000 1.000000 1.000000 0.000000
156 0.000000 0.000000 0.000000
157 1 13.037599 69.501688 130.790059 1.000000 1.000000 1.000000 0.000000
157 0.000000 0.000000 0.000000
158 1 26.107951 23.594347 176.393685 1.000000 1.000000 1.000000 0.000000
158 0.000000 0.000000 0.000000
159 1 68.655065 47.113736 193.647499 1.000000 1.000000 1.000000 0.000000
159 0.000000 0.000000 0.000000
160 1 15.450114 94.441965 38.820121 1.000000 1.000000 1.000000 0.000000
160 0.000000 0.000000 0.000000
161 1 93.377097 43.121525 132.288766 1.000000 1.000000 1.000000 0.000000
161 0.000000 0.000000 0.000000
162 1 28.722627 80.652381 118.577320 1.000000 1.000000 1.000000 0.000000
162 0.000000 0.000000 0.000000
163 1 18.111565 4.855409 16.030852 1.000000 1.000000 1.000000 0.000000
163 0.000000 0.000000 0.000000
164 1 98.937547 20.835035 156.287640 1.000000 1.000000 1.000000 0.000000
164 0.000000 0.000000 0.000000
165 1 94.867987 35.922533 161.603727 1.000000 1.000000 1.000000 0.000000
165 0.000000 0.000000 0.000000
166 1 73.525611 79.661765 81.018167 1.000000 1.000000 1.000000 0.000000
166 0.000000 0.000000 0.000000
167 1 55.814552 98.310808 16.798163 1.000000 1.000000 1.000000 0.000000
167 0.000000 0.000000 0.000000
168 1 96.411912 25.134533 156.694576 1.000000 1.000000 1.000000 0.000000
168 0.000000 0.000000 0.000000
169 1 63.655335 28.315595 42.321417 1.000000 1.000000 1.000000 0.000000
169 0.000000 0.000000 0.000000
170 1 4.900273 58.846728 163.030615 1.000000 1.000000 1.000000 0.000000
170 0.000000 0.000000 0.000000
171 1 78.897852 87.239751 141.157576 1.000000 1.000000 1.000000 0.000000
171 0.000000 0.000000 0.000000
172 1 33.202955 45.885686 91.651416 1.000000 1.000000 1.000000 0.000000
172 0.000000 0.000000 0.000000
173 1 46.326126 61.453675 87.498122 1.000000 1.000000 1.000000 0.000000
173 0.000000 0.000000 0.000000
174 1 75.666871 67.127301 5.700778 1.000000 1.000000 1.000000 0.000000
174 0.000000 0.000000 0.000000
175 1 38.581812 14.945098 145.368659 1.000000 1.000000 1.000000 0.000000
175 0.000000 0.000000 0.000000
176 1 29.640511 17.769518 81.770819 1.000000 1.000000 1.000000 0.000000
176 0.000000 0.000000 0.000000
177 1 72.615031 32.609751 112.924023 1.000000 1.000000 1.000000 0.000000
177 0.000000 0.000000 0.000000
178 1 40.777128 21.125418 2.867085 1.000000 1.000000 1.000000 0.000000
178 0.000000 0.000000 0.000000
179 1 53.964299 77.208573 106.521683 1.000000 1.000000 1.000000 0.000000
179 0.000000 0.000000 0.000000
180 1 26.623712 6.118759 24.753804 1.000000 1.000000 1.000000 0.000000
180 0.000000 0.000000 0.000000
181 1 35.986436 20.156625 183.307804 1.000000 1.000000 1.000000 0.000000
181 0.000000 0.000000 0.000000
182 1 59.653685 74.358830 34.738134 1.000000 1.000000 1.000000 0.000000
182 0.000000 0.000000 0.000000
183 1 14.122779 22.982502 124.079520 1.000000 1.000000 1.000000 0.000000
183 0.000000 0.000000 0.000000
184 1 67.276700 86.325928 71.234235 1.000000 1.000000 1.000000 0.000000
184 0.000000 0.000000 0.000000
185 1 35.116923 24.004038 164.468156 1.000000 1.000000 1.000000 0.000000
185 0.000000 0.000000 0.000000
186 1 97.024753 26.835347 36.224672 1.000000 1.000000 1.000000 0.000000
186 0.000000 0.000000 0.000000
187 1 35.172055 72.834866 57.464901 1.000000 1.000000 1.000000 0.000000
187 0.000000 0.000000 0.000000
188 1 54.362229 1.145919 6.128497 1.000000 1.000000 1.000000 0.000000
188 0.000000 0.000000 0.000000
189 1 91.480401 95.107531 103.377065 1.000000 1.000000 1.000000 0.000000
189 0.000000 0.000000 0.000000
190 1 23.015746 72.309749 46.549379 1.000000 1.000000 1.000000 0.000000
190 0.000000 0.000000 0.000000
191 1 61.822905 61.484171 101.501420 1.000000 1.000000 1.000000 0.000000
191 0.000000 0.000000 0.000000
192 1 47.581106 72.760640 24.027858 1.000000 1.000000 1.000000 0.000000
192 0.000000 0.000000 0.000000
193 1 33.203618 64.534205 180.876776 1.000000 1.000000 1.000000 0.000000
193 0.000000 0.000000 0.000000
194 1 87.425777 45.983631 172.967452 1.000000 1.000000 1.000000 0.000000
194 0.000000 0.000000 0.000000
195 1 23.583932 38.397493 171.224818 1.000000 1.000000 1.000000 0.000000
195 0.000000 0.000000 0.000000
196 1 66.170537 45.542753 129.334328 1.000000 1.000000 1.000000 0.000000
196 0.000000 0.000000 0.000000
197 1 74.963039 8.341504 136.815033 1.000000 1.000000 1.000000 0.000000
197 0.000000 0.000000 0.000000
198 1 6.795125 78.189616 25.056416 1.000000 1.000000 1.000000 0.000000
198 0.000000 0.000000 0.000000
199 1 25.393490 99.072929 161.246077 1.000000 1.000000 1.000000 0.000000
199 0.000000 0.000000 0.000000
200 1 39.476155 17.132692 132.315591 1.000000 1.000000 1.000000 0.000000
200 0.000000 0.000000 0.000000
201 1 18.010075 46.997741 116.889236 1.000000 1.000000 1.000000 0.000000
201 0.000000 0.000000 0.000000
202 1 80.724521 6.698369 10.766356 1.000000 1.000000 1.000000 0.000000
202 0.000000 0.000000 0.000000
203 1 56.765161 90.495988 47.077496 1.000000 1.000000 1.000000 0.000000
203 0.000000 0.000000 0.000000
204 1 25.787606 99.554559 118.698257 1.000000 1.000000 1.000000 0.000000
204 0.000000 0.000000 0.000000
205 1 33.666529 97.656687 35.584068 1.000000 1.000000 1.000000 0.000000
205 0.000000 0.000000 0.000000
206 1 49.931755 0.252835 188.464128 1.000000 1.000000 1.000000 0.000000
206 0.000000 0.000000 0.000000
207 1 34.155986 82.634563 154.764075 1.000000 1.000000 1.000000 0.000000
207 0.000000 0.000000 0.000000
208 1 0.742276 92.890840 104.374626 1.000000 1.000000 1.000000 0.000000
208 0.000000 0.000000 0.000000
209 1 40.976389 77.963888 115.235078 1.000000 1.000000 1.000000 0.000000
209 0.000000 0.000000 0.000000
210 1 1.673418 33.515990 28.328785 1.000000 1.000000 1.000000 0.000000
210 0.000000 0.000000 0.000000
211 1 35.110829 61.488337 66.471806 1.000000 1.000000 1.000000 0.000000
211 0.000000 0.000000 0.000000
212 1 2.298375 8.174183 123.926569 1.000000 1.000000 1.000000 0.000000
212 0.000000 0.000000 0.000000
213 1 14.350484 31.040117 165.579511 1.000000 1.000000 1.000000 0.000000
213 0.000000 0.000000 0.000000
214 1 55.221681 34.929915 21.765354 1.000000 1.000000 1.000000 0.000000
214 0.000000 0.000000 0.000000
215 1 30.268067 37.138974 45.065198 1.000000 1.000000 1.000000 0.000000
215 0.000000 0.000000 0.000000
216 1 80.517044 51.535169 119.413180 1.000000 1.000000 1.000000 0.000000
216 0.000000 0.000000 0.000000
217 1 54.785936 33.606848 167.708758 1.000000 1.000000 1.000000 0.000000
217 0.000000 0.000000 0.000000
218 1 39.711935 52.008638 107.124219 1.000000 1.000000 1.000000 0.000000
218 0.000000 0.000000 0.000000
219 1 80.488676 70.794132 39.040302 1.000000 1.000000 1.000000 0.000000
219 0.000000 0.000000 0.000000
220 1 80.208285 57.407849 76.454933 1.000000 1.000000 1.000000 0.000000
220 0.000000 0.000000 0.000000
221 1 25.522468 23.232006 164.215175 1.000000 1.000000 1.000000 0.000000
221 0.000000 0.000000 0.000000
222 1 50.882451 24.077017 89.046153 1.000000 1.000000 1.000000 0.000000
222 0.000000 0.000000 0.000000
223 1 82.074095 69.332379 144.363477 1.000000 1.000000 1.000000 0.000000
223 0.000000 0.000000 0.000000
224 1 58.165382 10.279706 183.313539 1.000000 1.000000 1.000000 0.000000
224 0.000000 0.000000 0.000000
225 1 32.840724 11.688093 83.794336 1.000000 1.000000 1.000000 0.000000
225 0.000000 0.000000 0.000000
226 1 29.296816 88.677781 47.338248 1.000000 1.000000 1.000000 0.000000
226 0.000000 0.000000 0.000000
227 1 32.554053 4.280773 168.824469 1.000000 1.000000 1.000000 0.000000
227 0.000000 0.000000 0.000000
228 1 76.857265 65.381653 38.153073 1.000000 1.000000 1.000000 0.000000
228 0.000000 0.000000 0.000000
229 1 32.051132 61.879300 18.898292 1.000000 1.000000 1.000000 0.000000
229 0.000000 0.000000 0.000000
230 1 29.914470 27.925051 0.589605 1.000000 1.000000 1.000000 0.000000
230 0.000000 0.000000 0.000000
231 1 90.026113 40.406209 19.499660 1.000000 1.000000 1.000000 0.000000
231 0.000000 0.000000 0.000000
232 1 97.005885 66.323987 94.934748 1.000000 1.000000 1.000000 0.000000
232 0.000000 0.000000 0.000000
233 1 23.303570 75.907737 27.608897 1.000000 1.000000 1.000000 0.000000
233 0.000000 0.000000 0.000000
234 1 18.683593 21.154908 116.597552 1.000000 1.000000 1.000000 0.000000
234 0.000000 0.000000 0.000000
235 1 9.293966 65.488821 13.727055 1.000000 1.000000 1.000000 0.000000
235 0.000000 0.000000 0.000000
236 1 50.722650 27.935699 189.654670 1.000000 1.000000 1.000000 0.000000
236 0.000000 0.000000 0.000000
237 1 19.890902 67.937718 67.044211 1.000000 1.000000 1.000000 0.000000
237 0.000000 0.000000 0.000000
238 1 10.093212 71.036670 117.006741 1.000000 1.000000 1.000000 0.000000
238 0.000000 0.000000 0.000000
239 1 9.042264 63.303984 191.699293 1.000000 1.000000 1.000000 0.000000
239 0.000000 0.000000 0.000000
240 1 53.874466 37.270541 54.853046 1.000000 1.000000 1.000000 0.000000
240 0.000000 0.000000 0.000000
241 1 95.885774 44.670287 40.277270 1.000000 1.000000 1.000000 0.000000
241 0.000000 0.000000 0.000000
242 1 24.584657 97.654469 64.198058 1.000000 1.000000 1.000000 0.000000
242 0.000000 0.000000 0.000000
243 1 98.379305 20.998535 71.328387 1.000000 1.000000 1.000000 0.000000
243 0.000000 0.000000 0.000000
244 1 99.882414 61.078816 50.570171 1.000000 1.000000 1.000000 0.000000
244 0.000000 0.000000 0.000000
245 1 79.096927 16.099705 18.916166 1.000000 1.000000 1.000000 0.000000
245 0.000000 0.000000 0.000000
246 1 35.914139 31.336757 99.185359 1.000000 1.000000 1.000000 0.000000
246 0.000000 0.000000 0.000000
247 1 13.261338 29.482840 113.401258 1.000000 1.000000 1.000000 0.000000
247 0.000000 0.000000 0.000000
248 1 92.532092 49.261475 56.726117 1.000000 1.000000 1.000000 0.000000
248 0.000000 0.000000 0.000000
249 1 66.010506 83.491683 22.190665 1.000000 1.000000 1.000000 0.000000
249 0.000000 0.000000 0.000000
250 1 97.194917 98.737009 110.373170 1.000000 1.000000 1.000000 0.000000
250 0.000000 0.000000 0.000000
251 1 60.648392 8.845956 121.488868 1.000000 1.000000 1.000000 0.000000
251 0.000000 0.000000 0.000000
252 1 0.475600 50.873506 57.914730 1.000000 1.000000 1.000000 0.000000
252 0.000000 0.000000 0.000000
253 1 70.455046 72.846772 55.380441 1.000000 1.000000 1.000000 0.000000
253 0.000000 0.000000 0.000000
254 1 82.833509 45.128268 168.443794 1.000000 1.000000 1.000000 0.000000
254 0.000000 0.000000 0.000000
255 1 99.603365 35.621809 44.618226 1.000000 1.000000 1.000000 0.000000
255 0.000000 0.000000 0.000000
256 1 67.536798 37.841943 141.739786 1.000000 1.000000 1.000000 0.000000
256 0.000000 0.000000 0.000000
257 1 77.780308 79.405263 2.597933 1.000000 1.000000 1.000000 0.000000
257 0.000000 0.000000 0.000000
258 1 34.495540 2.434847 137.590303 1.000000 1.000000 1.000000 0.000000
258 0.000000 0.000000 0.000000
259 1 37.254003 16.785473 90.289718 1.000000 1.000000 1.000000 0.000000
259 0.000000 0.000000 0.000000
260 1 1.814363 63.571030 161.935044 1.000000 1.000000 1.000000 0.000000
260 0.000000 0.000000 0.000000
261 1 3.640224 76.085102 194.159826 1.000000 1.000000 1.000000 0.000000
261 0.000000 0.000000 0.000000
262 1 58.579953 24.334529 57.111308 1.000000 1.000000 1.000000 0.000000
262 0.000000 0.000000 0.000000
263 1 41.787193 83.817427 185.344346 1.000000 1.000000 1.000000 0.000000
263 0.000000 0.000000 0.000000
264 1 12.031653 56.024812 15.675655 1.000000 1.000000 1.000000 0.000000
264 0.000000 0.000000 0.000000
265 1 59.796400 72.273977 54.890155 1.000000 1.000000 1.000000 0.000000
265 0.000000 0.000000 0.000000
266 1 12.260665 10.122125 137.873064 1.000000 1.000000 1.000000 0.000000
266 0.000000 0.000000 0.000000
267 1 81.210505 54.838097 141.870283 1.000000 1.000000 1.000000 0.000000
267 0.000000 0.000000 0.000000
268 1 93.677144 74.007952 169.384271 1.000000 1.000000 1.000000 0.000000
268 0.000000 0.000000 0.000000
269 1 66.636938 28.864846 87.412353 1.000000 1.000000 1.000000 0.000000
269 0.000000 0.000000 0.000000
270 1 36.496777 19.860608 37.144238 1.000000 1.000000 1.000000 0.000000
270 0.000000 0.000000 0.000000
271 1 5.212341 29.568689 185.012717 1.000000 1.000000 1.000000 0.000000
271 0.000000 0.000000 0.000000
272 1 30.076447 29.830084 51.984740 1.000000 1.000000 1.000000 0.000000
272 0.000000 0.000000 0.000000
273 1 52.865011 90.831468 190.720954 1.000000 1.000000 1.000000 0.000000
273 0.000000 0.000000 0.000000
274 1 79.218178 65.510305 40.495183 1.000000 1.000000 1.000000 0.000000
274 0.000000 0.000000 0.000000
275 1 25.054848 98.696924 76.995448 1.000000 1.000000 1.000000 0.000000
275 0.000000 0.000000 0.000000
276 1 56.888430 76.796518 92.892040 1.000000 1.000000 1.000000 0.000000
276 0.000000 0.000000 0.000000
277 1 66.333096 89.235117 160.754548 1.000000 1.000000 1.000000 0.000000
277 0.000000 0.000000 0.000000
278 1 86.107203 90.779237 106.497814 1.000000 1.000000 1.000000 0.000000
278 0.000000 0.000000 0.000000
279 1 3.339861 93.938356 45.440536 1.000000 1.000000 1.000000 0.000000
279 0.000000 0.000000 0.000000
280 1 79.934939 25.619762 104.783779 1.000000 1.000000 1.000000 0.000000
280 0.000000 0.000000 0.000000
281 1 87.887168 23.521681 155.624829 1.000000 1.000000 1.000000 0.000000
281 0.000000 0.000000 0.000000
282 1 6.078448 84.813676 23.702829 1.000000 1.000000 1.000000 0.000000
282 0.000000 0.000000 0.000000
283 1 49.902204 35.474187 51.639235 1.000000 1.000000 1.000000 0.000000
283 0.000000 0.000000 0.000000
284 1 79.953699 46.912494 5.489939 1.000000 1.000000 1.000000 0.000000
284 0.000000 0.000000 0.000000
285 1 50.784254 89.415466 56.384022 1.000000 1.000000 1.000000 0.000000
285 0.000000 0.000000 0.000000
286 1 52.351281 59.162868 48.799737 1.000000 1.000000 1.000000 0.000000
286 0.000000 0.000000 0.000000
287 1 46.055918 62.591384 46.353885 1.000000 1.000000 1.000000 0.000000
287 0.000000 0.000000 0.000000
288 1 27.182963 35.060742 72.364009 1.000000 1.000000 1.000000 0.000000
288 0.000000 0.000000 0.000000
289 1 1.315047 52.394956 90.979677 1.000000 1.000000 1.000000 0.000000
289 0.000000 0.000000 0.000000
290 1 71.781043 4.278812 89.678448 1.000000 1.000000 1.000000 0.000000
290 0.000000 0.000000 0.000000
291 1 56.369185 16.542533 60.513743 1.000000 1.000000 1.000000 0.000000
291 0.000000 0.000000 0.000000
292 1 97.816998 68.773531 90.036682 1.000000 1.000000 1.000000 0.000000
292 0.000000 0.000000 0.000000
293 1 1.509266 96.931011 72.882625 1.000000 1.000000 1.000000 0.000000
293 0.000000 0.000000 0.000000
294 1 37.146529 47.200014 100.864366 1.000000 1.000000 1.000000 0.000000
294 0.000000 0.000000 0.000000
295 1 22.106468 32.995276 110.170404 1.000000 1.000000 1.000000 0.000000
295 0.000000 0.000000 0.000000
296 1 11.608084 75.677450 61.361272 1.000000 1.000000 1.000000 0.000000
296 0.000000 0.000000 0.000000
297 1 24.557639 1.318573 179.156731 1.000000 1.000000 1.000000 0.000000
297 0.000000 0.000000 0.000000
298 1 68.585969 96.175603 99.189938 1.000000 1.000000 1.000000 0.000000
298 0.000000 0.000000 0.000000
299 1 52.809961 36.596291 6.658010 1.000000 1.000000 1.000000 0.000000
299 0.000000 0.000000 0.000000
300 1 92.864869 74.676610 41.832717 1.000000 1.000000 1.000000 0.000000
300 0.000000 0.000000 0.000000
301 1 74.760143 26.619110 55.604508 1.000000 1.000000 1.000000 0.000000
301 0.000000 0.000000 0.000000
302 1 57.498562 24.101966 6.371949 1.000000 1.000000 1.000000 0.000000
302 0.000000 0.000000 0.000000
303 1 42.378993 78.737740 165.446359 1.000000 1.000000 1.000000 0.000000
303 0.000000 0.000000 0.000000
304 1 22.769719 31.260380 35.857099 1.000000 1.000000 1.000000 0.000000
304 0.000000 0.000000 0.000000
305 1 48.157214 15.088735 118.074230 1.000000 1.000000 1.000000 0.000000
305 0.000000 0.000000 0.000000
306 1 44.503164 59.605868 86.276327 1.000000 1.000000 1.000000 0.000000
306 0.000000 0.000000 0.000000
307 1 33.894518 58.057840 124.059149 1.000000 1.000000 1.000000 0.000000
307 0.000000 0.000000 0.000000
308 1 30.984502 92.814982 173.045775 1.000000 1.000000 1.000000 0.000000
308 0.000000 0.000000 0.000000
309 1 5.926224 97.722946 186.482915 1.000000 1.000000 1.000000 0.000000
309 0.000000 0.000000 0.000000
310 1 30.156280 95.157327 134.415867 1.000000 1.000000 1.000000 0.000000
310 0.000000 0.000000 0.000000
311 1 87.536319 98.355589 148.993778 1.000000 1.000000 1.000000 0.000000
311 0.000000 0.000000 0.000000
312 1 28.840591 35.420049 44.957632 1.000000 1.000000 1.000000 0.000000
312 0.000000 0.000000 0.000000
313 1 45.594858 11.406775 144.624936 1.000000 1.000000 1.000000 0.000000
313 0.000000 0.000000 0.000000
314 1 52.026762 79.740161 30.235083 1.000000 1.000000 1.000000 0.000000
314 0.000000 0.000000 0.000000
315 1 48.706946 20.126074 73.037159 1.000000 1.000000 1.000000 0.000000
315 0.000000 0.000000 0.000000
316 1 91.799251 81.529422 164.376740 1.000000 1.000000 1.000000 0.000000
316 0.000000 0.000000 0.000000
317 1 82.445348 61.903171 12.924703 1.000000 1.000000 1.000000 0.000000
317 0.000000 0.000000 0.000000
318 1 13.765639 18.833165 124.078126 1.000000 1.000000 1.000000 0.000000
318 0.000000 0.000000 0.000000
319 1 92.232839 40.125425 127.124018 1.000000 1.000000 1.000000 0.000000
319 0.000000 0.000000 0.000000
320 1 51.482970 23.872279 107.554065 1.000000 1.000000 1.000000 0.000000
320 0.000000 0.000000 0.000000
321 1 8.892219 7.687706 141.217633 1.000000 1.000000 1.000000 0.000000
321 0.000000 0.000000 0.000000
322 1 92.641082 8.264055 13.838168 1.000000 1.000000 1.000000 0.000000
322 0.000000 0.000000 0.000000
323 1 85.731376 28.256776 120.086278 1.000000 1.000000 1.000000 0.000000
323 0.000000 0.000000 0.000000
324 1 65.726178 82.175250 53.290121 1.000000 1.000000 1.000000 0.000000
324 0.000000 0.000000 0.000000
325 1 49.638747 50.872487 90.760451 1.000000 1.000000 1.000000 0.000000
325 0.000000 0.000000 0.000000
326 1 96.495312 57.901794 47.880943 1.000000 1.000000 1.000000 0.000000
326 0.000000 0.000000 0.000000
327 1 4.637615 70.765958 177.188536 1.000000 1.000000 1.000000 0.000000
327 0.000000 0.000000 0.000000
328 1 72.254739 82.555815 157.997640 1.000000 1.000000 1.000000 0.000000
328 0.000000 0.000000 0.000000
329 1 30.142484 99.643729 128.126760 1.000000 1.000000 1.000000 0.000000
329 0.000000 0.000000 0.000000
330 1 45.571076 94.009550 75.212096 1.000000 1.000000 1.000000 0.000000
330 0.000000 0.000000 0.000000
331 1 69.763897 82.967250 49.505235 1.000000 1.000000 1.000000 0.000000
331 0.000000 0.000000 0.000000
332 1 97.933236 62.171921 169.647721 1.000000 1.000000 1.000000 0.000000
332 0.000000 0.000000 0.000000
333 1 86.031731 60.626824 15.849862 1.000000 1.000000 1.000000 0.000000
333 0.000000 0.000000 0.000000
334 1 23.061978 73.197612 94.027515 1.000000 1.000000 1.000000 0.000000
334 0.000000 0.000000 0.000000
335 1 4.192091 54.841838 43.478649 1.000000 1.000000 1.000000 0.000000
335 0.000000 0.000000 0.000000
336 1 70.350724 46.961598 62.209520 1.000000 1.000000 1.000000 0.000000
336 0.000000 0.000000 0.000000
337 1 47.283645 54.661961 111.528294 1.000000 1.000000 1.000000 0.000000
337 0.000000 0.000000 0.000000
338 1 65.296904 39.257288 166.141490 1.000000 1.000000 1.000000 0.000000
338 0.000000 0.000000 0.000000
339 1 95.023416 25.966933 33.394785 1.000000 1.000000 1.000000 0.000000
339 0.000000 0.000000 0.000000
340 1 69.239183 79.523381 164.413733 1.000000 1.000000 1.000000 0.000000
340 0.000000 0.000000 0.000000
341 1 9.054834 4.733865 14.104531 1.000000 1.000000 1.000000 0.000000
341 0.000000 0.000000 0.000000
342 1 84.942370 59.075958 35.363581 1.000000 1.000000 1.000000 0.000000
342 0.000000 0.000000 0.000000
343 1 19.480020 9.146026 98.168532 1.000000 1.000000 1.000000 0.000000
343 0.000000 0.000000 0.000000
344 1 8.113616 94.109517 27.864746 1.000000 1.000000 1.000000 0.000000
344 0.000000 0.000000 0.000000
345 1 52.104007 54.932024 138.347477 1.000000 1.000000 1.000000 0.000000
345 0.000000 0.000000 0.000000
346 1 24.284048 37.060861 68.016249 1.000000 1.000000 1.000000 0.000000
346 0.000000 0.000000 0.000000
347 1 38.549548 81.712634 5.084869 1.000000 1.000000 1.000000 0.000000
347 0.000000 0.000000 0.000000
348 1 91.315413 1.946233 91.175332 1.000000 1.000000 1.000000 0.000000
348 0.000000 0.000000 0.000000
349 1 78.298930 21.647752 142.428104 1.000000 1.000000 1.000000 0.000000
349 0.000000 0.000000 0.000000
350 1 11.592245 31.540933 65.894252 1.000000 1.000000 1.000000 0.000000
350 0.000000 0.000000 0.000000
351 1 34.970948 6.377250 180.600077 1.000000 1.000000 1.000000 0.000000
351 0.000000 0.000000 0.000000
352 1 22.275140 97.660771 156.190240 1.000000 1.000000 1.000000 0.000000
352 0.000000 0.000000 0.000000
353 1 67.448410 64.218694 134.589144 1.000000 1.000000 1.000000 0.000000
353 0.000000 0.000000 0.000000
354 1 51.934117 6.576620 64.738517 1.000000 1.000000 1.000000 0.000000
354 0.000000 0.000000 0.000000
355 1 70.757766 71.667681 115.574440 1.000000 1.000000 1.000000 0.000000
355 0.000000 0.000000 0.000000
356 1 54.329157 8.026621 105.844859 1.000000 1.000000 1.000000 0.000000
356 0.000000 0.000000 0.000000
357 1 32.955328 80.134774 33.989551 1.000000 1.000000 1.000000 0.000000
357 0.000000 0.000000 0.000000
358 1 48.008115 47.618520 112.786807 1.000000 1.000000 1.000000 0.000000
358 0.000000 0.000000 0.000000
359 1 64.224155 53.206142 163.255201 1.000000 1.000000 1.000000 0.000000
359 0.000000 0.000000 0.000000
360 1 76.178456 0.290757 196.455996 1.000000 1.000000 1.000000 0.000000
360 0.000000 0.000000 0.000000
361 1 52.261409 11.132613 95.425830 1.000000 1.000000 1.000000 0.000000
361 0.000000 0.000000 0.000000
362 1 41.700484 79.937579 143.414406 1.000000 1.000000 1.000000 0.000000
362 0.000000 0.000000 0.000000
363 1 19.521845 8.159278 29.124684 1.000000 1.000000 1.000000 0.000000
363 0.000000 0.000000 0.000000
364 1 27.605371 13.622500 104.831584 1.000000 1.000000 1.000000 0.000000
364 0.000000 0.000000 0.000000
365 1 38.635189 76.533542 2.283994 1.000000 1.000000 1.000000 0.000000
365 0.000000 0.000000 0.000000
366 1 96.225690 73.242054 116.795437 1.000000 1.000000 1.000000 0.000000
366 0.000000 0.000000 0.000000
367 1 63.947205 69.570539 62.316623 1.000000 1.000000 1.000000 0.000000
367 0.000000 0.000000 0.000000
368 1 47.179312 86.612268 128.805906 1.000000 1.000000 1.000000 0.000000
368 0.000000 0.000000 0.000000
369 1 15.992368 13.094938 196.762328 1.000000 1.000000 1.000000 0.000000
369 0.000000 0.000000 0.000000
370 1 28.795328 34.077688 124.746634 1.000000 1.000000 1.000000 0.000000
370 0.000000 0.000000 0.000000
371 1 22.448396 63.441329 178.191690 1.000000 1.000000 1.000000 0.000000
371 0.000000 0.000000 0.000000
372 1 90.470516 79.246164 148.363310 1.000000 1.000000 1.000000 0.000000
372 0.000000 0.000000 0.000000
373 1 68.161479 3.855667 116.527548 1.000000 1.000000 1.000000 0.000000
373 0.000000 0.000000 0.000000
374 1 27.888029 99.973104 192.261136 1.000000 1.000000 1.000000 0.000000
374 0.000000 0.000000 0.000000
375 1 75.406051 37.960376 148.684105 1.000000 1.000000 1.000000 0.000000
375 0.000000 0.000000 0.000000
376 1 80.996055 26.458460 168.760219 1.000000 1.000000 1.000000 0.000000
376 0.000000 0.000000 0.000000
377 1 92.542036 67.642008 89.238647 1.000000 1.000000 1.000000 0.000000
377 0.000000 0.000000 0.000000
378 1 19.858966 69.703253 51.661946 1.000000 1.000000 1.000000 0.000000
378 0.000000 0.000000 0.000000
379 1 67.387326 88.868437 77.817377 1.000000 1.000000 1.000000 0.000000
379 0.000000 0.000000 0.000000
380 1 66.782607 77.702367 29.916783 1.000000 1.000000 1.000000 0.000000
380 0.000000 0.000000 0.000000
381 1 12.754445 19.428480 93.468331 1.000000 1.000000 1.000000 0.000000
381 0.000000 0.000000 0.000000
382 1 36.669280 91.337488 165.403821 1.000000 1.000000 1.000000 0.000000
382 0.000000 0.000000 0.000000
383 1 76.411052 27.928225 168.996454 1.000000 1.000000 1.000000 0.000000
383 0.000000 0.000000 0.000000
384 1 30.951295 67.637731 108.280313 1.000000 1.000000 1.000000 0.000000
384 0.000000 0.000000 0.000000
385 1 11.788720 19.661389 154.769956 1.000000 1.000000 1.000000 0.000000
385 0.000000 0.000000 0.000000
386 1 30.922229 9.688435 41.951782 1.000000 1.000000 1.000000 0.000000
386 0.000000 0.000000 0.000000
387 1 76.244616 84.277754 196.671685 1.000000 1.000000 1.000000 0.000000
387 0.000000 0.000000 0.000000
388 1 59.830649 95.703962 167.849077 1.000000 1.000000 1.000000 0.000000
388 0.000000 0.000000 0.000000
389 1 1.707918 71.743787 162.872635 1.000000 1.000000 1.000000 0.000000
389 0.000000 0.000000 0.000000
390 1 46.805699 14.610496 31.000693 1.000000 1.000000 1.000000 0.000000
390 0.000000 0.000000 0.000000
391 1 31.196525 93.550319 50.981926 1.000000 1.000000 1.000000 0.000000
391 0.000000 0.000000 0.000000
392 1 33.715579 96.176133 71.777641 1.000000 1.000000 1.000000 0.000000
392 0.000000 0.000000 0.000000
393 1 1.594552 89.900230 130.403114 1.000000 1.000000 1.000000 0.000000
393 0.000000 0.000000 0.000000
394 1 36.669327 77.511713 171.325497 1.000000 1.000000 1.000000 0.000000
394 0.000000 0.000000 0.000000
395 1 40.928363 67.485527 18.089453 1.000000 1.000000 1.000000 0.000000
395 0.000000 0.000000 0.000000
396 1 51.579252 47.726131 33.559890 1.000000 1.000000 1.000000 0.000000
396 0.000000 0.000000 0.000000
397 1 30.492288 43.780850 41.942478 1.000000 1.000000 1.000000 0.000000
397 0.000000 0.000000 0.000000
398 1 93.221319 91.332943 36.347970 1.000000 1.000000 1.000000 0.000000
398 0.000000 0.000000 0.000000
399 1 44.389639 65.904384 45.924441 1.000000 1.000000 1.000000 0.000000
399 0.000000 0.000000 0.000000
400 1 12.235729 40.664411 12.733477 1.000000 1.000000 1.000000 0.000000
400 0.000000 0.000000 0.000000
401 1 65.044810 11.177520 25.539682 1.000000 1.000000 1.000000 0.000000
401 0.000000 0.000000 0.000000
402 1 78.038238 51.323952 192.152924 1.000000 1.000000 1.000000 0.000000
402 0.000000 0.000000 0.000000
403 1 50.742358 79.994682 116.467859 1.000000 1.000000 1.000000 0.000000
403 0.000000 0.000000 0.000000
404 1 22.439497 1.242208 96.058556 1.000000 1.000000 1.000000 0.000000
404 0.000000 0.000000 0.000000
405 1 99.531632 55.817619 24.006658 1.000000 1.000000 1.000000 0.000000
405 0.000000 0.000000 0.000000
406 1 47.718716 22.894270 119.452860 1.000000 1.000000 1.000000 0.000000
406 0.000000 0.000000 0.000000
407 1 91.019483 7.175022 186.765394 1.000000 1.000000 1.000000 0.000000
407 0.000000 0.000000 0.000000
408 1 77.331996 43.658291 76.110175 1.000000 1.000000 1.000000 0.000000
408 0.000000 0.000000 0.000000
409 1 33.895037 12.971200 124.031776 1.000000 1.000000 1.000000 0.000000
409 0.000000 0.000000 0.000000
410 1 21.206360 34.523865 106.072040 1.000000 1.000000 1.000000 0.000000
410 0.000000 0.000000 0.000000
411 1 53.612542 41.727309 25.419857 1.000000 1.000000 1.000000 0.000000
411 0.000000 0.000000 0.000000
412 1 58.439804 97.291659 146.387687 1.000000 1.000000 1.000000 0.000000
412 0.000000 0.000000 0.000000
413 1 92.503405 42.766566 18.319390 1.000000 1.000000 1.000000 0.000000
413 0.000000 0.000000 0.000000
414 1 10.622195 82.992423 69.186428 1.000000 1.000000 1.000000 0.000000
414 0.000000 0.000000 0.000000
415 1 0.842610 5.491163 63.243179 1.000000 1.000000 1.000000 0.000000
415 0.000000 0.000000 0.000000
416 1 44.289268 94.386855 189.013985 1.000000 1.000000 1.000000 0.000000
416 0.000000 0.000000 0.000000
417 1 80.724198 41.794427 150.037141 1.000000 1.000000 1.000000 0.000000
417 0.000000 0.000000 0.000000
418 1 37.572377 88.778923 32.559950 1.000000 1.000000 1.000000 0.000000
418 0.000000 0.000000 0.000000
419 1 89.612602 84.798446 92.022983 1.000000 1.000000 1.000000 0.000000
419 0.000000 0.000000 0.000000
420 1 7.446505 27.787141 78.903910 1.000000 1.000000 1.000000 0.000000
420 0.000000 0.000000 0.000000
421 1 32.662996 0.046747 195.822588 1.000000 1.000000 1.000000 0.000000
421 0.000000 0.000000 0.000000
422 1 15.840271 11.175105 185.780847 1.000000 1.000000 1.000000 0.000000
422 0.000000 0.000000 0.000000
423 1 40.643696 21.273999 78.230897 1.000000 1.000000 1.000000 0.000000
423 0.000000 0.000000 0.000000
424 1 87.937887 30.864151 161.679173 1.000000 1.000000 1.000000 0.000000
424 0.000000 0.000000 0.000000
425 1 45.446466 38.681211 4.980112 1.000000 1.000000 1.000000 0.000000
425 0.000000 0.000000 0.000000
426 1 47.023025 66.590455 199.664545 1.000000 1.000000 1.000000 0.000000
426 0.000000 0.000000 0.000000
427 1 20.444159 92.025978 177.510257 1.000000 1.000000 1.000000 0.000000
427 0.000000 0.000000 0.000000
428 1 13.979978 34.707653 54.473867 1.000000 1.000000 1.000000 0.000000
428 0.000000 0.000000 0.000000
429 1 46.162422 75.141523 161.857896 1.000000 1.000000 1.000000 0.000000
429 0.000000 0.000000 0.000000
430 1 38.301057 61.690463 3.186857 1.000000 1.000000 1.000000 0.000000
430 0.000000 0.000000 0.000000
431 1 24.948910 40.818389 82.451547 1.000000 1.000000 1.000000 0.000000
431 0.000000 0.000000 0.000000
432 1 53.555076 77.564370 47.855782 1.000000 1.000000 1.000000 0.000000
432 0.000000 0.000000 0.000000
433 1 9.681477 40.002179 158.639912 1.000000 1.000000 1.000000 0.000000
433 0.000000 0.000000 0.000000
434 1 86.718538 32.037888 103.211632 1.000000 1.000000 1.000000 0.000000
434 0.000000 0.000000 0.000000
435 1 45.058223 78.101133 175.098394 1.000000 1.000000 1.000000 0.000000
435 0.000000 0.000000 0.000000
436 1 4.391554 49.968024 64.197063 1.000000 1.000000 1.000000 0.000000
436 0.000000 0.000000 0.000000
437 1 23.359804 15.463279 177.804768 1.000000 1.000000 1.000000 0.000000
437 0.000000 0.000000 0.000000
438 1 2.020773 71.261799 130.484233 1.000000 1.000000 1.000000 0.000000
438 0.000000 0.000000 0.000000
439 1 37.908312 99.517102 72.335197 1.000000 1.000000 1.000000 0.000000
439 0.000000 0.000000 0.000000
440 1 31.812187 83.830893 73.479608 1.000000 1.000000 1.000000 0.000000
440 0.000000 0.000000 0.000000
441 1 91.555909 58.495368 126.370213 1.000000 1.000000 1.000000 0.000000
441 0.000000 0.000000 0.000000
442 1 95.174924 82.346957 114.627279 1.000000 1.000000 1.000000 0.000000
442 0.000000 0.000000 0.000000
443 1 35.291944 90.618404 153.707659 1.000000 1.000000 1.000000 0.000000
443 0.000000 0.000000 0.000000
444 1 22.740239 78.294657 50.532119 1.000000 1.000000 1.000000 0.000000
444 0.000000 0.000000 0.000000
445 1 41.479177 66.831176 32.783637 1.000000 1.000000 1.000000 0.000000
445 0.000000 0.000000 0.000000
446 1 30.749129 39.291066 69.880496 1.000000 1.000000 1.000000 0.000000
446 0.000000 0.000000 0.000000
447 1 14.165126 47.949876 112.167220 1.000000 1.000000 1.000000 0.000000
447 0.000000 0.000000 0.000000
448 1 75.372766 80.862451 97.557534 1.000000 1.000000 1.000000 0.000000
448 0.000000 0.000000 0.000000
449 1 8.937136 31.822871 69.577252 1.000000 1.000000 1.000000 0.000000
449 0.000000 0.000000 0.000000
450 1 30.851660 49.148719 186.259619 1.000000 1.000000 1.000000 0.000000
450 0.000000 0.000000 0.000000
451 1 65.983404 4.311757 1.576954 1.000000 1.000000 1.000000 0.000000
451 0.000000 0.000000 0.000000
452 1 1.493389 99.292021 53.577095 1.000000 1.000000 1.000000 0.000000
452 0.000000 0.000000 0.000000
453 1 78.643992 97.092321 196.754447 1.000000 1.000000 1.000000 0.000000
453 0.000000 0.000000 0.000000
454 1 43.612838 55.560845 139.363789 1.000000 1.000000 1.000000 0.000000
454 0.000000 0.000000 0.000000
455 1 68.193729 60.885040 114.634382 1.000000 1.000000 1.000000 0.000000
455 0.000000 0.000000 0.000000
456 1 83.709120 0.546911 99.112028 1.000000 1.000000 1.000000 0.000000
456 0.000000 0.000000 0.000000
457 1 99.302215 35.507626 167.986856 1.000000 1.000000 1.000000 0.000000
457 0.000000 0.000000 0.000000
458 1 21.540553 92.275259 90.845521 1.000000 1.000000 1.000000 0.000000
458 0.000000 0.000000 0.000000
459 1 80.180859 26.002360 108.615473 1.000000 1.000000 1.000000 0.000000
459 0.000000 0.000000 0.000000
460 1 16.539613 11.806241 49.048193 1.000000 1.000000 1.000000 0.000000
460 0.000000 0.000000 0.000000
461 1 9.295055 2.352774 32.748574 1.000000 1.000000 1.000000 0.000000
461 0.000000 0.000000 0.000000
462 1 19.563684 81.415469 170.077831 1.000000 1.000000 1.000000 0.000000
462 0.000000 0.000000 0.000000
463 1 91.227286 42.767964 146.578103 1.000000 1.000000 1.000000 0.000000
463 0.000000 0.000000 0.000000
464 1 13.034430 59.983069 68.917205 1.000000 1.000000 1.000000 0.000000
464 0.000000 0.000000 0.000000
465 1 3.167030 93.482129 61.524850 1.000000 1.000000 1.000000 0.000000
465 0.000000 0.000000 0.000000
466 1 54.335509 49.119190 183.885847 1.000000 1.000000 1.000000 0.000000
466 0.000000 0.000000 0.000000
467 1 64.652374 87.498428 158.114112 1.000000 1.000000 1.000000 0.000000
467 0.000000 0.000000 0.000000
468 1 59.957999 80.547734 80.123296 1.000000 1.000000 1.000000 0.000000
468 0.000000 0.000000 0.000000
469 1 39.256508 93.011201 8.514872 1.000000 1.000000 1.000000 0.000000
469 0.000000 0.000000 0.000000
470 1 2.971811 13.636306 161.437373 1.000000 1.000000 1.000000 0.000000
470 0.000000 0.000000 0.000000
471 1 86.588646 77.778093 107.436023 1.000000 1.000000 1.000000 0.000000
471 0.000000 0.000000 0.000000
472 1 78.950684 4.156768 144.413127 1.000000 1.000000 1.000000 0.000000
472 0.000000 0.000000 0.000000
473 1 33.217151 77.092417 49.559403 1.000000 1.000000 1.000000 0.000000
473 0.000000 0.000000 0.000000
474 1 97.723490 73.198368 198.865442 1.000000 1.000000 1.000000 0.000000
474 0.000000 0.000000 0.000000
475 1 20.896208 79.231351 61.134105 1.000000 1.000000 1.000000 0.000000
475 0.000000 0.000000 0.000000
476 1 34.052286 74.653272 105.894970 1.000000 1.000000 1.000000 0.000000
476 0.000000 0.000000 0.000000
477 1 75.276026 99.907494 20.450938 1.000000 1.000000 1.000000 0.000000
477 0.000000 0.000000 0.000000
478 1 98.318280 61.549332 109.648327 1.000000 1.000000 1.000000 0.000000
478 0.000000 0.000000 0.000000
479 1 71.197274 80.109199 180.402620 1.000000 1.000000 1.000000 0.000000
479 0.000000 0.000000 0.000000
480 1 24.776381 0.553081 48.346751 1.000000 1.000000 1.000000 0.000000
480 0.000000 0.000000 0.000000
481 1 94.183442 3.255325 181.893302 1.000000 1.000000 1.000000 0.000000
481 0.000000 0.000000 0.000000
482 1 70.358141 95.536983 76.471898 1.000000 1.000000 1.000000 0.000000
482 0.000000 0.000000 0.000000
483 1 92.576019 41.403592 18.949726 1.000000 1.000000 1.000000 0.000000
483 0.000000 0.000000 0.000000
484 1 83.700568 12.846753 46.341887 1.000000 1.000000 1.000000 0.000000
484 0.000000 0.000000 0.000000
485 1 93.785558 13.927911 169.309735 1.000000 1.000000 1.000000 0.000000
485 0.000000 0.000000 0.000000
486 1 33.552827 28.806259 98.592423 1.000000 1.000000 1.000000 0.000000
486 0.000000 0.000000 0.000000
487 1 50.392093 51.718614 5.756719 1.000000 1.000000 1.000000 0.000000
487 0.000000 0.000000 0.000000
488 1 98.556934 59.407052 80.252929 1.000000 1.000000 1.000000 0.000000
488 0.000000 0.000000 0.000000
489 1 88.005810 52.801291 49.413921 1.000000 1.000000 1.000000 0.000000
489 0.000000 0.000000 0.000000
490 1 70.133161 48.551006 146.706360 1.000000 1.000000 1.000000 0.000000
490 0.000000 0.000000 0.000000
491 1 65.567890 92.263142 78.954837 1.000000 1.000000 1.000000 0.000000
491 0.000000 0.000000 0.000000
492 1 85.022205 15.228356 6.829100 1.000000 1.000000 1.000000 0.000000
492 0.000000 0.000000 0.000000
493 1 87.623255 54.118183 24.391448 1.000000 1.000000 1.000000 0.000000
493 0.000000 0.000000 0.000000
494 1 55.375652 10.595662 8.227833 1.000000 1.000000 1.000000 0.000000
494 0.000000 0.000000 0.000000
495 1 37.031787 97.846783 25.245585 1.000000 1.000000 1.000000 0.000000
495 0.000000 0.000000 0.000000
496 1 74.935732 40.318306 171.069113 1.000000 1.000000 1.000000 0.000000
496 0.000000 0.000000 0.000000
497 1 3.121799 94.855963 16.312143 1.000000 1.000000 1.000000 0.000000
497 0.000000 0.000000 0.000000
498 1 15.877897 80.862157 184.030333 1.000000 1.000000 1.000000 0.000000
498 0.000000 0.000000 0.000000
499 1 93.680790 79.622383 88.291859 1.000000 1.000000 1.000000 0.000000
499 0.000000 0.000000 0.000000
