RESTART FILE
Timestep: 200

NUMBER OF PARTICLES
500

SIMULATION BOX
100 100 200

TIMESTEP
0.1

ATTRACTION RADIUS
1
0 

AGGREGATES/BEADS
0 1 5.254363 84.502936 46.224013 1.000000 1.000000 1.000000 0.000000
0 0.000000 0.000000 0.000000
1 1 83.075853 7.307168 141.812350 1.000000 1.000000 1.000000 0.000000
1 0.000000 0.000000 0.000000
2 1 25.536845 99.712001 34.731576 1.000000 1.000000 1.000000 0.000000
2 0.000000 0.000000 0.000000
3 1 95.696801 82.720714 128.180491 1.000000 1.000000 1.000000 0.000000
3 0.000000 0.000000 0.000000
4 1 35.580200 90.150706 110.241949 1.000000 1.000000 1.000000 0.000000
4 0.000000 0.000000 0.000000
5 1 22.247445 62.342195 182.664148 1.000000 1.000000 1.000000 0.000000
5 0.000000 0.000000 0.000000
6 1 78.827266 16.989970 195.149019 1.000000 1.000000 1.000000 0.000000
6 0.000000 0.000000 0.000000
7 1 66.912792 10.703780 147.609214 1.000000 1.000000 1.000000 0.000000
7 0.000000 0.000000 0.000000
8 1 57.497278 4.114014 97.273869 1.000000 1.000000 1.000000 0.000000
8 0.000000 0.000000 0.000000
9 1 42.480241 20.483864 53.509088 1.000000 1.000000 1.000000 0.000000
9 0.000000 0.000000 0.000000
10 1 99.511992 96.247645 40.201130 1.000000 1.000000 1.000000 0.000000
10 0.000000 0.000000 0.000000
11 1 22.172426 51.043533 9.626859 1.000000 1.000000 1.000000 0.000000
11 0.000000 0.000000 0.000000
12 1 72.972802 75.545107 80.448106 1.000000 1.000000 1.000000 0.000000
12 0.000000 0.000000 0.000000
13 1 66.626496 58.480436 18.274143 1.000000 1.000000 1.000000 0.000000
13 0.000000 0.000000 0.000000
14 1 34.935486 38.324064 25.731174 1.000000 1.000000 1.000000 0.000000
14 0.000000 0.000000 0.000000
15 1 50.479895 46.554387 183.978694 1.000000 1.000000 1.000000 0.000000
15 0.000000 0.000000 0.000000
16 1 65.584380 64.339904 12.377056 1.000000 1.000000 1.000000 0.000000
16 0.000000 0.000000 0.000000
17 1 87.439638 82.556881 95.071442 1.000000 1.000000 1.000000 0.000000
17 0.000000 0.000000 0.000000
18 1 77.556987 82.424689 179.407009 1.000000 1.000000 1.000000 0.000000
18 0.000000 0.000000 0.000000
19 1 63.975549 54.815333 176.054766 1.000000 1.000000 1.000000 0.000000
19 0.000000 0.000000 0.000000
20 1 80.524112 97.681615 124.370888 1.000000 1.000000 1.000000 0.000000
20 0.000000 0.000000 0.000000
21 1 7.920332 30.995413 41.088431 1.000000 1.000000 1.000000 0.000000
21 0.000000 0.000000 0.000000
22 1 66.773370 27.837383 142.035173 1.000000 1.000000 1.000000 0.000000
22 0.000000 0.000000 0.000000
23 1 72.273932 55.710569 102.287169 1.000000 1.000000 1.000000 0.000000
23 0.000000 0.000000 0.000000
24 1 20.970104 76.849054 82.222050 1.000000 1.000000 1.000000 0.000000
24 0.000000 0.000000 0.000000
25 1 88.744544 86.696594 81.771748 1.000000 1.000000 1.000000 0.000000
25 0.000000 0.000000 0.000000
26 1 1.610011 33.471390 46.265862 1.000000 1.000000 1.000000 0.000000
26 0.000000 0.000000 0.000000
27 1 54.776664 69.290083 7.119144 1.000000 1.000000 1.000000 0.000000
27 0.000000 0.000000 0.000000
28 1 64.481892 96.695384 80.655569 1.000000 1.000000 1.000000 0.000000
28 0.000000 0.000000 0.000000
29 1 44.208413 34.638458 25.437083 1.000000 1.000000 1.000000 0.000000
29 0.000000 0.000000 0.000000
30 1 27.369530 41.057943 196.734121 1.000000 1.000000 1.000000 0.000000
30 0.000000 0.000000 0.000000
31 1 90.959098 40.680072 15.743296 1.000000 1.000000 1.000000 0.000000
31 0.000000 0.000000 0.000000
32 1 15.862741 60.483820 182.413058 1.000000 1.000000 1.000000 0.000000
32 0.000000 0.000000 0.000000
33 1 82.612348 47.577301 29.676476 1.000000 1.000000 1.000000 0.000000
33 0.000000 0.000000 0.000000
34 1 9.748095 5.556936 62.504741 1.000000 1.000000 1.000000 0.000000
34 0.000000 0.000000 0.000000
35 1 25.332603 22.979257 26.188571 1.000000 1.000000 1.000000 0.000000
35 0.000000 0.000000 0.000000
36 1 80.454208 90.989203 58.117367 1.000000 1.000000 1.000000 0.000000
36 0.000000 0.000000 0.000000
37 1 8.716403 9.478152 136.261833 1.000000 1.000000 1.000000 0.000000
37 0.000000 0.000000 0.000000
38 1 59.133651 53.360057 62.040019 1.000000 1.000000 1.000000 0.000000
38 0.000000 0.000000 0.000000
39 1 40.701309 99.686501 22.743217 1.000000 1.000000 1.000000 0.000000
39 0.000000 0.000000 0.000000
40 1 1.951729 9.948538 77.688783 1.000000 1.000000 1.000000 0.000000
40 0.000000 0.000000 0.000000
41 1 69.115015 16.669198 105.451267 1.000000 1.000000 1.000000 0.000000
41 0.000000 0.000000 0.000000
42 1 28.597969 76.478946 125.650653 1.000000 1.000000 1.000000 0.000000
42 0.000000 0.000000 0.000000
43 1 21.994532 67.107800 4.326397 1.000000 1.000000 1.000000 0.000000
43 0.000000 0.000000 0.000000
44 1 59.644674 67.413908 120.060404 1.000000 1.000000 1.000000 0.000000
44 0.000000 0.000000 0.000000
45 1 48.789983 97.529574 86.293678 1.000000 1.000000 1.000000 0.000000
45 0.000000 0.000000 0.000000
46 1 49.994211 92.273671 70.121896 1.000000 1.000000 1.000000 0.000000
46 0.000000 0.000000 0.000000
47 1 21.442748 62.473064 26.495145 1.000000 1.000000 1.000000 0.000000
47 0.000000 0.000000 0.000000
48 1 45.766925 32.355594 4.833129 1.000000 1.000000 1.000000 0.000000
48 0.000000 0.000000 0.000000
49 1 81.702223 52.411099 31.798613 1.000000 1.000000 1.000000 0.000000
49 0.000000 0.000000 0.000000
50 1 96.025220 72.110842 11.009524 1.000000 1.000000 1.000000 0.000000
50 0.000000 0.000000 0.000000
51 1 17.107307 42.696223 131.887950 1.000000 1.000000 1.000000 0.000000
51 0.000000 0.000000 0.000000
52 1 58.986088 81.775171 153.156058 1.000000 1.000000 1.000000 0.000000
52 0.000000 0.000000 0.000000
53 1 66.667646 86.169018 62.608537 1.000000 1.000000 1.000000 0.000000
53 0.000000 0.000000 0.000000
54 1 33.120680 50.294087 47.527281 1.000000 1.000000 1.000000 0.000000
54 0.000000 0.000000 0.000000
55 1 62.928674 68.412650 117.884888 1.000000 1.000000 1.000000 0.000000
55 0.000000 0.000000 0.000000
56 1 28.646245 58.856078 195.994539 1.000000 1.000000 1.000000 0.000000
56 0.000000 0.000000 0.000000
57 1 73.495785 96.884206 156.227154 1.000000 1.000000 1.000000 0.000000
57 0.000000 0.000000 0.000000
58 1 29.163641 43.639862 53.901445 1.000000 1.000000 1.000000 0.000000
58 0.000000 0.000000 0.000000
59 1 65.349488 94.647203 5.096508 1.000000 1.000000 1.000000 0.000000
59 0.000000 0.000000 0.000000
60 1 4.366460 33.991860 30.672258 1.000000 1.000000 1.000000 0.000000
60 0.000000 0.000000 0.000000
61 1 61.978315 93.207585 191.248893 1.000000 1.000000 1.000000 0.000000
61 0.000000 0.000000 0.000000
62 1 31.415880 19.723246 115.064594 1.000000 1.000000 1.000000 0.000000
62 0.000000 0.000000 0.000000
63 1 10.631732 26.990051 33.589121 1.000000 1.000000 1.000000 0.000000
63 0.000000 0.000000 0.000000
64 1 56.025292 84.317575 86.433421 1.000000 1.000000 1.000000 0.000000
64 0.000000 0.000000 0.000000
65 1 87.306931 80.450976 88.726435 1.000000 1.000000 1.000000 0.000000
65 0.000000 0.000000 0.000000
66 1 81.895075 68.847548 196.318425 1.000000 1.000000 1.000000 0.000000
66 0.000000 0.000000 0.000000
67 1 74.686404 27.340618 26.762615 1.000000 1.000000 1.000000 0.000000
67 0.000000 0.000000 0.000000
68 1 16.828576 34.618425 145.882387 1.000000 1.000000 1.000000 0.000000
68 0.000000 0.000000 0.000000
69 1 89.336905 68.318893 199.879867 1.000000 1.000000 1.000000 0.000000
69 0.000000 0.000000 0.000000
70 1 47.460075 52.952660 103.239232 1.000000 1.000000 1.000000 0.000000
70 0.000000 0.000000 0.000000
71 1 65.411560 60.770779 15.051852 1.000000 1.000000 1.000000 0.000000
71 0.000000 0.000000 0.000000
72 1 81.174374 78.407454 60.149573 1.000000 1.000000 1.000000 0.000000
72 0.000000 0.000000 0.000000
73 1 61.794189 56.840071 63.357120 1.000000 1.000000 1.000000 0.000000
73 0.000000 0.000000 0.000000
74 1 43.060385 7.903402 82.430449 1.000000 1.000000 1.000000 0.000000
74 0.000000 0.000000 0.000000
75 1 94.058773 33.829131 108.809975 1.000000 1.000000 1.000000 0.000000
75 0.000000 0.000000 0.000000
76 1 86.281377 52.313181 23.430095 1.000000 1.000000 1.000000 0.000000
76 0.000000 0.000000 0.000000
77 1 80.644483 58.305834 49.843072 1.000000 1.000000 1.000000 0.000000
77 0.000000 0.000000 0.000000
78 1 97.480900 21.984003 158.893258 1.000000 1.000000 1.000000 0.000000
78 0.000000 0.000000 0.000000
79 1 19.327324 83.162319 197.655909 1.000000 1.000000 1.000000 0.000000
79 0.000000 0.000000 0.000000
80 1 5.531737 87.097273 41.363921 1.000000 1.000000 1.000000 0.000000
80 0.000000 0.000000 0.000000
81 1 75.984445 18.982641 10.987503 1.000000 1.000000 1.000000 0.000000
81 0.000000 0.000000 0.000000
82 1 50.100205 3.283153 136.506963 1.000000 1.000000 1.000000 0.000000
82 0.000000 0.000000 0.000000
83 1 58.666351 7.005448 166.620287 1.000000 1.000000 1.000000 0.000000
83 0.000000 0.000000 0.000000
84 1 71.536448 19.409119 157.496442 1.000000 1.000000 1.000000 0.000000
84 0.000000 0.000000 0.000000
85 1 19.120492 19.137419 93.490915 1.000000 1.000000 1.000000 0.000000
85 0.000000 0.000000 0.000000
86 1 1.708630 13.064770 75.768295 1.000000 1.000000 1.000000 0.000000
86 0.000000 0.000000 0.000000
87 1 67.996233 44.440273 87.643208 1.000000 1.000000 1.000000 0.000000
87 0.000000 0.000000 0.000000
88 1 10.812719 99.673704 163.201232 1.000000 1.000000 1.000000 0.000000
88 0.000000 0.000000 0.000000
89 1 22.188683 25.972400 122.135335 1.000000 1.000000 1.000000 0.000000
89 0.000000 0.000000 0.000000
90 1 12.349760 81.605639 36.231099 1.000000 1.000000 1.000000 0.000000
90 0.000000 0.000000 0.000000
91 1 97.457404 5.806559 12.421952 1.000000 1.000000 1.000000 0.000000
91 0.000000 0.000000 0.000000
92 1 6.145547 46.415520 72.371946 1.000000 1.000000 1.000000 0.000000
92 0.000000 0.000000 0.000000
93 1 40.977441 71.598720 178.782418 1.000000 1.000000 1.000000 0.000000
93 0.000000 0.000000 0.000000
94 1 91.567836 99.019258 103.406691 1.000000 1.000000 1.000000 0.000000
94 0.000000 0.000000 0.000000
95 1 64.878886 10.230650 52.711229 1.000000 1.000000 1.000000 0.000000
95 0.000000 0.000000 0.000000
96 1 62.960196 32.193419 16.705071 1.000000 1.000000 1.000000 0.000000
96 0.000000 0.000000 0.000000
97 1 48.376950 91.431393 32.657072 1.000000 1.000000 1.000000 0.000000
97 0.000000 0.000000 0.000000
98 1 64.302597 33.931629 34.230540 1.000000 1.000000 1.000000 0.000000
98 0.000000 0.000000 0.000000
99 1 55.263308 89.339475 64.839207 1.000000 1.000000 1.000000 0.000000
99 0.000000 0.000000 0.000000
100 1 78.781520 24.653088 198.574022 1.000000 1.000000 1.000000 0.000000
100 0.000000 0.000000 0.000000
101 1 66.420721 97.756181 124.488934 1.000000 1.000000 1.000000 0.000000
101 0.000000 0.000000 0.000000
102 1 35.095875 61.003056 109.741950 1.000000 1.000000 1.000000 0.000000
102 0.000000 0.000000 0.000000
103 1 73.001038 46.682427 136.478614 1.000000 1.000000 1.000000 0.000000
103 0.000000 0.000000 0.000000
104 1 50.632915 2.943969 68.804442 1.000000 1.000000 1.000000 0.000000
104 0.000000 0.000000 0.000000
105 1 76.173787 49.894785 190.325301 1.000000 1.000000 1.000000 0.000000
105 0.000000 0.000000 0.000000
106 1 86.507798 32.727834 165.962775 1.000000 1.000000 1.000000 0.000000
106 0.000000 0.000000 0.000000
107 1 93.895036 0.527911 37.740379 1.000000 1.000000 1.000000 0.000000
107 0.000000 0.000000 0.000000
108 1 7.815608 40.850284 162.215121 1.000000 1.000000 1.000000 0.000000
108 0.000000 0.000000 0.000000
109 1 9.091839 30.086623 165.228502 1.000000 1.000000 1.000000 0.000000
109 0.000000 0.000000 0.000000
110 1 45.609904 66.009023 181.014724 1.000000 1.000000 1.000000 0.000000
110 0.000000 0.000000 0.000000
111 1 83.434459 7.615879 79.873603 1.000000 1.000000 1.000000 0.000000
111 0.000000 0.000000 0.000000
112 1 28.254478 4.309253 39.391453 1.000000 1.000000 1.000000 0.000000
112 0.000000 0.000000 0.000000
113 1 28.375829 76.206157 138.035466 1.000000 1.000000 1.000000 0.000000
113 0.000000 0.000000 0.000000
114 1 67.707188 58.927683 129.881418 1.000000 1.000000 1.000000 0.000000
114 0.000000 0.000000 0.000000
115 1 68.616002 40.962478 144.002244 1.000000 1.000000 1.000000 0.000000
115 0.000000 0.000000 0.000000
116 1 53.192598 72.514173 117.014655 1.000000 1.000000 1.000000 0.000000
116 0.000000 0.000000 0.000000
117 1 40.077730 68.086862 5.280632 1.000000 1.000000 1.000000 0.000000
117 0.000000 0.000000 0.000000
118 1 37.417358 8.170952 70.534321 1.000000 1.000000 1.000000 0.000000
118 0.000000 0.000000 0.000000
119 1 29.919681 52.848363 173.177440 1.000000 1.000000 1.000000 0.000000
119 0.000000 0.000000 0.000000
120 1 4.413157 60.192925 18.569114 1.000000 1.000000 1.000000 0.000000
120 0.000000 0.000000 0.000000
121 1 41.043737 25.351706 50.295903 1.000000 1.000000 1.000000 0.000000
121 0.000000 0.000000 0.000000
122 1 56.467513 27.363584 167.624418 1.000000 1.000000 1.000000 0.000000
122 0.000000 0.000000 0.000000
123 1 12.145608 78.888497 12.213702 1.000000 1.000000 1.000000 0.000000
123 0.000000 0.000000 0.000000
124 1 63.229024 83.136764 188.231721 1.000000 1.000000 1.000000 0.000000
124 0.000000 0.000000 0.000000
125 1 84.341647 38.167731 72.933357 1.000000 1.000000 1.000000 0.000000
125 0.000000 0.000000 0.000000
126 1 18.652665 79.069409 105.989169 1.000000 1.000000 1.000000 0.000000
126 0.000000 0.000000 0.000000
127 1 53.176824 24.066112 177.666662 1.000000 1.000000 1.000000 0.000000
127 0.000000 0.000000 0.000000
128 1 51.480274 19.055509 132.463593 1.000000 1.000000 1.000000 0.000000
128 0.000000 0.000000 0.000000
129 1 69.607295 45.209034 154.995112 1.000000 1.000000 1.000000 0.000000
129 0.000000 0.000000 0.000000
130 1 97.721965 4.801405 126.455360 1.000000 1.000000 1.000000 0.000000
130 0.000000 0.000000 0.000000
131 1 49.930203 97.697668 113.861026 1.000000 1.000000 1.000000 0.000000
131 0.000000 0.000000 0.000000
132 1 37.298645 41.065690 36.488032 1.000000 1.000000 1.000000 0.000000
132 0.000000 0.000000 0.000000
133 1 26.114258 98.401913 71.718054 1.000000 1.000000 1.000000 0.000000
133 0.000000 0.000000 0.000000
134 1 83.024078 47.524050 43.306131 1.000000 1.000000 1.000000 0.000000
134 0.000000 0.000000 0.000000
135 1 2.776038 2.966072 14.071536 1.000000 1.000000 1.000000 0.000000
135 0.000000 0.000000 0.000000
136 1 23.679133 43.289123 81.315900 1.000000 1.000000 1.000000 0.000000
136 0.000000 0.000000 0.000000
137 1 39.342196 67.262828 153.384947 1.000000 1.000000 1.000000 0.000000
137 0.000000 0.000000 0.000000
138 1 85.687810 82.484819 198.047289 1.000000 1.000000 1.000000 0.000000
138 0.000000 0.000000 0.000000
139 1 35.695371 43.698577 178.954446 1.000000 1.000000 1.000000 0.000000
139 0.000000 0.000000 0.000000
140 1 81.249144 78.825002 167.917268 1.000000 1.000000 1.000000 0.000000
140 0.000000 0.000000 0.000000
141 1 44.572505 83.676592 101.185100 1.000000 1.000000 1.000000 0.000000
141 0.000000 0.000000 0.000000
142 1 9.819213 92.630227 86.015732 1.000000 1.000000 1.000000 0.000000
142 0.000000 0.000000 0.000000
143 1 64.497775 33.247958 153.395954 1.000000 1.000000 1.000000 0.000000
143 0.000000 0.000000 0.000000
144 1 16.017069 43.192899 171.762812 1.000000 1.000000 1.000000 0.000000
144 0.000000 0.000000 0.000000
145 1 76.028595 74.814632 169.497265 1.000000 1.000000 1.000000 0.000000
145 0.000000 0.000000 0.000000
146 1 53.507812 55.551552 45.682464 1.000000 1.000000 1.000000 0.000000
146 0.000000 0.000000 0.000000
147 1 64.459091 53.305368 118.004927 1.000000 1.000000 1.000000 0.000000
147 0.000000 0.000000 0.000000
148 1 17.851169 93.970042 138.478580 1.000000 1.000000 1.000000 0.000000
148 0.000000 0.000000 0.000000
149 1 27.626322 34.636816 110.112444 1.000000 1.000000 1.000000 0.000000
149 0.000000 0.000000 0.000000
150 1 62.264101 24.126587 37.125694 1.000000 1.000000 1.000000 0.000000
150 0.000000 0.000000 0.000000
151 1 14.678294 37.281961 147.107150 1.000000 1.000000 1.000000 0.000000
151 0.000000 0.000000 0.000000
152 1 49.360169 68.865397 122.400020 1.000000 1.000000 1.000000 0.000000
152 0.000000 0.000000 0.000000
153 1 53.120977 84.053798 185.343649 1.000000 1.000000 1.000000 0.000000
153 0.000000 0.000000 0.000000
154 1 3.032889 73.850522 117.423105 1.000000 1.000000 1.000000 0.000000
154 0.000000 0.000000 0.000000
155 1 26.908797 47.625072 2.681646 1.000000 1.000000 1.000000 0.000000
155 0.000000 0.000000 0.000000
156 1 93.654522 80.075632 77.301227 1.000000 1.000000 1.000000 0.000000
156 0.000000 0.000000 0.000000
157 1 17.939332 58.811198 135.704519 1.000000 1.000000 1.000000 0.000000
157 0.000000 0.000000 0.000000
158 1 24.390860 22.077557 168.415498 1.000000 1.000000 1.000000 0.000000
158 0.000000 0.000000 0.000000
159 1 53.982978 24.968277 193.534412 1.000000 1.000000 1.000000 0.000000
159 0.000000 0.000000 0.000000
160 1 27.154378 93.345127 39.342821 1.000000 1.000000 1.000000 0.000000
160 0.000000 0.000000 0.000000
161 1 94.700311 47.980163 124.618848 1.000000 1.000000 1.000000 0.000000
161 0.000000 0.000000 0.000000
162 1 32.170159 83.912821 108.908713 1.000000 1.000000 1.000000 0.000000
162 0.000000 0.000000 0.000000
163 1 26.742088 98.087962 14.967194 1.000000 1.000000 1.000000 0.000000
163 0.000000 0.000000 0.000000
164 1 12.826537 25.124303 165.071061 1.000000 1.000000 1.000000 0.000000
164 0.000000 0.000000 0.000000
165 1 89.127387 31.183693 157.703825 1.000000 1.000000 1.000000 0.000000
165 0.000000 0.000000 0.000000
166 1 67.600099 74.052455 77.761108 1.000000 1.000000 1.000000 0.000000
166 0.000000 0.000000 0.000000
167 1 55.851805 93.922865 20.672166 1.000000 1.000000 1.000000 0.000000
167 0.000000 0.000000 0.000000
168 1 90.767603 22.887128 153.289822 1.000000 1.000000 1.000000 0.000000
168 0.000000 0.000000 0.000000
169 1 59.486004 19.840053 33.087463 1.000000 1.000000 1.000000 0.000000
169 0.000000 0.000000 0.000000
170 1 9.000110 48.027903 167.584515 1.000000 1.000000 1.000000 0.000000
170 0.000000 0.000000 0.000000
171 1 81.618973 93.241972 135.734872 1.000000 1.000000 1.000000 0.000000
171 0.000000 0.000000 0.000000
172 1 31.546050 44.014138 80.017114 1.000000 1.000000 1.000000 0.000000
172 0.000000 0.000000 0.000000
173 1 49.847808 70.463529 79.712045 1.000000 1.000000 1.000000 0.000000
173 0.000000 0.000000 0.000000
174 1 69.495043 67.994787 7.631893 1.000000 1.000000 1.000000 0.000000
174 0.000000 0.000000 0.000000
175 1 44.407937 17.156966 131.217344 1.000000 1.000000 1.000000 0.000000
175 0.000000 0.000000 0.000000
176 1 26.749733 5.042049 75.827083 1.000000 1.000000 1.000000 0.000000
176 0.000000 0.000000 0.000000
177 1 63.884849 19.039505 119.142615 1.000000 1.000000 1.000000 0.000000
177 0.000000 0.000000 0.000000
178 1 38.607342 26.821062 4.374658 1.000000 1.000000 1.000000 0.000000
178 0.000000 0.000000 0.000000
179 1 47.594224 75.326759 102.047381 1.000000 1.000000 1.000000 0.000000
179 0.000000 0.000000 0.000000
180 1 30.600337 6.543239 23.562386 1.000000 1.000000 1.000000 0.000000
180 0.000000 0.000000 0.000000
181 1 32.857342 16.904882 192.678159 1.000000 1.000000 1.000000 0.000000
181 0.000000 0.000000 0.000000
182 1 59.544694 60.763247 29.533977 1.000000 1.000000 1.000000 0.000000
182 0.000000 0.000000 0.000000
183 1 13.511859 14.156038 122.299871 1.000000 1.000000 1.000000 0.000000
183 0.000000 0.000000 0.000000
184 1 66.070226 90.256907 71.647803 1.000000 1.000000 1.000000 0.000000
184 0.000000 0.000000 0.000000
185 1 38.980300 26.799913 160.107912 1.000000 1.000000 1.000000 0.000000
185 0.000000 0.000000 0.000000
186 1 85.294842 19.683795 32.872523 1.000000 1.000000 1.000000 0.000000
186 0.000000 0.000000 0.000000
187 1 31.770515 76.361174 49.661808 1.000000 1.000000 1.000000 0.000000
187 0.000000 0.000000 0.000000
188 1 57.019834 92.444765 8.671361 1.000000 1.000000 1.000000 0.000000
188 0.000000 0.000000 0.000000
189 1 88.387136 83.338949 99.344554 1.000000 1.000000 1.000000 0.000000
189 0.000000 0.000000 0.000000
190 1 6.553039 70.673330 48.273798 1.000000 1.000000 1.000000 0.000000
190 0.000000 0.000000 0.000000
191 1 53.442015 65.301278 93.245724 1.000000 1.000000 1.000000 0.000000
191 0.000000 0.000000 0.000000
192 1 53.067465 77.692389 25.869879 1.000000 1.000000 1.000000 0.000000
192 0.000000 0.000000 0.000000
193 1 29.528026 81.149569 182.795786 1.000000 1.000000 1.000000 0.000000
193 0.000000 0.000000 0.000000
194 1 81.697655 36.524744 170.516499 1.000000 1.000000 1.000000 0.000000
194 0.000000 0.000000 0.000000
195 1 23.990505 34.795875 170.574094 1.000000 1.000000 1.000000 0.000000
195 0.000000 0.000000 0.000000
196 1 64.838295 46.339614 121.776236 1.000000 1.000000 1.000000 0.000000
196 0.000000 0.000000 0.000000
197 1 68.123034 13.427098 129.576013 1.000000 1.000000 1.000000 0.000000
197 0.000000 0.000000 0.000000
198 1 0.919227 73.533777 20.446102 1.000000 1.000000 1.000000 0.000000
198 0.000000 0.000000 0.000000
199 1 15.651239 96.770024 172.549558 1.000000 1.000000 1.000000 0.000000
199 0.000000 0.000000 0.000000
200 1 30.149405 19.099614 134.627459 1.000000 1.000000 1.000000 0.000000
200 0.000000 0.000000 0.000000
201 1 23.296965 46.424194 116.453093 1.000000 1.000000 1.000000 0.000000
201 0.000000 0.000000 0.000000
202 1 79.229036 96.258822 1.936067 1.000000 1.000000 1.000000 0.000000
202 0.000000 0.000000 0.000000
203 1 55.511726 81.210571 35.073762 1.000000 1.000000 1.000000 0.000000
203 0.000000 0.000000 0.000000
204 1 32.977993 6.802331 118.854471 1.000000 1.000000 1.000000 0.000000
204 0.000000 0.000000 0.000000
205 1 43.515603 93.945078 31.230051 1.000000 1.000000 1.000000 0.000000
205 0.000000 0.000000 0.000000
206 1 48.411644 6.266329 0.143230 1.000000 1.000000 1.000000 0.000000
206 0.000000 0.000000 0.000000
207 1 39.479861 74.754886 154.490825 1.000000 1.000000 1.000000 0.000000
207 0.000000 0.000000 0.000000
208 1 93.551459 95.290595 103.638207 1.000000 1.000000 1.000000 0.000000
208 0.000000 0.000000 0.000000
209 1 54.547111 77.420859 116.062599 1.000000 1.000000 1.000000 0.000000
209 0.000000 0.000000 0.000000
210 1 3.980862 37.893001 29.018265 1.000000 1.000000 1.000000 0.000000
210 0.000000 0.000000 0.000000
211 1 42.922198 64.406415 67.855811 1.000000 1.000000 1.000000 0.000000
211 0.000000 0.000000 0.000000
212 1 88.152860 11.425237 123.381597 1.000000 1.000000 1.000000 0.000000
212 0.000000 0.000000 0.000000
213 1 99.027553 33.615965 159.343182 1.000000 1.000000 1.000000 0.000000
213 0.000000 0.000000 0.000000
214 1 46.427316 31.874553 21.803004 1.000000 1.000000 1.000000 0.000000
214 0.000000 0.000000 0.000000
215 1 28.185239 37.437009 46.001553 1.000000 1.000000 1.000000 0.000000
215 0.000000 0.000000 0.000000
216 1 96.219535 59.912361 121.771512 1.000000 1.000000 1.000000 0.000000
216 0.000000 0.000000 0.000000
217 1 48.575366 37.280040 175.859715 1.000000 1.000000 1.000000 0.000000
217 0.000000 0.000000 0.000000
218 1 48.490322 55.181518 97.569051 1.000000 1.000000 1.000000 0.000000
218 0.000000 0.000000 0.000000
219 1 76.059938 79.931953 48.594051 1.000000 1.000000 1.000000 0.000000
219 0.000000 0.000000 0.000000
220 1 77.685408 59.340074 86.163307 1.000000 1.000000 1.000000 0.000000
220 0.000000 0.000000 0.000000
221 1 30.647126 19.174409 152.801561 1.000000 1.000000 1.000000 0.000000
221 0.000000 0.000000 0.000000
222 1 53.646384 23.330892 90.722757 1.000000 1.000000 1.000000 0.000000
222 0.000000 0.000000 0.000000
223 1 88.759381 60.044096 147.933475 1.000000 1.000000 1.000000 0.000000
223 0.000000 0.000000 0.000000
224 1 51.146695 98.498520 183.083494 1.000000 1.000000 1.000000 0.000000
224 0.000000 0.000000 0.000000
225 1 27.715737 17.179999 92.389520 1.000000 1.000000 1.000000 0.000000
225 0.000000 0.000000 0.000000
226 1 24.939483 85.176204 49.000013 1.000000 1.000000 1.000000 0.000000
226 0.000000 0.000000 0.000000
227 1 34.836906 3.698927 172.111187 1.000000 1.000000 1.000000 0.000000
227 0.000000 0.000000 0.000000
228 1 70.023337 66.420974 25.238524 1.000000 1.000000 1.000000 0.000000
228 0.000000 0.000000 0.000000
229 1 34.570556 60.941966 24.000274 1.000000 1.000000 1.000000 0.000000
229 0.000000 0.000000 0.000000
230 1 37.530891 20.287028 2.656664 1.000000 1.000000 1.000000 0.000000
230 0.000000 0.000000 0.000000
231 1 91.637558 46.269511 11.067929 1.000000 1.000000 1.000000 0.000000
231 0.000000 0.000000 0.000000
232 1 93.338435 70.783396 89.191799 1.000000 1.000000 1.000000 0.000000
232 0.000000 0.000000 0.000000
233 1 24.850968 74.241640 23.252928 1.000000 1.000000 1.000000 0.000000
233 0.000000 0.000000 0.000000
234 1 23.394823 19.358440 119.579555 1.000000 1.000000 1.000000 0.000000
234 0.000000 0.000000 0.000000
235 1 4.269372 74.653342 18.011081 1.000000 1.000000 1.000000 0.000000
235 0.000000 0.000000 0.000000
236 1 47.739392 29.182708 192.464522 1.000000 1.000000 1.000000 0.000000
236 0.000000 0.000000 0.000000
237 1 20.471121 69.000414 62.141136 1.000000 1.000000 1.000000 0.000000
237 0.000000 0.000000 0.000000
238 1 16.762674 53.458929 109.694578 1.000000 1.000000 1.000000 0.000000
238 0.000000 0.000000 0.000000
239 1 7.675032 69.611556 173.883247 1.000000 1.000000 1.000000 0.000000
239 0.000000 0.000000 0.000000
240 1 44.957903 33.889080 44.540150 1.000000 1.000000 1.000000 0.000000
240 0.000000 0.000000 0.000000
241 1 99.657227 48.517879 30.980678 1.000000 1.000000 1.000000 0.000000
241 0.000000 0.000000 0.000000
242 1 21.271657 2.597678 69.126680 1.000000 1.000000 1.000000 0.000000
242 0.000000 0.000000 0.000000
243 1 86.945484 12.579245 75.472766 1.000000 1.000000 1.000000 0.000000
243 0.000000 0.000000 0.000000
244 1 2.536192 58.814713 61.445337 1.000000 1.000000 1.000000 0.000000
244 0.000000 0.000000 0.000000
245 1 84.091019 6.444893 13.062237 1.000000 1.000000 1.000000 0.000000
245 0.000000 0.000000 0.000000
246 1 28.396032 23.641247 101.745068 1.000000 1.000000 1.000000 0.000000
246 0.000000 0.000000 0.000000
247 1 17.601169 28.543008 118.161035 1.000000 1.000000 1.000000 0.000000
247 0.000000 0.000000 0.000000
248 1 92.431611 50.392508 62.633237 1.000000 1.000000 1.000000 0.000000
248 0.000000 0.000000 0.000000
249 1 60.341401 86.268988 11.087599 1.000000 1.000000 1.000000 0.000000
249 0.000000 0.000000 0.000000
250 1 94.796632 6.416353 102.130934 1.000000 1.000000 1.000000 0.000000
250 0.000000 0.000000 0.000000
251 1 54.108491 4.870520 124.040793 1.000000 1.000000 1.000000 0.000000
251 0.000000 0.000000 0.000000
252 1 85.906937 55.302304 56.280293 1.000000 1.000000 1.000000 0.000000
252 0.000000 0.000000 0.000000
253 1 68.303801 79.350256 48.581945 1.000000 1.000000 1.000000 0.000000
253 0.000000 0.000000 0.000000
254 1 80.949834 56.831542 179.128887 1.000000 1.000000 1.000000 0.000000
254 0.000000 0.000000 0.000000
255 1 1.770117 26.706920 42.611714 1.000000 1.000000 1.000000 0.000000
255 0.000000 0.000000 0.000000
256 1 66.260961 40.927794 139.240052 1.000000 1.000000 1.000000 0.000000
256 0.000000 0.000000 0.000000
257 1 85.954795 73.518780 9.693868 1.000000 1.000000 1.000000 0.000000
257 0.000000 0.000000 0.000000
258 1 42.412244 97.837244 135.084796 1.000000 1.000000 1.000000 0.000000
258 0.000000 0.000000 0.000000
259 1 46.636661 18.459581 101.190566 1.000000 1.000000 1.000000 0.000000
259 0.000000 0.000000 0.000000
260 1 2.826208 58.152884 172.847578 1.000000 1.000000 1.000000 0.000000
260 0.000000 0.000000 0.000000
261 1 12.092879 73.080533 188.339151 1.000000 1.000000 1.000000 0.000000
261 0.000000 0.000000 0.000000
262 1 65.068052 33.051149 48.162967 1.000000 1.000000 1.000000 0.000000
262 0.000000 0.000000 0.000000
263 1 53.948543 84.456076 181.190782 1.000000 1.000000 1.000000 0.000000
263 0.000000 0.000000 0.000000
264 1 13.160956 60.184080 20.353470 1.000000 1.000000 1.000000 0.000000
264 0.000000 0.000000 0.000000
265 1 61.921477 60.203810 61.112845 1.000000 1.000000 1.000000 0.000000
265 0.000000 0.000000 0.000000
266 1 15.711476 15.540299 143.618411 1.000000 1.000000 1.000000 0.000000
266 0.000000 0.000000 0.000000
267 1 72.107143 53.707355 136.066879 1.000000 1.000000 1.000000 0.000000
267 0.000000 0.000000 0.000000
268 1 87.415882 64.083366 173.083475 1.000000 1.000000 1.000000 0.000000
268 0.000000 0.000000 0.000000
269 1 62.126104 33.903257 88.604096 1.000000 1.000000 1.000000 0.000000
269 0.000000 0.000000 0.000000
270 1 40.627149 21.407845 33.635282 1.000000 1.000000 1.000000 0.000000
270 0.000000 0.000000 0.000000
271 1 4.166577 22.141536 174.240117 1.000000 1.000000 1.000000 0.000000
271 0.000000 0.000000 0.000000
272 1 21.120251 24.313126 43.689799 1.000000 1.000000 1.000000 0.000000
272 0.000000 0.000000 0.000000
273 1 44.804649 90.950336 193.915814 1.000000 1.000000 1.000000 0.000000
273 0.000000 0.000000 0.000000
274 1 80.554226 69.962518 44.753761 1.000000 1.000000 1.000000 0.000000
274 0.000000 0.000000 0.000000
275 1 14.229528 95.681430 76.741672 1.000000 1.000000 1.000000 0.000000
275 0.000000 0.000000 0.000000
276 1 53.621545 73.990767 93.395282 1.000000 1.000000 1.000000 0.000000
276 0.000000 0.000000 0.000000
277 1 74.198569 93.745393 150.574499 1.000000 1.000000 1.000000 0.000000
277 0.000000 0.000000 0.000000
278 1 99.889552 96.122338 106.526398 1.000000 1.000000 1.000000 0.000000
278 0.000000 0.000000 0.000000
279 1 9.133003 2.667666 49.908302 1.000000 1.000000 1.000000 0.000000
279 0.000000 0.000000 0.000000
280 1 83.793475 33.913855 117.716085 1.000000 1.000000 1.000000 0.000000
280 0.000000 0.000000 0.000000
281 1 87.827363 24.380487 146.355963 1.000000 1.000000 1.000000 0.000000
281 0.000000 0.000000 0.000000
282 1 11.503899 69.727240 40.460332 1.000000 1.000000 1.000000 0.000000
282 0.000000 0.000000 0.000000
283 1 51.933156 36.029327 64.950088 1.000000 1.000000 1.000000 0.000000
283 0.000000 0.000000 0.000000
284 1 86.166419 49.157229 2.843811 1.000000 1.000000 1.000000 0.000000
284 0.000000 0.000000 0.000000
285 1 43.578531 83.930109 52.295462 1.000000 1.000000 1.000000 0.000000
285 0.000000 0.000000 0.000000
286 1 43.406445 68.996901 63.246362 1.000000 1.000000 1.000000 0.000000
286 0.000000 0.000000 0.000000
287 1 46.422402 64.976925 48.169026 1.000000 1.000000 1.000000 0.000000
287 0.000000 0.000000 0.000000
288 1 24.819047 41.071912 77.743231 1.000000 1.000000 1.000000 0.000000
288 0.000000 0.000000 0.000000
289 1 95.825294 51.521281 90.909118 1.000000 1.000000 1.000000 0.000000
289 0.000000 0.000000 0.000000
290 1 71.260863 12.917709 83.806653 1.000000 1.000000 1.000000 0.000000
290 0.000000 0.000000 0.000000
291 1 53.507179 11.598060 50.068774 1.000000 1.000000 1.000000 0.000000
291 0.000000 0.000000 0.000000
292 1 93.473039 74.666022 87.564529 1.000000 1.000000 1.000000 0.000000
292 0.000000 0.000000 0.000000
293 1 9.436178 7.113464 73.560337 1.000000 1.000000 1.000000 0.000000
293 0.000000 0.000000 0.000000
294 1 45.331043 44.814547 105.037584 1.000000 1.000000 1.000000 0.000000
294 0.000000 0.000000 0.000000
295 1 28.805177 33.574429 113.971946 1.000000 1.000000 1.000000 0.000000
295 0.000000 0.000000 0.000000
296 1 9.526661 73.674758 64.166271 1.000000 1.000000 1.000000 0.000000
296 0.000000 0.000000 0.000000
297 1 26.614056 10.407391 188.800189 1.000000 1.000000 1.000000 0.000000
297 0.000000 0.000000 0.000000
298 1 76.072141 94.496865 109.051150 1.000000 1.000000 1.000000 0.000000
298 0.000000 0.000000 0.000000
299 1 45.864543 36.776537 24.134856 1.000000 1.000000 1.000000 0.000000
299 0.000000 0.000000 0.000000
300 1 92.884389 65.493585 42.334159 1.000000 1.000000 1.000000 0.000000
300 0.000000 0.000000 0.000000
301 1 78.761883 30.408410 56.867356 1.000000 1.000000 1.000000 0.000000
301 0.000000 0.000000 0.000000
302 1 57.766226 21.179878 197.524426 1.000000 1.000000 1.000000 0.000000
302 0.000000 0.000000 0.000000
303 1 51.973027 74.785550 169.145554 1.000000 1.000000 1.000000 0.000000
303 0.000000 0.000000 0.000000
304 1 22.489026 28.702950 43.100891 1.000000 1.000000 1.000000 0.000000
304 0.000000 0.000000 0.000000
305 1 40.686322 18.767387 120.439482 1.000000 1.000000 1.000000 0.000000
305 0.000000 0.000000 0.000000
306 1 41.135719 63.919421 79.515672 1.000000 1.000000 1.000000 0.000000
306 0.000000 0.000000 0.000000
307 1 30.191367 60.566602 119.596932 1.000000 1.000000 1.000000 0.000000
307 0.000000 0.000000 0.000000
308 1 25.931046 91.517902 174.198681 1.000000 1.000000 1.000000 0.000000
308 0.000000 0.000000 0.000000
309 1 4.530945 6.320079 197.207686 1.000000 1.000000 1.000000 0.000000
309 0.000000 0.000000 0.000000
310 1 33.173793 95.676765 137.125011 1.000000 1.000000 1.000000 0.000000
310 0.000000 0.000000 0.000000
311 1 89.700489 99.427144 149.563525 1.000000 1.000000 1.000000 0.000000
311 0.000000 0.000000 0.000000
312 1 29.606939 35.730818 49.155988 1.000000 1.000000 1.000000 0.000000
312 0.000000 0.000000 0.000000
313 1 39.280823 5.127170 156.597504 1.000000 1.000000 1.000000 0.000000
313 0.000000 0.000000 0.000000
314 1 56.009201 77.782157 25.471018 1.000000 1.000000 1.000000 0.000000
314 0.000000 0.000000 0.000000
315 1 45.560463 17.071245 70.093687 1.000000 1.000000 1.000000 0.000000
315 0.000000 0.000000 0.000000
316 1 96.077311 79.740316 165.324392 1.000000 1.000000 1.000000 0.000000
316 0.000000 0.000000 0.000000
317 1 80.369717 64.434573 5.451496 1.000000 1.000000 1.000000 0.000000
317 0.000000 0.000000 0.000000
318 1 5.538958 22.300615 116.609931 1.000000 1.000000 1.000000 0.000000
318 0.000000 0.000000 0.000000
319 1 88.887396 44.628698 127.401074 1.000000 1.000000 1.000000 0.000000
319 0.000000 0.000000 0.000000
320 1 42.621876 34.522657 112.301293 1.000000 1.000000 1.000000 0.000000
320 0.000000 0.000000 0.000000
321 1 5.843272 12.157562 138.841960 1.000000 1.000000 1.000000 0.000000
321 0.000000 0.000000 0.000000
322 1 95.314869 96.960155 7.608266 1.000000 1.000000 1.000000 0.000000
322 0.000000 0.000000 0.000000
323 1 87.478230 38.776671 120.095954 1.000000 1.000000 1.000000 0.000000
323 0.000000 0.000000 0.000000
324 1 73.190988 75.920055 48.491373 1.000000 1.000000 1.000000 0.000000
324 0.000000 0.000000 0.000000
325 1 43.798501 54.345961 95.084558 1.000000 1.000000 1.000000 0.000000
325 0.000000 0.000000 0.000000
326 1 89.861827 61.188894 54.251178 1.000000 1.000000 1.000000 0.000000
326 0.000000 0.000000 0.000000
327 1 15.835985 67.836502 159.184759 1.000000 1.000000 1.000000 0.000000
327 0.000000 0.000000 0.000000
328 1 53.191909 86.729728 161.812701 1.000000 1.000000 1.000000 0.000000
328 0.000000 0.000000 0.000000
329 1 29.438055 97.764803 118.689867 1.000000 1.000000 1.000000 0.000000
329 0.000000 0.000000 0.000000
330 1 43.206417 95.831505 74.399020 1.000000 1.000000 1.000000 0.000000
330 0.000000 0.000000 0.000000
331 1 73.609857 0.012491 49.937648 1.000000 1.000000 1.000000 0.000000
331 0.000000 0.000000 0.000000
332 1 7.695959 57.396536 170.482268 1.000000 1.000000 1.000000 0.000000
332 0.000000 0.000000 0.000000
333 1 69.921450 51.346108 4.769204 1.000000 1.000000 1.000000 0.000000
333 0.000000 0.000000 0.000000
334 1 26.961201 72.229140 94.985248 1.000000 1.000000 1.000000 0.000000
334 0.000000 0.000000 0.000000
335 1 1.992708 53.743826 45.808943 1.000000 1.000000 1.000000 0.000000
335 0.000000 0.000000 0.000000
336 1 65.069163 48.957273 55.274777 1.000000 1.000000 1.000000 0.000000
336 0.000000 0.000000 0.000000
337 1 37.170988 55.197550 112.151344 1.000000 1.000000 1.000000 0.000000
337 0.000000 0.000000 0.000000
338 1 63.283923 36.385980 164.922802 1.000000 1.000000 1.000000 0.000000
338 0.000000 0.000000 0.000000
339 1 93.804472 20.512831 30.032904 1.000000 1.000000 1.000000 0.000000
339 0.000000 0.000000 0.000000
340 1 67.743846 73.370973 179.859786 1.000000 1.000000 1.000000 0.000000
340 0.000000 0.000000 0.000000
341 1 20.355995 10.367836 19.008402 1.000000 1.000000 1.000000 0.000000
341 0.000000 0.000000 0.000000
342 1 81.591997 54.578531 32.047110 1.000000 1.000000 1.000000 0.000000
342 0.000000 0.000000 0.000000
343 1 16.696359 25.212672 102.208353 1.000000 1.000000 1.000000 0.000000
343 0.000000 0.000000 0.000000
344 1 1.421875 94.782274 38.964058 1.000000 1.000000 1.000000 0.000000
344 0.000000 0.000000 0.000000
345 1 46.000571 46.689257 134.492706 1.000000 1.000000 1.000000 0.000000
345 0.000000 0.000000 0.000000
346 1 21.086613 36.712270 50.633126 1.000000 1.000000 1.000000 0.000000
346 0.000000 0.000000 0.000000
347 1 33.809450 81.689990 195.641281 1.000000 1.000000 1.000000 0.000000
347 0.000000 0.000000 0.000000
348 1 87.519008 0.346809 99.593311 1.000000 1.000000 1.000000 0.000000
348 0.000000 0.000000 0.000000
349 1 67.447536 30.237890 142.937717 1.000000 1.000000 1.000000 0.000000
349 0.000000 0.000000 0.000000
350 1 16.193926 36.995883 65.474491 1.000000 1.000000 1.000000 0.000000
350 0.000000 0.000000 0.000000
351 1 30.436901 11.493996 172.526968 1.000000 1.000000 1.000000 0.000000
351 0.000000 0.000000 0.000000
352 1 35.980020 95.699786 150.293208 1.000000 1.000000 1.000000 0.000000
352 0.000000 0.000000 0.000000
353 1 63.592531 56.731180 138.448489 1.000000 1.000000 1.000000 0.000000
353 0.000000 0.000000 0.000000
354 1 54.246766 6.175584 66.820408 1.000000 1.000000 1.000000 0.000000
354 0.000000 0.000000 0.000000
355 1 58.796967 73.680394 119.325201 1.000000 1.000000 1.000000 0.000000
355 0.000000 0.000000 0.000000
356 1 47.136593 4.252551 105.392917 1.000000 1.000000 1.000000 0.000000
356 0.000000 0.000000 0.000000
357 1 44.394198 86.962461 27.649963 1.000000 1.000000 1.000000 0.000000
357 0.000000 0.000000 0.000000
358 1 46.173697 50.968389 118.233383 1.000000 1.000000 1.000000 0.000000
358 0.000000 0.000000 0.000000
359 1 62.263488 58.835269 154.561004 1.000000 1.000000 1.000000 0.000000
359 0.000000 0.000000 0.000000
360 1 89.458177 3.392289 183.862734 1.000000 1.000000 1.000000 0.000000
360 0.000000 0.000000 0.000000
361 1 30.200928 20.716907 87.702765 1.000000 1.000000 1.000000 0.000000
361 0.000000 0.000000 0.000000
362 1 52.795050 81.210860 143.481649 1.000000 1.000000 1.000000 0.000000
362 0.000000 0.000000 0.000000
363 1 14.899829 9.099774 21.677640 1.000000 1.000000 1.000000 0.000000
363 0.000000 0.000000 0.000000
364 1 28.134597 12.294510 108.284543 1.000000 1.000000 1.000000 0.000000
364 0.000000 0.000000 0.000000
365 1 35.542241 73.292758 1.613742 1.000000 1.000000 1.000000 0.000000
365 0.000000 0.000000 0.000000
366 1 93.411142 73.958096 106.693887 1.000000 1.000000 1.000000 0.000000
366 0.000000 0.000000 0.000000
367 1 60.616490 65.861016 69.058382 1.000000 1.000000 1.000000 0.000000
367 0.000000 0.000000 0.000000
368 1 54.498938 87.243141 123.512408 1.000000 1.000000 1.000000 0.000000
368 0.000000 0.000000 0.000000
369 1 18.113117 16.832581 182.800969 1.000000 1.000000 1.000000 0.000000
369 0.000000 0.000000 0.000000
370 1 34.707326 30.306937 122.709916 1.000000 1.000000 1.000000 0.000000
370 0.000000 0.000000 0.000000
371 1 25.247539 73.570014 179.837794 1.000000 1.000000 1.000000 0.000000
371 0.000000 0.000000 0.000000
372 1 94.498858 78.417997 160.538969 1.000000 1.000000 1.000000 0.000000
372 0.000000 0.000000 0.000000
373 1 63.521358 97.399359 121.645293 1.000000 1.000000 1.000000 0.000000
373 0.000000 0.000000 0.000000
374 1 31.069258 91.315531 196.625560 1.000000 1.000000 1.000000 0.000000
374 0.000000 0.000000 0.000000
375 1 75.349103 42.046116 146.044511 1.000000 1.000000 1.000000 0.000000
375 0.000000 0.000000 0.000000
376 1 86.492079 26.508124 165.085404 1.000000 1.000000 1.000000 0.000000
376 0.000000 0.000000 0.000000
377 1 98.930881 73.858078 81.007642 1.000000 1.000000 1.000000 0.000000
377 0.000000 0.000000 0.000000
378 1 29.366152 66.333586 57.676336 1.000000 1.000000 1.000000 0.000000
378 0.000000 0.000000 0.000000
379 1 68.952184 86.055188 81.620838 1.000000 1.000000 1.000000 0.000000
379 0.000000 0.000000 0.000000
380 1 74.400341 81.226128 35.092447 1.000000 1.000000 1.000000 0.000000
380 0.000000 0.000000 0.000000
381 1 8.197251 13.980380 94.483250 1.000000 1.000000 1.000000 0.000000
381 0.000000 0.000000 0.000000
382 1 28.101280 98.851748 163.378978 1.000000 1.000000 1.000000 0.000000
382 0.000000 0.000000 0.000000
383 1 85.202204 21.984890 165.475010 1.000000 1.000000 1.000000 0.000000
383 0.000000 0.000000 0.000000
384 1 31.262193 73.489651 114.439376 1.000000 1.000000 1.000000 0.000000
384 0.000000 0.000000 0.000000
385 1 9.557360 22.214124 149.702772 1.000000 1.000000 1.000000 0.000000
385 0.000000 0.000000 0.000000
386 1 25.179138 7.968897 49.495834 1.000000 1.000000 1.000000 0.000000
386 0.000000 0.000000 0.000000
387 1 61.911004 93.650635 195.629170 1.000000 1.000000 1.000000 0.000000
387 0.000000 0.000000 0.000000
388 1 59.325221 98.465719 164.733564 1.000000 1.000000 1.000000 0.000000
388 0.000000 0.000000 0.000000
389 1 99.289384 75.728331 146.133515 1.000000 1.000000 1.000000 0.000000
389 0.000000 0.000000 0.000000
390 1 48.835279 17.950401 31.593060 1.000000 1.000000 1.000000 0.000000
390 0.000000 0.000000 0.000000
391 1 36.319357 1.803012 60.729021 1.000000 1.000000 1.000000 0.000000
391 0.000000 0.000000 0.000000
392 1 23.983179 88.403078 76.533177 1.000000 1.000000 1.000000 0.000000
392 0.000000 0.000000 0.000000
393 1 0.371334 82.786379 144.483326 1.000000 1.000000 1.000000 0.000000
393 0.000000 0.000000 0.000000
394 1 35.827502 74.281833 185.633775 1.000000 1.000000 1.000000 0.000000
394 0.000000 0.000000 0.000000
395 1 40.343158 69.961688 22.871464 1.000000 1.000000 1.000000 0.000000
395 0.000000 0.000000 0.000000
396 1 47.210136 55.149926 20.673554 1.000000 1.000000 1.000000 0.000000
396 0.000000 0.000000 0.000000
397 1 34.536271 55.017703 45.388074 1.000000 1.000000 1.000000 0.000000
397 0.000000 0.000000 0.000000
398 1 91.645233 92.682515 46.342317 1.000000 1.000000 1.000000 0.000000
398 0.000000 0.000000 0.000000
399 1 41.086573 70.895479 55.237902 1.000000 1.000000 1.000000 0.000000
399 0.000000 0.000000 0.000000
400 1 0.784966 37.267166 13.966929 1.000000 1.000000 1.000000 0.000000
400 0.000000 0.000000 0.000000
401 1 57.811943 5.509992 21.199013 1.000000 1.000000 1.000000 0.000000
401 0.000000 0.000000 0.000000
402 1 72.915800 50.484882 194.998092 1.000000 1.000000 1.000000 0.000000
402 0.000000 0.000000 0.000000
403 1 41.853936 82.584677 122.985929 1.000000 1.000000 1.000000 0.000000
403 0.000000 0.000000 0.000000
404 1 29.504563 4.156251 103.099890 1.000000 1.000000 1.000000 0.000000
404 0.000000 0.000000 0.000000
405 1 92.802637 58.857221 21.276673 1.000000 1.000000 1.000000 0.000000
405 0.000000 0.000000 0.000000
406 1 45.583038 5.547182 122.678586 1.000000 1.000000 1.000000 0.000000
406 0.000000 0.000000 0.000000
407 1 78.199095 9.551378 194.390570 1.000000 1.000000 1.000000 0.000000
407 0.000000 0.000000 0.000000
408 1 70.583927 31.499026 67.804044 1.000000 1.000000 1.000000 0.000000
408 0.000000 0.000000 0.000000
409 1 18.136434 18.356021 131.524035 1.000000 1.000000 1.000000 0.000000
409 0.000000 0.000000 0.000000
410 1 22.126344 25.396470 109.071857 1.000000 1.000000 1.000000 0.000000
410 0.000000 0.000000 0.000000
411 1 42.228247 40.126658 22.981614 1.000000 1.000000 1.000000 0.000000
411 0.000000 0.000000 0.000000
412 1 56.002939 93.402019 152.170544 1.000000 1.000000 1.000000 0.000000
412 0.000000 0.000000 0.000000
413 1 93.753306 49.853493 25.791526 1.000000 1.000000 1.000000 0.000000
413 0.000000 0.000000 0.000000
414 1 10.008279 82.986553 74.895095 1.000000 1.000000 1.000000 0.000000
414 0.000000 0.000000 0.000000
415 1 97.185223 93.940299 61.517795 1.000000 1.000000 1.000000 0.000000
415 0.000000 0.000000 0.000000
416 1 42.755546 90.241419 185.780036 1.000000 1.000000 1.000000 0.000000
416 0.000000 0.000000 0.000000
417 1 84.735897 43.495147 153.452791 1.000000 1.000000 1.000000 0.000000
417 0.000000 0.000000 0.000000
418 1 49.294961 94.713485 24.818437 1.000000 1.000000 1.000000 0.000000
418 0.000000 0.000000 0.000000
419 1 83.823384 87.762297 84.025191 1.000000 1.000000 1.000000 0.000000
419 0.000000 0.000000 0.000000
420 1 0.783189 33.383439 70.682164 1.000000 1.000000 1.000000 0.000000
420 0.000000 0.000000 0.000000
421 1 38.827263 94.933833 1.445937 1.000000 1.000000 1.000000 0.000000
421 0.000000 0.000000 0.000000
422 1 12.575934 2.004845 184.447015 1.000000 1.000000 1.000000 0.000000
422 0.000000 0.000000 0.000000
423 1 43.339381 35.520916 62.026647 1.000000 1.000000 1.000000 0.000000
423 0.000000 0.000000 0.000000
424 1 71.737577 36.342373 162.408102 1.000000 1.000000 1.000000 0.000000
424 0.000000 0.000000 0.000000
425 1 62.577440 38.940761 2.519869 1.000000 1.000000 1.000000 0.000000
425 0.000000 0.000000 0.000000
426 1 38.397725 59.890066 198.280229 1.000000 1.000000 1.000000 0.000000
426 0.000000 0.000000 0.000000
427 1 5.581557 91.765072 174.499306 1.000000 1.000000 1.000000 0.000000
427 0.000000 0.000000 0.000000
428 1 7.526630 34.738169 55.822813 1.000000 1.000000 1.000000 0.000000
428 0.000000 0.000000 0.000000
429 1 51.938051 62.544632 151.742019 1.000000 1.000000 1.000000 0.000000
429 0.000000 0.000000 0.000000
430 1 48.603506 61.873084 9.773095 1.000000 1.000000 1.000000 0.000000
430 0.000000 0.000000 0.000000
431 1 15.646009 32.763742 77.973722 1.000000 1.000000 1.000000 0.000000
431 0.000000 0.000000 0.000000
432 1 54.360819 74.649841 45.469181 1.000000 1.000000 1.000000 0.000000
432 0.000000 0.000000 0.000000
433 1 12.437354 50.143179 156.086005 1.000000 1.000000 1.000000 0.000000
433 0.000000 0.000000 0.000000
434 1 87.531815 29.604696 105.662904 1.000000 1.000000 1.000000 0.000000
434 0.000000 0.000000 0.000000
435 1 37.739019 74.963171 171.969091 1.000000 1.000000 1.000000 0.000000
435 0.000000 0.000000 0.000000
436 1 5.657314 54.808864 62.698499 1.000000 1.000000 1.000000 0.000000
436 0.000000 0.000000 0.000000
437 1 10.594554 22.607421 175.005696 1.000000 1.000000 1.000000 0.000000
437 0.000000 0.000000 0.000000
438 1 95.045044 71.549562 115.219980 1.000000 1.000000 1.000000 0.000000
438 0.000000 0.000000 0.000000
439 1 39.396245 3.532136 70.200177 1.000000 1.000000 1.000000 0.000000
439 0.000000 0.000000 0.000000
440 1 38.075105 86.723778 70.796921 1.000000 1.000000 1.000000 0.000000
440 0.000000 0.000000 0.000000
441 1 88.368016 56.827350 143.007609 1.000000 1.000000 1.000000 0.000000
441 0.000000 0.000000 0.000000
442 1 94.108673 74.694714 115.348189 1.000000 1.000000 1.000000 0.000000
442 0.000000 0.000000 0.000000
443 1 41.021369 76.040256 158.296365 1.000000 1.000000 1.000000 0.000000
443 0.000000 0.000000 0.000000
444 1 28.392122 84.790877 46.906859 1.000000 1.000000 1.000000 0.000000
444 0.000000 0.000000 0.000000
445 1 48.350236 63.887760 30.513287 1.000000 1.000000 1.000000 0.000000
445 0.000000 0.000000 0.000000
446 1 38.595570 44.194068 65.051452 1.000000 1.000000 1.000000 0.000000
446 0.000000 0.000000 0.000000
447 1 6.332036 44.975940 116.455541 1.000000 1.000000 1.000000 0.000000
447 0.000000 0.000000 0.000000
448 1 78.942701 89.020023 101.554046 1.000000 1.000000 1.000000 0.000000
448 0.000000 0.000000 0.000000
449 1 13.156692 36.362699 73.373395 1.000000 1.000000 1.000000 0.000000
449 0.000000 0.000000 0.000000
450 1 32.231612 43.447003 191.247696 1.000000 1.000000 1.000000 0.000000
450 0.000000 0.000000 0.000000
451 1 74.869571 12.180965 197.260363 1.000000 1.000000 1.000000 0.000000
451 0.000000 0.000000 0.000000
452 1 98.212232 93.748228 53.457620 1.000000 1.000000 1.000000 0.000000
452 0.000000 0.000000 0.000000
453 1 89.918967 88.877352 7.203030 1.000000 1.000000 1.000000 0.000000
453 0.000000 0.000000 0.000000
454 1 43.827796 56.761811 152.074976 1.000000 1.000000 1.000000 0.000000
454 0.000000 0.000000 0.000000
455 1 70.566705 63.833306 109.801879 1.000000 1.000000 1.000000 0.000000
455 0.000000 0.000000 0.000000
456 1 86.563194 15.699638 99.535987 1.000000 1.000000 1.000000 0.000000
456 0.000000 0.000000 0.000000
457 1 99.131428 30.094067 170.631421 1.000000 1.000000 1.000000 0.000000
457 0.000000 0.000000 0.000000
458 1 18.949782 89.469957 76.344088 1.000000 1.000000 1.000000 0.000000
458 0.000000 0.000000 0.000000
459 1 75.140702 28.828087 109.024434 1.000000 1.000000 1.000000 0.000000
459 0.000000 0.000000 0.000000
460 1 22.879302 9.094974 45.709350 1.000000 1.000000 1.000000 0.000000
460 0.000000 0.000000 0.000000
461 1 9.057470 97.036187 17.083186 1.000000 1.000000 1.000000 0.000000
461 0.000000 0.000000 0.000000
462 1 13.946819 78.127784 176.566644 1.000000 1.000000 1.000000 0.000000
462 0.000000 0.000000 0.000000
463 1 94.435692 42.355755 141.398943 1.000000 1.000000 1.000000 0.000000
463 0.000000 0.000000 0.000000
464 1 26.454144 59.423231 68.846816 1.000000 1.000000 1.000000 0.000000
464 0.000000 0.000000 0.000000
465 1 96.152367 86.350544 59.555936 1.000000 1.000000 1.000000 0.000000
465 0.000000 0.000000 0.000000
466 1 47.483844 47.671761 185.509250 1.000000 1.000000 1.000000 0.000000
466 0.000000 0.000000 0.000000
467 1 62.329767 92.779854 166.334660 1.000000 1.000000 1.000000 0.000000
467 0.000000 0.000000 0.000000
468 1 59.325933 69.500282 84.671555 1.000000 1.000000 1.000000 0.000000
468 0.000000 0.000000 0.000000
469 1 38.182769 95.881458 0.553802 1.000000 1.000000 1.000000 0.000000
469 0.000000 0.000000 0.000000
470 1 4.799790 13.778880 142.078805 1.000000 1.000000 1.000000 0.000000
470 0.000000 0.000000 0.000000
471 1 79.202803 83.872381 118.093889 1.000000 1.000000 1.000000 0.000000
471 0.000000 0.000000 0.000000
472 1 96.502115 14.832872 137.432612 1.000000 1.000000 1.000000 0.000000
472 0.000000 0.000000 0.000000
473 1 24.401253 76.369328 49.067275 1.000000 1.000000 1.000000 0.000000
473 0.000000 0.000000 0.000000
474 1 93.753755 76.601487 197.680928 1.000000 1.000000 1.000000 0.000000
474 0.000000 0.000000 0.000000
475 1 13.617725 84.003873 58.989629 1.000000 1.000000 1.000000 0.000000
475 0.000000 0.000000 0.000000
476 1 27.026662 77.697286 111.626697 1.000000 1.000000 1.000000 0.000000
476 0.000000 0.000000 0.000000
477 1 77.352842 93.429168 31.902102 1.000000 1.000000 1.000000 0.000000
477 0.000000 0.000000 0.000000
478 1 9.548722 66.472529 105.677851 1.000000 1.000000 1.000000 0.000000
478 0.000000 0.000000 0.000000
479 1 67.862830 84.433120 186.168201 1.000000 1.000000 1.000000 0.000000
479 0.000000 0.000000 0.000000
480 1 29.810357 92.847419 44.445638 1.000000 1.000000 1.000000 0.000000
480 0.000000 0.000000 0.000000
481 1 97.754311 98.258400 176.432051 1.000000 1.000000 1.000000 0.000000
481 0.000000 0.000000 0.000000
482 1 58.757452 84.984363 76.120508 1.000000 1.000000 1.000000 0.000000
482 0.000000 0.000000 0.000000
483 1 85.352172 53.427197 21.211359 1.000000 1.000000 1.000000 0.000000
483 0.000000 0.000000 0.000000
484 1 83.241599 9.838318 45.399159 1.000000 1.000000 1.000000 0.000000
484 0.000000 0.000000 0.000000
485 1 96.194669 10.763929 162.125747 1.000000 1.000000 1.000000 0.000000
485 0.000000 0.000000 0.000000
486 1 41.424388 33.098395 106.295624 1.000000 1.000000 1.000000 0.000000
486 0.000000 0.000000 0.000000
487 1 57.093795 51.022035 195.570854 1.000000 1.000000 1.000000 0.000000
487 0.000000 0.000000 0.000000
488 1 10.375390 53.822688 79.670802 1.000000 1.000000 1.000000 0.000000
488 0.000000 0.000000 0.000000
489 1 79.892820 49.389235 47.261282 1.000000 1.000000 1.000000 0.000000
489 0.000000 0.000000 0.000000
490 1 82.922994 48.651018 152.055501 1.000000 1.000000 1.000000 0.000000
490 0.000000 0.000000 0.000000
491 1 64.161362 1.169201 89.538534 1.000000 1.000000 1.000000 0.000000
491 0.000000 0.000000 0.000000
492 1 79.672411 12.175956 11.184914 1.000000 1.000000 1.000000 0.000000
492 0.000000 0.000000 0.000000
493 1 83.760992 52.714291 20.268108 1.000000 1.000000 1.000000 0.000000
493 0.000000 0.000000 0.000000
494 1 51.599155 11.965767 9.142668 1.000000 1.000000 1.000000 0.000000
494 0.000000 0.000000 0.000000
495 1 47.143887 95.661355 15.085431 1.000000 1.000000 1.000000 0.000000
495 0.000000 0.000000 0.000000
496 1 71.746504 37.464273 176.421613 1.000000 1.000000 1.000000 0.000000
496 0.000000 0.000000 0.000000
497 1 6.199650 98.347707 22.236767 1.000000 1.000000 1.000000 0.000000
497 0.000000 0.000000 0.000000
498 1 7.001128 73.869619 182.803495 1.000000 1.000000 1.000000 0.000000
498 0.000000 0.000000 0.000000
499 1 88.577736 76.951625 90.616629 1.000000 1.000000 1.000000 0.000000
499 0.000000 0.000000 0.000000
