RESTART FILE
Timestep: 700

NUMBER OF PARTICLES
500

SIMULATION BOX
100 100 200

TIMESTEP
0.1

ATTRACTION RADIUS
1
0 

AGGREGATES/BEADS
0 1 2.184978 63.798096 35.482405 1.000000 1.000000 1.000000 0.000000
0 0.000000 0.000000 0.000000
1 1 79.809404 22.249845 139.181152 1.000000 1.000000 1.000000 0.000000
1 0.000000 0.000000 0.000000
2 1 41.671393 6.965282 38.690161 1.000000 1.000000 1.000000 0.000000
2 0.000000 0.000000 0.000000
3 1 91.047260 96.026335 131.436775 1.000000 1.000000 1.000000 0.000000
3 0.000000 0.000000 0.000000
4 1 25.870997 98.737465 114.794926 1.000000 1.000000 1.000000 0.000000
4 0.000000 0.000000 0.000000
5 1 36.685408 76.947567 173.355659 1.000000 1.000000 1.000000 0.000000
5 0.000000 0.000000 0.000000
6 1 78.578914 0.631245 176.714054 1.000000 1.000000 1.000000 0.000000
6 0.000000 0.000000 0.000000
7 1 60.946057 12.465552 129.785143 1.000000 1.000000 1.000000 0.000000
7 0.000000 0.000000 0.000000
8 1 54.932857 0.540577 106.379798 1.000000 1.000000 1.000000 0.000000
8 0.000000 0.000000 0.000000
9 1 38.505724 11.796190 52.337595 1.000000 1.000000 1.000000 0.000000
9 0.000000 0.000000 0.000000
10 1 89.504989 87.536404 52.342837 1.000000 1.000000 1.000000 0.000000
10 0.000000 0.000000 0.000000
11 1 36.988932 68.687479 15.460482 1.000000 1.000000 1.000000 0.000000
11 0.000000 0.000000 0.000000
12 1 95.749708 79.015415 73.816872 1.000000 1.000000 1.000000 0.000000
12 0.000000 0.000000 0.000000
13 1 75.252183 64.001715 23.760611 1.000000 1.000000 1.000000 0.000000
13 0.000000 0.000000 0.000000
14 1 18.424817 40.550017 15.723617 1.000000 1.000000 1.000000 0.000000
14 0.000000 0.000000 0.000000
15 1 53.298708 47.900419 181.948073 1.000000 1.000000 1.000000 0.000000
15 0.000000 0.000000 0.000000
16 1 67.016816 66.297305 17.743322 1.000000 1.000000 1.000000 0.000000
16 0.000000 0.000000 0.000000
17 1 85.475864 78.959433 91.052480 1.000000 1.000000 1.000000 0.000000
17 0.000000 0.000000 0.000000
18 1 84.349301 77.937840 180.188206 1.000000 1.000000 1.000000 0.000000
18 0.000000 0.000000 0.000000
19 1 58.745362 52.895571 155.480689 1.000000 1.000000 1.000000 0.000000
19 0.000000 0.000000 0.000000
20 1 91.528526 4.115619 127.293813 1.000000 1.000000 1.000000 0.000000
20 0.000000 0.000000 0.000000
21 1 6.066713 31.397457 37.830904 1.000000 1.000000 1.000000 0.000000
21 0.000000 0.000000 0.000000
22 1 70.855241 34.037393 141.886421 1.000000 1.000000 1.000000 0.000000
22 0.000000 0.000000 0.000000
23 1 76.563896 54.176402 99.384157 1.000000 1.000000 1.000000 0.000000
23 0.000000 0.000000 0.000000
24 1 9.163897 60.353696 75.063808 1.000000 1.000000 1.000000 0.000000
24 0.000000 0.000000 0.000000
25 1 85.723115 84.790516 82.684554 1.000000 1.000000 1.000000 0.000000
25 0.000000 0.000000 0.000000
26 1 2.965699 17.087776 41.785792 1.000000 1.000000 1.000000 0.000000
26 0.000000 0.000000 0.000000
27 1 55.363830 66.968590 196.735991 1.000000 1.000000 1.000000 0.000000
27 0.000000 0.000000 0.000000
28 1 60.176685 79.267818 84.588412 1.000000 1.000000 1.000000 0.000000
28 0.000000 0.000000 0.000000
29 1 49.292484 16.744220 38.427992 1.000000 1.000000 1.000000 0.000000
29 0.000000 0.000000 0.000000
30 1 28.765132 26.063467 186.194682 1.000000 1.000000 1.000000 0.000000
30 0.000000 0.000000 0.000000
31 1 97.894993 56.763774 15.134331 1.000000 1.000000 1.000000 0.000000
31 0.000000 0.000000 0.000000
32 1 9.752408 74.018391 188.077002 1.000000 1.000000 1.000000 0.000000
32 0.000000 0.000000 0.000000
33 1 88.252766 48.262753 26.142765 1.000000 1.000000 1.000000 0.000000
33 0.000000 0.000000 0.000000
34 1 31.405285 97.339880 66.282486 1.000000 1.000000 1.000000 0.000000
34 0.000000 0.000000 0.000000
35 1 16.696931 12.703830 35.950261 1.000000 1.000000 1.000000 0.000000
35 0.000000 0.000000 0.000000
36 1 89.707447 3.767122 51.171148 1.000000 1.000000 1.000000 0.000000
36 0.000000 0.000000 0.000000
37 1 0.508007 8.323106 131.934460 1.000000 1.000000 1.000000 0.000000
37 0.000000 0.000000 0.000000
38 1 63.368374 57.347166 78.150901 1.000000 1.000000 1.000000 0.000000
38 0.000000 0.000000 0.000000
39 1 50.606639 95.331693 16.496054 1.000000 1.000000 1.000000 0.000000
39 0.000000 0.000000 0.000000
40 1 26.325870 34.251939 68.712694 1.000000 1.000000 1.000000 0.000000
40 0.000000 0.000000 0.000000
41 1 62.243555 23.294447 122.541162 1.000000 1.000000 1.000000 0.000000
41 0.000000 0.000000 0.000000
42 1 29.661157 71.455406 131.390048 1.000000 1.000000 1.000000 0.000000
42 0.000000 0.000000 0.000000
43 1 26.896677 69.570641 17.903491 1.000000 1.000000 1.000000 0.000000
43 0.000000 0.000000 0.000000
44 1 63.322366 61.511639 127.674301 1.000000 1.000000 1.000000 0.000000
44 0.000000 0.000000 0.000000
45 1 71.075039 81.970290 88.830566 1.000000 1.000000 1.000000 0.000000
45 0.000000 0.000000 0.000000
46 1 51.930009 88.651149 65.181188 1.000000 1.000000 1.000000 0.000000
46 0.000000 0.000000 0.000000
47 1 16.668501 61.659995 21.795680 1.000000 1.000000 1.000000 0.000000
47 0.000000 0.000000 0.000000
48 1 41.356924 38.693058 16.706478 1.000000 1.000000 1.000000 0.000000
48 0.000000 0.000000 0.000000
49 1 95.096489 53.827095 43.472674 1.000000 1.000000 1.000000 0.000000
49 0.000000 0.000000 0.000000
50 1 97.061415 66.743736 193.031527 1.000000 1.000000 1.000000 0.000000
50 0.000000 0.000000 0.000000
51 1 14.953128 51.267729 126.970353 1.000000 1.000000 1.000000 0.000000
51 0.000000 0.000000 0.000000
52 1 58.321587 83.128761 148.664587 1.000000 1.000000 1.000000 0.000000
52 0.000000 0.000000 0.000000
53 1 56.721862 88.185146 44.382704 1.000000 1.000000 1.000000 0.000000
53 0.000000 0.000000 0.000000
54 1 21.708342 48.422301 59.781383 1.000000 1.000000 1.000000 0.000000
54 0.000000 0.000000 0.000000
55 1 55.450097 76.533323 126.500419 1.000000 1.000000 1.000000 0.000000
55 0.000000 0.000000 0.000000
56 1 30.587670 68.201487 192.403465 1.000000 1.000000 1.000000 0.000000
56 0.000000 0.000000 0.000000
57 1 80.796274 82.773206 145.088129 1.000000 1.000000 1.000000 0.000000
57 0.000000 0.000000 0.000000
58 1 31.670927 42.521532 53.890416 1.000000 1.000000 1.000000 0.000000
58 0.000000 0.000000 0.000000
59 1 67.834439 85.015839 198.839925 1.000000 1.000000 1.000000 0.000000
59 0.000000 0.000000 0.000000
60 1 13.918660 33.954798 41.710152 1.000000 1.000000 1.000000 0.000000
60 0.000000 0.000000 0.000000
61 1 68.016094 84.873628 199.926837 1.000000 1.000000 1.000000 0.000000
61 0.000000 0.000000 0.000000
62 1 28.828358 24.503033 122.741855 1.000000 1.000000 1.000000 0.000000
62 0.000000 0.000000 0.000000
63 1 11.697052 12.922008 30.754724 1.000000 1.000000 1.000000 0.000000
63 0.000000 0.000000 0.000000
64 1 57.323138 75.145988 78.779651 1.000000 1.000000 1.000000 0.000000
64 0.000000 0.000000 0.000000
65 1 84.167326 84.480950 73.819382 1.000000 1.000000 1.000000 0.000000
65 0.000000 0.000000 0.000000
66 1 59.520273 69.493193 191.315980 1.000000 1.000000 1.000000 0.000000
66 0.000000 0.000000 0.000000
67 1 61.000205 23.191713 18.914154 1.000000 1.000000 1.000000 0.000000
67 0.000000 0.000000 0.000000
68 1 20.860713 31.583404 155.198684 1.000000 1.000000 1.000000 0.000000
68 0.000000 0.000000 0.000000
69 1 78.625968 87.896887 199.452495 1.000000 1.000000 1.000000 0.000000
69 0.000000 0.000000 0.000000
70 1 37.771268 52.068329 97.388304 1.000000 1.000000 1.000000 0.000000
70 0.000000 0.000000 0.000000
71 1 67.728764 65.386457 12.294297 1.000000 1.000000 1.000000 0.000000
71 0.000000 0.000000 0.000000
72 1 98.087106 72.108916 66.985454 1.000000 1.000000 1.000000 0.000000
72 0.000000 0.000000 0.000000
73 1 68.089732 65.903377 68.559074 1.000000 1.000000 1.000000 0.000000
73 0.000000 0.000000 0.000000
74 1 45.337276 0.953575 78.522204 1.000000 1.000000 1.000000 0.000000
74 0.000000 0.000000 0.000000
75 1 93.025925 42.451879 127.387092 1.000000 1.000000 1.000000 0.000000
75 0.000000 0.000000 0.000000
76 1 81.817319 48.662970 39.325213 1.000000 1.000000 1.000000 0.000000
76 0.000000 0.000000 0.000000
77 1 77.313255 36.158470 52.204462 1.000000 1.000000 1.000000 0.000000
77 0.000000 0.000000 0.000000
78 1 14.809994 31.660198 156.758076 1.000000 1.000000 1.000000 0.000000
78 0.000000 0.000000 0.000000
79 1 24.612658 89.410375 15.812229 1.000000 1.000000 1.000000 0.000000
79 0.000000 0.000000 0.000000
80 1 93.592787 0.175565 33.215827 1.000000 1.000000 1.000000 0.000000
80 0.000000 0.000000 0.000000
81 1 70.149528 26.378633 3.704870 1.000000 1.000000 1.000000 0.000000
81 0.000000 0.000000 0.000000
82 1 33.867584 13.980589 143.838435 1.000000 1.000000 1.000000 0.000000
82 0.000000 0.000000 0.000000
83 1 54.311807 8.107478 153.663359 1.000000 1.000000 1.000000 0.000000
83 0.000000 0.000000 0.000000
84 1 77.452507 12.527833 161.866577 1.000000 1.000000 1.000000 0.000000
84 0.000000 0.000000 0.000000
85 1 16.769644 28.137329 113.576135 1.000000 1.000000 1.000000 0.000000
85 0.000000 0.000000 0.000000
86 1 9.900076 91.119392 63.112431 1.000000 1.000000 1.000000 0.000000
86 0.000000 0.000000 0.000000
87 1 64.062552 40.899275 88.638141 1.000000 1.000000 1.000000 0.000000
87 0.000000 0.000000 0.000000
88 1 14.193593 9.106831 141.028102 1.000000 1.000000 1.000000 0.000000
88 0.000000 0.000000 0.000000
89 1 24.780527 19.544481 106.688179 1.000000 1.000000 1.000000 0.000000
89 0.000000 0.000000 0.000000
90 1 7.393535 85.050856 32.998080 1.000000 1.000000 1.000000 0.000000
90 0.000000 0.000000 0.000000
91 1 10.088098 11.407713 28.131780 1.000000 1.000000 1.000000 0.000000
91 0.000000 0.000000 0.000000
92 1 6.523383 60.462815 74.695070 1.000000 1.000000 1.000000 0.000000
92 0.000000 0.000000 0.000000
93 1 52.087107 71.210671 177.744050 1.000000 1.000000 1.000000 0.000000
93 0.000000 0.000000 0.000000
94 1 97.354073 8.464923 95.938416 1.000000 1.000000 1.000000 0.000000
94 0.000000 0.000000 0.000000
95 1 53.654078 5.415303 43.000657 1.000000 1.000000 1.000000 0.000000
95 0.000000 0.000000 0.000000
96 1 60.637468 13.686593 0.809667 1.000000 1.000000 1.000000 0.000000
96 0.000000 0.000000 0.000000
97 1 53.553155 65.824078 28.457534 1.000000 1.000000 1.000000 0.000000
97 0.000000 0.000000 0.000000
98 1 57.108282 19.505819 30.622190 1.000000 1.000000 1.000000 0.000000
98 0.000000 0.000000 0.000000
99 1 60.008064 85.183025 80.770485 1.000000 1.000000 1.000000 0.000000
99 0.000000 0.000000 0.000000
100 1 76.481964 29.917279 6.342832 1.000000 1.000000 1.000000 0.000000
100 0.000000 0.000000 0.000000
101 1 74.294615 86.408110 131.998485 1.000000 1.000000 1.000000 0.000000
101 0.000000 0.000000 0.000000
102 1 42.606447 87.722095 108.307810 1.000000 1.000000 1.000000 0.000000
102 0.000000 0.000000 0.000000
103 1 67.535666 48.910560 127.004388 1.000000 1.000000 1.000000 0.000000
103 0.000000 0.000000 0.000000
104 1 40.558408 93.191358 58.134508 1.000000 1.000000 1.000000 0.000000
104 0.000000 0.000000 0.000000
105 1 84.410702 48.814579 195.223602 1.000000 1.000000 1.000000 0.000000
105 0.000000 0.000000 0.000000
106 1 79.909334 37.910292 168.588718 1.000000 1.000000 1.000000 0.000000
106 0.000000 0.000000 0.000000
107 1 84.974339 0.450654 44.169693 1.000000 1.000000 1.000000 0.000000
107 0.000000 0.000000 0.000000
108 1 9.224379 36.577589 148.079067 1.000000 1.000000 1.000000 0.000000
108 0.000000 0.000000 0.000000
109 1 21.564290 43.996143 146.923524 1.000000 1.000000 1.000000 0.000000
109 0.000000 0.000000 0.000000
110 1 36.793549 71.855171 198.947404 1.000000 1.000000 1.000000 0.000000
110 0.000000 0.000000 0.000000
111 1 90.590799 4.697463 77.547692 1.000000 1.000000 1.000000 0.000000
111 0.000000 0.000000 0.000000
112 1 35.624319 1.639208 56.533088 1.000000 1.000000 1.000000 0.000000
112 0.000000 0.000000 0.000000
113 1 21.680183 72.747120 127.808514 1.000000 1.000000 1.000000 0.000000
113 0.000000 0.000000 0.000000
114 1 82.446826 56.069331 125.789859 1.000000 1.000000 1.000000 0.000000
114 0.000000 0.000000 0.000000
115 1 69.825165 64.223606 119.807379 1.000000 1.000000 1.000000 0.000000
115 0.000000 0.000000 0.000000
116 1 57.050821 74.150323 97.778782 1.000000 1.000000 1.000000 0.000000
116 0.000000 0.000000 0.000000
117 1 47.071016 60.194378 15.622245 1.000000 1.000000 1.000000 0.000000
117 0.000000 0.000000 0.000000
118 1 25.935355 31.440561 76.872545 1.000000 1.000000 1.000000 0.000000
118 0.000000 0.000000 0.000000
119 1 26.236173 40.334273 184.058852 1.000000 1.000000 1.000000 0.000000
119 0.000000 0.000000 0.000000
120 1 81.755609 66.295183 15.082053 1.000000 1.000000 1.000000 0.000000
120 0.000000 0.000000 0.000000
121 1 37.842891 14.770887 36.573185 1.000000 1.000000 1.000000 0.000000
121 0.000000 0.000000 0.000000
122 1 71.823103 15.351131 162.725958 1.000000 1.000000 1.000000 0.000000
122 0.000000 0.000000 0.000000
123 1 21.062440 84.821578 13.372837 1.000000 1.000000 1.000000 0.000000
123 0.000000 0.000000 0.000000
124 1 58.479750 93.759423 174.766658 1.000000 1.000000 1.000000 0.000000
124 0.000000 0.000000 0.000000
125 1 3.614489 42.547926 81.621025 1.000000 1.000000 1.000000 0.000000
125 0.000000 0.000000 0.000000
126 1 97.143053 82.258052 113.272923 1.000000 1.000000 1.000000 0.000000
126 0.000000 0.000000 0.000000
127 1 55.679314 24.274074 175.581524 1.000000 1.000000 1.000000 0.000000
127 0.000000 0.000000 0.000000
128 1 65.126062 30.382494 133.722886 1.000000 1.000000 1.000000 0.000000
128 0.000000 0.000000 0.000000
129 1 76.679739 35.202840 162.206890 1.000000 1.000000 1.000000 0.000000
129 0.000000 0.000000 0.000000
130 1 88.711729 99.500219 121.270882 1.000000 1.000000 1.000000 0.000000
130 0.000000 0.000000 0.000000
131 1 44.175040 11.635807 122.182605 1.000000 1.000000 1.000000 0.000000
131 0.000000 0.000000 0.000000
132 1 21.978302 36.270759 55.686019 1.000000 1.000000 1.000000 0.000000
132 0.000000 0.000000 0.000000
133 1 25.192640 98.738019 75.373503 1.000000 1.000000 1.000000 0.000000
133 0.000000 0.000000 0.000000
134 1 72.460699 41.285015 45.953626 1.000000 1.000000 1.000000 0.000000
134 0.000000 0.000000 0.000000
135 1 4.426699 0.155868 9.038297 1.000000 1.000000 1.000000 0.000000
135 0.000000 0.000000 0.000000
136 1 23.817098 48.127274 93.367129 1.000000 1.000000 1.000000 0.000000
136 0.000000 0.000000 0.000000
137 1 42.485745 69.148625 146.290576 1.000000 1.000000 1.000000 0.000000
137 0.000000 0.000000 0.000000
138 1 2.070837 88.466547 13.790310 1.000000 1.000000 1.000000 0.000000
138 0.000000 0.000000 0.000000
139 1 29.796752 40.068085 190.070706 1.000000 1.000000 1.000000 0.000000
139 0.000000 0.000000 0.000000
140 1 55.164631 73.303746 180.182312 1.000000 1.000000 1.000000 0.000000
140 0.000000 0.000000 0.000000
141 1 57.833124 68.615611 101.747724 1.000000 1.000000 1.000000 0.000000
141 0.000000 0.000000 0.000000
142 1 11.885532 92.906792 95.906901 1.000000 1.000000 1.000000 0.000000
142 0.000000 0.000000 0.000000
143 1 60.142214 35.941183 147.033369 1.000000 1.000000 1.000000 0.000000
143 0.000000 0.000000 0.000000
144 1 22.291924 39.347364 166.500594 1.000000 1.000000 1.000000 0.000000
144 0.000000 0.000000 0.000000
145 1 88.249958 92.647843 155.513382 1.000000 1.000000 1.000000 0.000000
145 0.000000 0.000000 0.000000
146 1 45.422122 64.532762 50.129229 1.000000 1.000000 1.000000 0.000000
146 0.000000 0.000000 0.000000
147 1 72.680968 51.627382 118.394219 1.000000 1.000000 1.000000 0.000000
147 0.000000 0.000000 0.000000
148 1 18.718001 6.112130 133.482078 1.000000 1.000000 1.000000 0.000000
148 0.000000 0.000000 0.000000
149 1 36.966750 40.382383 105.781336 1.000000 1.000000 1.000000 0.000000
149 0.000000 0.000000 0.000000
150 1 54.652664 19.597141 37.769613 1.000000 1.000000 1.000000 0.000000
150 0.000000 0.000000 0.000000
151 1 21.761141 50.097539 166.115500 1.000000 1.000000 1.000000 0.000000
151 0.000000 0.000000 0.000000
152 1 60.975786 80.134169 121.564281 1.000000 1.000000 1.000000 0.000000
152 0.000000 0.000000 0.000000
153 1 54.648555 58.868795 192.574501 1.000000 1.000000 1.000000 0.000000
153 0.000000 0.000000 0.000000
154 1 14.274873 74.362942 115.054647 1.000000 1.000000 1.000000 0.000000
154 0.000000 0.000000 0.000000
155 1 7.629957 36.232771 5.203626 1.000000 1.000000 1.000000 0.000000
155 0.000000 0.000000 0.000000
156 1 83.868268 62.179598 73.873455 1.000000 1.000000 1.000000 0.000000
156 0.000000 0.000000 0.000000
157 1 25.865333 71.819167 133.419869 1.000000 1.000000 1.000000 0.000000
157 0.000000 0.000000 0.000000
158 1 25.966968 37.424386 171.985729 1.000000 1.000000 1.000000 0.000000
158 0.000000 0.000000 0.000000
159 1 75.985495 40.622363 195.352036 1.000000 1.000000 1.000000 0.000000
159 0.000000 0.000000 0.000000
160 1 29.148228 83.225901 27.248264 1.000000 1.000000 1.000000 0.000000
160 0.000000 0.000000 0.000000
161 1 88.965994 58.408985 116.463861 1.000000 1.000000 1.000000 0.000000
161 0.000000 0.000000 0.000000
162 1 7.348945 76.813996 125.229112 1.000000 1.000000 1.000000 0.000000
162 0.000000 0.000000 0.000000
163 1 10.018314 1.044182 4.874091 1.000000 1.000000 1.000000 0.000000
163 0.000000 0.000000 0.000000
164 1 4.031271 8.465782 167.531572 1.000000 1.000000 1.000000 0.000000
164 0.000000 0.000000 0.000000
165 1 4.641452 51.025156 167.976216 1.000000 1.000000 1.000000 0.000000
165 0.000000 0.000000 0.000000
166 1 70.007355 86.283983 92.393139 1.000000 1.000000 1.000000 0.000000
166 0.000000 0.000000 0.000000
167 1 55.228051 4.869570 11.425089 1.000000 1.000000 1.000000 0.000000
167 0.000000 0.000000 0.000000
168 1 95.748491 29.473303 157.128594 1.000000 1.000000 1.000000 0.000000
168 0.000000 0.000000 0.000000
169 1 61.500167 31.688858 30.879775 1.000000 1.000000 1.000000 0.000000
169 0.000000 0.000000 0.000000
170 1 93.222294 66.905657 154.792554 1.000000 1.000000 1.000000 0.000000
170 0.000000 0.000000 0.000000
171 1 73.171017 95.366599 151.744457 1.000000 1.000000 1.000000 0.000000
171 0.000000 0.000000 0.000000
172 1 20.003964 50.589009 79.220339 1.000000 1.000000 1.000000 0.000000
172 0.000000 0.000000 0.000000
173 1 46.373879 58.537598 96.234643 1.000000 1.000000 1.000000 0.000000
173 0.000000 0.000000 0.000000
174 1 65.366106 65.692088 195.732158 1.000000 1.000000 1.000000 0.000000
174 0.000000 0.000000 0.000000
175 1 43.258887 12.732729 147.777266 1.000000 1.000000 1.000000 0.000000
175 0.000000 0.000000 0.000000
176 1 22.202694 22.065568 84.073873 1.000000 1.000000 1.000000 0.000000
176 0.000000 0.000000 0.000000
177 1 78.176161 33.730721 121.798760 1.000000 1.000000 1.000000 0.000000
177 0.000000 0.000000 0.000000
178 1 33.579582 1.609761 196.045492 1.000000 1.000000 1.000000 0.000000
178 0.000000 0.000000 0.000000
179 1 53.746359 77.653029 111.709388 1.000000 1.000000 1.000000 0.000000
179 0.000000 0.000000 0.000000
180 1 27.022087 9.818652 30.544692 1.000000 1.000000 1.000000 0.000000
180 0.000000 0.000000 0.000000
181 1 25.435389 23.418605 187.310747 1.000000 1.000000 1.000000 0.000000
181 0.000000 0.000000 0.000000
182 1 69.613418 79.243133 42.862454 1.000000 1.000000 1.000000 0.000000
182 0.000000 0.000000 0.000000
183 1 18.822097 32.180519 126.613993 1.000000 1.000000 1.000000 0.000000
183 0.000000 0.000000 0.000000
184 1 66.105985 80.748596 69.225600 1.000000 1.000000 1.000000 0.000000
184 0.000000 0.000000 0.000000
185 1 44.456634 27.234386 157.370115 1.000000 1.000000 1.000000 0.000000
185 0.000000 0.000000 0.000000
186 1 91.693131 34.522096 25.993097 1.000000 1.000000 1.000000 0.000000
186 0.000000 0.000000 0.000000
187 1 36.556283 64.989913 49.043518 1.000000 1.000000 1.000000 0.000000
187 0.000000 0.000000 0.000000
188 1 55.530613 87.238836 196.392715 1.000000 1.000000 1.000000 0.000000
188 0.000000 0.000000 0.000000
189 1 97.258627 91.015399 94.451899 1.000000 1.000000 1.000000 0.000000
189 0.000000 0.000000 0.000000
190 1 27.818872 78.499401 60.700147 1.000000 1.000000 1.000000 0.000000
190 0.000000 0.000000 0.000000
191 1 58.923152 72.430611 101.654114 1.000000 1.000000 1.000000 0.000000
191 0.000000 0.000000 0.000000
192 1 42.661721 76.130940 19.852944 1.000000 1.000000 1.000000 0.000000
192 0.000000 0.000000 0.000000
193 1 28.517066 78.640532 194.924513 1.000000 1.000000 1.000000 0.000000
193 0.000000 0.000000 0.000000
194 1 83.529443 38.130899 171.261493 1.000000 1.000000 1.000000 0.000000
194 0.000000 0.000000 0.000000
195 1 19.507716 45.677813 176.543990 1.000000 1.000000 1.000000 0.000000
195 0.000000 0.000000 0.000000
196 1 62.115161 45.951915 119.056997 1.000000 1.000000 1.000000 0.000000
196 0.000000 0.000000 0.000000
197 1 68.362385 7.114146 136.385419 1.000000 1.000000 1.000000 0.000000
197 0.000000 0.000000 0.000000
198 1 3.216538 71.497819 26.041623 1.000000 1.000000 1.000000 0.000000
198 0.000000 0.000000 0.000000
199 1 28.439449 16.663331 153.548659 1.000000 1.000000 1.000000 0.000000
199 0.000000 0.000000 0.000000
200 1 28.988303 18.260280 129.444831 1.000000 1.000000 1.000000 0.000000
200 0.000000 0.000000 0.000000
201 1 14.006587 52.213216 121.246362 1.000000 1.000000 1.000000 0.000000
201 0.000000 0.000000 0.000000
202 1 86.833718 13.454629 6.200422 1.000000 1.000000 1.000000 0.000000
202 0.000000 0.000000 0.000000
203 1 60.361954 98.997710 52.469043 1.000000 1.000000 1.000000 0.000000
203 0.000000 0.000000 0.000000
204 1 28.312823 91.953495 127.831763 1.000000 1.000000 1.000000 0.000000
204 0.000000 0.000000 0.000000
205 1 44.044109 6.789069 37.320006 1.000000 1.000000 1.000000 0.000000
205 0.000000 0.000000 0.000000
206 1 38.096667 98.841559 197.813706 1.000000 1.000000 1.000000 0.000000
206 0.000000 0.000000 0.000000
207 1 40.695334 87.579953 145.010830 1.000000 1.000000 1.000000 0.000000
207 0.000000 0.000000 0.000000
208 1 94.768851 84.745809 100.208944 1.000000 1.000000 1.000000 0.000000
208 0.000000 0.000000 0.000000
209 1 34.161057 87.921212 119.215545 1.000000 1.000000 1.000000 0.000000
209 0.000000 0.000000 0.000000
210 1 92.504610 41.167807 29.072858 1.000000 1.000000 1.000000 0.000000
210 0.000000 0.000000 0.000000
211 1 49.419363 80.379211 67.234366 1.000000 1.000000 1.000000 0.000000
211 0.000000 0.000000 0.000000
212 1 4.713361 97.722021 114.612857 1.000000 1.000000 1.000000 0.000000
212 0.000000 0.000000 0.000000
213 1 13.597591 45.238336 162.319603 1.000000 1.000000 1.000000 0.000000
213 0.000000 0.000000 0.000000
214 1 56.456349 38.803447 25.364770 1.000000 1.000000 1.000000 0.000000
214 0.000000 0.000000 0.000000
215 1 27.857503 29.346558 41.023337 1.000000 1.000000 1.000000 0.000000
215 0.000000 0.000000 0.000000
216 1 84.752390 44.718327 114.596460 1.000000 1.000000 1.000000 0.000000
216 0.000000 0.000000 0.000000
217 1 50.404320 26.934746 168.123706 1.000000 1.000000 1.000000 0.000000
217 0.000000 0.000000 0.000000
218 1 28.034988 57.279967 111.549362 1.000000 1.000000 1.000000 0.000000
218 0.000000 0.000000 0.000000
219 1 82.222326 83.991475 50.759093 1.000000 1.000000 1.000000 0.000000
219 0.000000 0.000000 0.000000
220 1 79.504761 69.019744 65.733133 1.000000 1.000000 1.000000 0.000000
220 0.000000 0.000000 0.000000
221 1 41.011624 30.218321 159.719760 1.000000 1.000000 1.000000 0.000000
221 0.000000 0.000000 0.000000
222 1 38.652371 20.829715 83.908697 1.000000 1.000000 1.000000 0.000000
222 0.000000 0.000000 0.000000
223 1 91.636346 74.719572 140.105092 1.000000 1.000000 1.000000 0.000000
223 0.000000 0.000000 0.000000
224 1 50.010863 13.617078 172.776033 1.000000 1.000000 1.000000 0.000000
224 0.000000 0.000000 0.000000
225 1 41.829178 16.073103 81.330794 1.000000 1.000000 1.000000 0.000000
225 0.000000 0.000000 0.000000
226 1 25.995721 86.570526 50.441099 1.000000 1.000000 1.000000 0.000000
226 0.000000 0.000000 0.000000
227 1 28.541827 11.778960 177.231623 1.000000 1.000000 1.000000 0.000000
227 0.000000 0.000000 0.000000
228 1 74.944523 68.094341 26.034558 1.000000 1.000000 1.000000 0.000000
228 0.000000 0.000000 0.000000
229 1 41.415043 64.549312 27.103859 1.000000 1.000000 1.000000 0.000000
229 0.000000 0.000000 0.000000
230 1 37.367085 33.484478 11.784574 1.000000 1.000000 1.000000 0.000000
230 0.000000 0.000000 0.000000
231 1 84.723669 32.560278 18.954304 1.000000 1.000000 1.000000 0.000000
231 0.000000 0.000000 0.000000
232 1 3.224328 61.181732 91.452939 1.000000 1.000000 1.000000 0.000000
232 0.000000 0.000000 0.000000
233 1 34.098740 90.120091 37.141511 1.000000 1.000000 1.000000 0.000000
233 0.000000 0.000000 0.000000
234 1 9.608027 98.259495 119.036960 1.000000 1.000000 1.000000 0.000000
234 0.000000 0.000000 0.000000
235 1 12.948932 75.815078 9.372152 1.000000 1.000000 1.000000 0.000000
235 0.000000 0.000000 0.000000
236 1 63.473825 20.549148 193.668367 1.000000 1.000000 1.000000 0.000000
236 0.000000 0.000000 0.000000
237 1 21.852994 58.520333 73.442702 1.000000 1.000000 1.000000 0.000000
237 0.000000 0.000000 0.000000
238 1 2.216406 58.797361 116.920456 1.000000 1.000000 1.000000 0.000000
238 0.000000 0.000000 0.000000
239 1 12.874952 60.678390 188.220741 1.000000 1.000000 1.000000 0.000000
239 0.000000 0.000000 0.000000
240 1 50.952492 39.975003 46.273532 1.000000 1.000000 1.000000 0.000000
240 0.000000 0.000000 0.000000
241 1 97.036132 25.104902 40.952605 1.000000 1.000000 1.000000 0.000000
241 0.000000 0.000000 0.000000
242 1 23.872764 93.192993 72.157818 1.000000 1.000000 1.000000 0.000000
242 0.000000 0.000000 0.000000
243 1 3.863968 31.452953 74.711270 1.000000 1.000000 1.000000 0.000000
243 0.000000 0.000000 0.000000
244 1 88.595559 63.638582 45.760363 1.000000 1.000000 1.000000 0.000000
244 0.000000 0.000000 0.000000
245 1 69.165784 5.781955 25.976564 1.000000 1.000000 1.000000 0.000000
245 0.000000 0.000000 0.000000
246 1 33.625645 35.018333 96.022354 1.000000 1.000000 1.000000 0.000000
246 0.000000 0.000000 0.000000
247 1 15.446641 24.556636 110.156450 1.000000 1.000000 1.000000 0.000000
247 0.000000 0.000000 0.000000
248 1 86.618342 42.901659 67.645623 1.000000 1.000000 1.000000 0.000000
248 0.000000 0.000000 0.000000
249 1 63.219208 81.953738 23.007518 1.000000 1.000000 1.000000 0.000000
249 0.000000 0.000000 0.000000
250 1 6.142361 86.112696 102.940689 1.000000 1.000000 1.000000 0.000000
250 0.000000 0.000000 0.000000
251 1 63.644782 10.111632 111.991042 1.000000 1.000000 1.000000 0.000000
251 0.000000 0.000000 0.000000
252 1 8.823021 49.150693 68.542930 1.000000 1.000000 1.000000 0.000000
252 0.000000 0.000000 0.000000
253 1 65.819572 64.806318 53.701031 1.000000 1.000000 1.000000 0.000000
253 0.000000 0.000000 0.000000
254 1 77.580432 44.260517 156.011065 1.000000 1.000000 1.000000 0.000000
254 0.000000 0.000000 0.000000
255 1 0.611284 21.470796 47.796147 1.000000 1.000000 1.000000 0.000000
255 0.000000 0.000000 0.000000
256 1 82.748651 30.205667 147.228196 1.000000 1.000000 1.000000 0.000000
256 0.000000 0.000000 0.000000
257 1 72.848769 67.953891 4.357268 1.000000 1.000000 1.000000 0.000000
257 0.000000 0.000000 0.000000
258 1 40.252314 4.483618 136.164461 1.000000 1.000000 1.000000 0.000000
258 0.000000 0.000000 0.000000
259 1 49.773965 16.933056 96.833881 1.000000 1.000000 1.000000 0.000000
259 0.000000 0.000000 0.000000
260 1 5.788760 46.660062 159.515441 1.000000 1.000000 1.000000 0.000000
260 0.000000 0.000000 0.000000
261 1 3.559053 82.549841 1.538165 1.000000 1.000000 1.000000 0.000000
261 0.000000 0.000000 0.000000
262 1 63.391375 19.257108 75.109204 1.000000 1.000000 1.000000 0.000000
262 0.000000 0.000000 0.000000
263 1 51.905177 78.979234 171.062972 1.000000 1.000000 1.000000 0.000000
263 0.000000 0.000000 0.000000
264 1 4.575632 62.626330 24.403775 1.000000 1.000000 1.000000 0.000000
264 0.000000 0.000000 0.000000
265 1 66.998463 50.663488 42.994876 1.000000 1.000000 1.000000 0.000000
265 0.000000 0.000000 0.000000
266 1 17.035518 15.496175 136.621519 1.000000 1.000000 1.000000 0.000000
266 0.000000 0.000000 0.000000
267 1 91.844234 49.529003 166.425448 1.000000 1.000000 1.000000 0.000000
267 0.000000 0.000000 0.000000
268 1 96.892134 63.402871 174.167683 1.000000 1.000000 1.000000 0.000000
268 0.000000 0.000000 0.000000
269 1 74.003348 38.259493 104.291132 1.000000 1.000000 1.000000 0.000000
269 0.000000 0.000000 0.000000
270 1 36.494331 15.295334 43.434409 1.000000 1.000000 1.000000 0.000000
270 0.000000 0.000000 0.000000
271 1 16.232585 38.223484 182.685066 1.000000 1.000000 1.000000 0.000000
271 0.000000 0.000000 0.000000
272 1 34.412999 25.468065 52.824029 1.000000 1.000000 1.000000 0.000000
272 0.000000 0.000000 0.000000
273 1 52.567290 84.256833 193.801637 1.000000 1.000000 1.000000 0.000000
273 0.000000 0.000000 0.000000
274 1 85.484483 65.554211 49.123215 1.000000 1.000000 1.000000 0.000000
274 0.000000 0.000000 0.000000
275 1 20.042324 2.311076 67.211032 1.000000 1.000000 1.000000 0.000000
275 0.000000 0.000000 0.000000
276 1 66.114271 77.818706 91.181214 1.000000 1.000000 1.000000 0.000000
276 0.000000 0.000000 0.000000
277 1 73.134343 84.852684 155.705812 1.000000 1.000000 1.000000 0.000000
277 0.000000 0.000000 0.000000
278 1 94.729491 90.524493 110.550977 1.000000 1.000000 1.000000 0.000000
278 0.000000 0.000000 0.000000
279 1 9.854706 94.509989 59.140424 1.000000 1.000000 1.000000 0.000000
279 0.000000 0.000000 0.000000
280 1 82.632836 23.391238 115.029373 1.000000 1.000000 1.000000 0.000000
280 0.000000 0.000000 0.000000
281 1 88.011470 21.841584 158.520587 1.000000 1.000000 1.000000 0.000000
281 0.000000 0.000000 0.000000
282 1 6.152566 99.231491 22.149946 1.000000 1.000000 1.000000 0.000000
282 0.000000 0.000000 0.000000
283 1 57.890142 36.880237 65.268069 1.000000 1.000000 1.000000 0.000000
283 0.000000 0.000000 0.000000
284 1 90.354216 35.038262 0.559542 1.000000 1.000000 1.000000 0.000000
284 0.000000 0.000000 0.000000
285 1 64.201904 86.780831 59.457498 1.000000 1.000000 1.000000 0.000000
285 0.000000 0.000000 0.000000
286 1 42.321285 67.077748 44.939164 1.000000 1.000000 1.000000 0.000000
286 0.000000 0.000000 0.000000
287 1 45.701815 58.793106 46.150629 1.000000 1.000000 1.000000 0.000000
287 0.000000 0.000000 0.000000
288 1 31.173282 37.917010 74.347619 1.000000 1.000000 1.000000 0.000000
288 0.000000 0.000000 0.000000
289 1 15.843687 45.547129 97.704069 1.000000 1.000000 1.000000 0.000000
289 0.000000 0.000000 0.000000
290 1 73.465984 4.115318 76.060701 1.000000 1.000000 1.000000 0.000000
290 0.000000 0.000000 0.000000
291 1 67.053892 22.287012 57.179512 1.000000 1.000000 1.000000 0.000000
291 0.000000 0.000000 0.000000
292 1 92.848283 64.877585 108.282591 1.000000 1.000000 1.000000 0.000000
292 0.000000 0.000000 0.000000
293 1 97.057698 5.078376 70.402037 1.000000 1.000000 1.000000 0.000000
293 0.000000 0.000000 0.000000
294 1 30.354929 53.927926 100.812441 1.000000 1.000000 1.000000 0.000000
294 0.000000 0.000000 0.000000
295 1 15.340500 35.523446 101.072550 1.000000 1.000000 1.000000 0.000000
295 0.000000 0.000000 0.000000
296 1 21.910624 76.773335 54.362256 1.000000 1.000000 1.000000 0.000000
296 0.000000 0.000000 0.000000
297 1 23.962725 6.823512 172.284875 1.000000 1.000000 1.000000 0.000000
297 0.000000 0.000000 0.000000
298 1 68.179804 7.006506 89.946357 1.000000 1.000000 1.000000 0.000000
298 0.000000 0.000000 0.000000
299 1 62.696323 40.178538 3.720233 1.000000 1.000000 1.000000 0.000000
299 0.000000 0.000000 0.000000
300 1 74.369304 77.050574 37.617339 1.000000 1.000000 1.000000 0.000000
300 0.000000 0.000000 0.000000
301 1 73.686128 28.482102 55.157085 1.000000 1.000000 1.000000 0.000000
301 0.000000 0.000000 0.000000
302 1 52.549030 30.057199 2.970911 1.000000 1.000000 1.000000 0.000000
302 0.000000 0.000000 0.000000
303 1 44.600952 76.309737 183.221814 1.000000 1.000000 1.000000 0.000000
303 0.000000 0.000000 0.000000
304 1 32.195106 18.166607 41.937162 1.000000 1.000000 1.000000 0.000000
304 0.000000 0.000000 0.000000
305 1 60.814024 99.138786 110.661357 1.000000 1.000000 1.000000 0.000000
305 0.000000 0.000000 0.000000
306 1 53.238209 63.462251 79.189929 1.000000 1.000000 1.000000 0.000000
306 0.000000 0.000000 0.000000
307 1 40.515179 55.133828 115.352550 1.000000 1.000000 1.000000 0.000000
307 0.000000 0.000000 0.000000
308 1 31.086025 88.178014 170.664263 1.000000 1.000000 1.000000 0.000000
308 0.000000 0.000000 0.000000
309 1 12.416805 98.554975 0.659154 1.000000 1.000000 1.000000 0.000000
309 0.000000 0.000000 0.000000
310 1 35.200640 92.269265 125.089358 1.000000 1.000000 1.000000 0.000000
310 0.000000 0.000000 0.000000
311 1 98.146397 93.823271 148.021978 1.000000 1.000000 1.000000 0.000000
311 0.000000 0.000000 0.000000
312 1 35.750257 31.779178 39.418208 1.000000 1.000000 1.000000 0.000000
312 0.000000 0.000000 0.000000
313 1 46.725792 11.564300 151.985604 1.000000 1.000000 1.000000 0.000000
313 0.000000 0.000000 0.000000
314 1 51.794850 77.558507 29.282343 1.000000 1.000000 1.000000 0.000000
314 0.000000 0.000000 0.000000
315 1 58.449394 25.662830 61.163960 1.000000 1.000000 1.000000 0.000000
315 0.000000 0.000000 0.000000
316 1 2.436531 84.415529 157.911585 1.000000 1.000000 1.000000 0.000000
316 0.000000 0.000000 0.000000
317 1 81.373753 54.325534 7.095973 1.000000 1.000000 1.000000 0.000000
317 0.000000 0.000000 0.000000
318 1 97.059693 28.981593 131.907384 1.000000 1.000000 1.000000 0.000000
318 0.000000 0.000000 0.000000
319 1 97.375009 23.573141 125.617469 1.000000 1.000000 1.000000 0.000000
319 0.000000 0.000000 0.000000
320 1 39.822266 20.807547 112.123195 1.000000 1.000000 1.000000 0.000000
320 0.000000 0.000000 0.000000
321 1 6.628674 14.749101 140.333437 1.000000 1.000000 1.000000 0.000000
321 0.000000 0.000000 0.000000
322 1 11.191704 98.318500 197.554850 1.000000 1.000000 1.000000 0.000000
322 0.000000 0.000000 0.000000
323 1 84.530596 43.074436 127.225465 1.000000 1.000000 1.000000 0.000000
323 0.000000 0.000000 0.000000
324 1 55.133485 86.102457 56.716236 1.000000 1.000000 1.000000 0.000000
324 0.000000 0.000000 0.000000
325 1 42.218005 45.668953 95.513510 1.000000 1.000000 1.000000 0.000000
325 0.000000 0.000000 0.000000
326 1 3.146985 63.591080 45.830843 1.000000 1.000000 1.000000 0.000000
326 0.000000 0.000000 0.000000
327 1 7.448549 71.959349 176.604043 1.000000 1.000000 1.000000 0.000000
327 0.000000 0.000000 0.000000
328 1 78.657926 74.853248 140.585657 1.000000 1.000000 1.000000 0.000000
328 0.000000 0.000000 0.000000
329 1 28.167167 2.011627 121.682414 1.000000 1.000000 1.000000 0.000000
329 0.000000 0.000000 0.000000
330 1 47.912434 84.606518 60.947227 1.000000 1.000000 1.000000 0.000000
330 0.000000 0.000000 0.000000
331 1 70.948865 81.726635 58.483207 1.000000 1.000000 1.000000 0.000000
331 0.000000 0.000000 0.000000
332 1 95.283575 46.260120 171.197418 1.000000 1.000000 1.000000 0.000000
332 0.000000 0.000000 0.000000
333 1 81.112753 59.699461 25.219459 1.000000 1.000000 1.000000 0.000000
333 0.000000 0.000000 0.000000
334 1 18.262308 67.675771 99.424367 1.000000 1.000000 1.000000 0.000000
334 0.000000 0.000000 0.000000
335 1 6.002316 57.603306 52.242467 1.000000 1.000000 1.000000 0.000000
335 0.000000 0.000000 0.000000
336 1 62.109199 50.322066 60.750017 1.000000 1.000000 1.000000 0.000000
336 0.000000 0.000000 0.000000
337 1 38.335662 51.623845 101.558145 1.000000 1.000000 1.000000 0.000000
337 0.000000 0.000000 0.000000
338 1 71.498996 37.512152 146.869254 1.000000 1.000000 1.000000 0.000000
338 0.000000 0.000000 0.000000
339 1 90.184581 25.670779 35.620962 1.000000 1.000000 1.000000 0.000000
339 0.000000 0.000000 0.000000
340 1 63.653336 65.085537 161.818737 1.000000 1.000000 1.000000 0.000000
340 0.000000 0.000000 0.000000
341 1 97.468083 92.544339 19.127971 1.000000 1.000000 1.000000 0.000000
341 0.000000 0.000000 0.000000
342 1 87.706535 58.468458 32.217978 1.000000 1.000000 1.000000 0.000000
342 0.000000 0.000000 0.000000
343 1 15.976157 12.584269 96.852211 1.000000 1.000000 1.000000 0.000000
343 0.000000 0.000000 0.000000
344 1 8.942739 95.680714 18.610029 1.000000 1.000000 1.000000 0.000000
344 0.000000 0.000000 0.000000
345 1 44.903825 54.289184 151.113450 1.000000 1.000000 1.000000 0.000000
345 0.000000 0.000000 0.000000
346 1 27.665191 40.316141 65.257889 1.000000 1.000000 1.000000 0.000000
346 0.000000 0.000000 0.000000
347 1 35.846708 79.617484 6.271930 1.000000 1.000000 1.000000 0.000000
347 0.000000 0.000000 0.000000
348 1 83.903226 3.607387 103.426105 1.000000 1.000000 1.000000 0.000000
348 0.000000 0.000000 0.000000
349 1 79.401177 22.605973 146.467829 1.000000 1.000000 1.000000 0.000000
349 0.000000 0.000000 0.000000
350 1 0.169778 26.696921 83.788467 1.000000 1.000000 1.000000 0.000000
350 0.000000 0.000000 0.000000
351 1 34.899736 5.962572 193.138807 1.000000 1.000000 1.000000 0.000000
351 0.000000 0.000000 0.000000
352 1 31.289657 92.911804 155.825063 1.000000 1.000000 1.000000 0.000000
352 0.000000 0.000000 0.000000
353 1 65.972236 52.808097 129.532651 1.000000 1.000000 1.000000 0.000000
353 0.000000 0.000000 0.000000
354 1 58.366536 6.863883 58.722658 1.000000 1.000000 1.000000 0.000000
354 0.000000 0.000000 0.000000
355 1 70.762730 63.767076 104.193332 1.000000 1.000000 1.000000 0.000000
355 0.000000 0.000000 0.000000
356 1 63.379136 99.375129 114.664610 1.000000 1.000000 1.000000 0.000000
356 0.000000 0.000000 0.000000
357 1 33.344948 79.176168 36.448525 1.000000 1.000000 1.000000 0.000000
357 0.000000 0.000000 0.000000
358 1 54.165000 45.545754 129.668523 1.000000 1.000000 1.000000 0.000000
358 0.000000 0.000000 0.000000
359 1 58.166352 48.740659 168.861556 1.000000 1.000000 1.000000 0.000000
359 0.000000 0.000000 0.000000
360 1 75.493637 15.327396 187.946284 1.000000 1.000000 1.000000 0.000000
360 0.000000 0.000000 0.000000
361 1 60.282952 13.551615 99.004290 1.000000 1.000000 1.000000 0.000000
361 0.000000 0.000000 0.000000
362 1 36.471463 76.384310 135.355666 1.000000 1.000000 1.000000 0.000000
362 0.000000 0.000000 0.000000
363 1 18.282210 20.414359 27.976109 1.000000 1.000000 1.000000 0.000000
363 0.000000 0.000000 0.000000
364 1 5.458100 4.130682 104.528542 1.000000 1.000000 1.000000 0.000000
364 0.000000 0.000000 0.000000
365 1 39.388683 76.744016 3.679589 1.000000 1.000000 1.000000 0.000000
365 0.000000 0.000000 0.000000
366 1 93.437296 92.644759 136.214351 1.000000 1.000000 1.000000 0.000000
366 0.000000 0.000000 0.000000
367 1 65.057496 71.436434 52.561112 1.000000 1.000000 1.000000 0.000000
367 0.000000 0.000000 0.000000
368 1 43.897687 93.104485 129.226434 1.000000 1.000000 1.000000 0.000000
368 0.000000 0.000000 0.000000
369 1 0.220501 13.807828 192.043107 1.000000 1.000000 1.000000 0.000000
369 0.000000 0.000000 0.000000
370 1 27.298182 33.129833 123.528931 1.000000 1.000000 1.000000 0.000000
370 0.000000 0.000000 0.000000
371 1 28.158063 66.396861 166.653009 1.000000 1.000000 1.000000 0.000000
371 0.000000 0.000000 0.000000
372 1 8.316533 83.183289 143.964326 1.000000 1.000000 1.000000 0.000000
372 0.000000 0.000000 0.000000
373 1 57.348527 96.508919 124.123127 1.000000 1.000000 1.000000 0.000000
373 0.000000 0.000000 0.000000
374 1 27.113333 4.433798 2.728688 1.000000 1.000000 1.000000 0.000000
374 0.000000 0.000000 0.000000
375 1 86.121162 52.038370 144.642824 1.000000 1.000000 1.000000 0.000000
375 0.000000 0.000000 0.000000
376 1 78.228843 8.670031 156.931856 1.000000 1.000000 1.000000 0.000000
376 0.000000 0.000000 0.000000
377 1 98.713510 67.598044 100.094501 1.000000 1.000000 1.000000 0.000000
377 0.000000 0.000000 0.000000
378 1 1.589274 60.348590 44.293500 1.000000 1.000000 1.000000 0.000000
378 0.000000 0.000000 0.000000
379 1 62.678942 97.047606 72.076435 1.000000 1.000000 1.000000 0.000000
379 0.000000 0.000000 0.000000
380 1 65.262654 85.869507 46.889251 1.000000 1.000000 1.000000 0.000000
380 0.000000 0.000000 0.000000
381 1 4.996913 24.627090 90.721452 1.000000 1.000000 1.000000 0.000000
381 0.000000 0.000000 0.000000
382 1 32.722527 86.304918 160.333118 1.000000 1.000000 1.000000 0.000000
382 0.000000 0.000000 0.000000
383 1 87.533338 34.105351 159.681689 1.000000 1.000000 1.000000 0.000000
383 0.000000 0.000000 0.000000
384 1 27.181213 76.184664 106.373399 1.000000 1.000000 1.000000 0.000000
384 0.000000 0.000000 0.000000
385 1 13.657450 25.318449 150.694248 1.000000 1.000000 1.000000 0.000000
385 0.000000 0.000000 0.000000
386 1 17.264777 25.844123 39.348771 1.000000 1.000000 1.000000 0.000000
386 0.000000 0.000000 0.000000
387 1 83.336461 87.892954 189.633563 1.000000 1.000000 1.000000 0.000000
387 0.000000 0.000000 0.000000
388 1 56.545270 1.583568 173.641000 1.000000 1.000000 1.000000 0.000000
388 0.000000 0.000000 0.000000
389 1 95.331049 73.856581 164.350982 1.000000 1.000000 1.000000 0.000000
389 0.000000 0.000000 0.000000
390 1 42.560465 19.776847 25.492820 1.000000 1.000000 1.000000 0.000000
390 0.000000 0.000000 0.000000
391 1 29.119983 95.427369 46.946266 1.000000 1.000000 1.000000 0.000000
391 0.000000 0.000000 0.000000
392 1 39.816913 95.847120 81.587830 1.000000 1.000000 1.000000 0.000000
392 0.000000 0.000000 0.000000
393 1 4.212149 3.481332 135.464196 1.000000 1.000000 1.000000 0.000000
393 0.000000 0.000000 0.000000
394 1 26.038198 75.599827 172.510370 1.000000 1.000000 1.000000 0.000000
394 0.000000 0.000000 0.000000
395 1 53.824084 60.831720 15.399119 1.000000 1.000000 1.000000 0.000000
395 0.000000 0.000000 0.000000
396 1 36.310573 50.844153 39.855123 1.000000 1.000000 1.000000 0.000000
396 0.000000 0.000000 0.000000
397 1 26.855589 53.381317 62.871820 1.000000 1.000000 1.000000 0.000000
397 0.000000 0.000000 0.000000
398 1 74.546034 87.088705 32.503376 1.000000 1.000000 1.000000 0.000000
398 0.000000 0.000000 0.000000
399 1 61.509911 68.569916 38.584579 1.000000 1.000000 1.000000 0.000000
399 0.000000 0.000000 0.000000
400 1 16.678928 47.811373 17.736578 1.000000 1.000000 1.000000 0.000000
400 0.000000 0.000000 0.000000
401 1 69.385710 10.081311 37.546525 1.000000 1.000000 1.000000 0.000000
401 0.000000 0.000000 0.000000
402 1 75.783803 44.671319 186.046939 1.000000 1.000000 1.000000 0.000000
402 0.000000 0.000000 0.000000
403 1 40.915760 84.389594 118.767528 1.000000 1.000000 1.000000 0.000000
403 0.000000 0.000000 0.000000
404 1 15.287968 1.789652 80.731507 1.000000 1.000000 1.000000 0.000000
404 0.000000 0.000000 0.000000
405 1 92.762392 55.154735 24.907299 1.000000 1.000000 1.000000 0.000000
405 0.000000 0.000000 0.000000
406 1 40.797411 25.316473 124.119114 1.000000 1.000000 1.000000 0.000000
406 0.000000 0.000000 0.000000
407 1 93.166773 4.204223 192.141053 1.000000 1.000000 1.000000 0.000000
407 0.000000 0.000000 0.000000
408 1 80.788060 37.102678 76.625634 1.000000 1.000000 1.000000 0.000000
408 0.000000 0.000000 0.000000
409 1 33.975667 9.168517 126.269248 1.000000 1.000000 1.000000 0.000000
409 0.000000 0.000000 0.000000
410 1 36.117101 26.542787 120.533669 1.000000 1.000000 1.000000 0.000000
410 0.000000 0.000000 0.000000
411 1 57.758338 43.866611 33.145936 1.000000 1.000000 1.000000 0.000000
411 0.000000 0.000000 0.000000
412 1 62.477350 94.069207 132.360605 1.000000 1.000000 1.000000 0.000000
412 0.000000 0.000000 0.000000
413 1 81.474631 28.954720 8.609488 1.000000 1.000000 1.000000 0.000000
413 0.000000 0.000000 0.000000
414 1 15.961396 84.495444 56.769956 1.000000 1.000000 1.000000 0.000000
414 0.000000 0.000000 0.000000
415 1 1.407253 7.825055 57.995696 1.000000 1.000000 1.000000 0.000000
415 0.000000 0.000000 0.000000
416 1 51.003456 98.127313 199.024474 1.000000 1.000000 1.000000 0.000000
416 0.000000 0.000000 0.000000
417 1 87.354492 38.648339 147.288270 1.000000 1.000000 1.000000 0.000000
417 0.000000 0.000000 0.000000
418 1 27.989484 99.048196 38.611314 1.000000 1.000000 1.000000 0.000000
418 0.000000 0.000000 0.000000
419 1 83.874421 77.460459 94.818206 1.000000 1.000000 1.000000 0.000000
419 0.000000 0.000000 0.000000
420 1 4.701769 35.635763 72.909047 1.000000 1.000000 1.000000 0.000000
420 0.000000 0.000000 0.000000
421 1 27.053728 97.378046 192.739830 1.000000 1.000000 1.000000 0.000000
421 0.000000 0.000000 0.000000
422 1 23.366075 22.833054 178.667608 1.000000 1.000000 1.000000 0.000000
422 0.000000 0.000000 0.000000
423 1 62.904621 16.639191 85.713735 1.000000 1.000000 1.000000 0.000000
423 0.000000 0.000000 0.000000
424 1 96.600790 25.256693 163.491410 1.000000 1.000000 1.000000 0.000000
424 0.000000 0.000000 0.000000
425 1 51.163175 28.954015 191.771019 1.000000 1.000000 1.000000 0.000000
425 0.000000 0.000000 0.000000
426 1 34.481026 79.868006 194.306902 1.000000 1.000000 1.000000 0.000000
426 0.000000 0.000000 0.000000
427 1 18.350729 98.260322 169.847460 1.000000 1.000000 1.000000 0.000000
427 0.000000 0.000000 0.000000
428 1 10.472796 26.713569 73.040011 1.000000 1.000000 1.000000 0.000000
428 0.000000 0.000000 0.000000
429 1 55.701268 76.621592 153.544618 1.000000 1.000000 1.000000 0.000000
429 0.000000 0.000000 0.000000
430 1 22.045580 58.900849 195.523205 1.000000 1.000000 1.000000 0.000000
430 0.000000 0.000000 0.000000
431 1 16.757513 40.088412 84.391556 1.000000 1.000000 1.000000 0.000000
431 0.000000 0.000000 0.000000
432 1 46.073986 77.466038 40.207927 1.000000 1.000000 1.000000 0.000000
432 0.000000 0.000000 0.000000
433 1 94.921071 43.934874 159.982675 1.000000 1.000000 1.000000 0.000000
433 0.000000 0.000000 0.000000
434 1 81.828004 37.683898 103.203517 1.000000 1.000000 1.000000 0.000000
434 0.000000 0.000000 0.000000
435 1 42.791783 77.913832 179.895637 1.000000 1.000000 1.000000 0.000000
435 0.000000 0.000000 0.000000
436 1 13.143116 45.716503 70.311179 1.000000 1.000000 1.000000 0.000000
436 0.000000 0.000000 0.000000
437 1 24.942479 12.809637 177.994272 1.000000 1.000000 1.000000 0.000000
437 0.000000 0.000000 0.000000
438 1 2.524237 72.332722 130.311768 1.000000 1.000000 1.000000 0.000000
438 0.000000 0.000000 0.000000
439 1 37.859426 98.571684 67.339402 1.000000 1.000000 1.000000 0.000000
439 0.000000 0.000000 0.000000
440 1 37.580892 84.662223 71.206252 1.000000 1.000000 1.000000 0.000000
440 0.000000 0.000000 0.000000
441 1 96.315828 73.308892 120.478699 1.000000 1.000000 1.000000 0.000000
441 0.000000 0.000000 0.000000
442 1 83.565389 78.889986 131.273755 1.000000 1.000000 1.000000 0.000000
442 0.000000 0.000000 0.000000
443 1 37.864445 90.831749 155.976025 1.000000 1.000000 1.000000 0.000000
443 0.000000 0.000000 0.000000
444 1 11.654812 87.680003 55.516122 1.000000 1.000000 1.000000 0.000000
444 0.000000 0.000000 0.000000
445 1 29.287792 72.786552 41.482158 1.000000 1.000000 1.000000 0.000000
445 0.000000 0.000000 0.000000
446 1 30.984531 36.067997 84.125145 1.000000 1.000000 1.000000 0.000000
446 0.000000 0.000000 0.000000
447 1 11.546719 47.296052 103.517157 1.000000 1.000000 1.000000 0.000000
447 0.000000 0.000000 0.000000
448 1 75.723461 78.651135 114.727412 1.000000 1.000000 1.000000 0.000000
448 0.000000 0.000000 0.000000
449 1 17.804571 16.915655 72.969501 1.000000 1.000000 1.000000 0.000000
449 0.000000 0.000000 0.000000
450 1 30.593901 54.784738 185.713138 1.000000 1.000000 1.000000 0.000000
450 0.000000 0.000000 0.000000
451 1 72.822462 9.661573 9.710654 1.000000 1.000000 1.000000 0.000000
451 0.000000 0.000000 0.000000
452 1 2.035536 93.582277 58.777381 1.000000 1.000000 1.000000 0.000000
452 0.000000 0.000000 0.000000
453 1 89.863829 15.869859 7.049885 1.000000 1.000000 1.000000 0.000000
453 0.000000 0.000000 0.000000
454 1 39.170534 63.201768 128.151902 1.000000 1.000000 1.000000 0.000000
454 0.000000 0.000000 0.000000
455 1 66.154239 55.679131 120.004387 1.000000 1.000000 1.000000 0.000000
455 0.000000 0.000000 0.000000
456 1 89.742467 95.901895 86.605002 1.000000 1.000000 1.000000 0.000000
456 0.000000 0.000000 0.000000
457 1 85.707527 41.072482 158.456321 1.000000 1.000000 1.000000 0.000000
457 0.000000 0.000000 0.000000
458 1 18.539367 99.580003 79.011697 1.000000 1.000000 1.000000 0.000000
458 0.000000 0.000000 0.000000
459 1 79.206869 38.396440 118.018911 1.000000 1.000000 1.000000 0.000000
459 0.000000 0.000000 0.000000
460 1 16.670895 18.039968 46.028879 1.000000 1.000000 1.000000 0.000000
460 0.000000 0.000000 0.000000
461 1 11.829046 3.533125 30.398687 1.000000 1.000000 1.000000 0.000000
461 0.000000 0.000000 0.000000
462 1 23.811223 88.065903 179.791184 1.000000 1.000000 1.000000 0.000000
462 0.000000 0.000000 0.000000
463 1 89.369449 42.625339 153.962034 1.000000 1.000000 1.000000 0.000000
463 0.000000 0.000000 0.000000
464 1 7.263559 48.076952 61.081606 1.000000 1.000000 1.000000 0.000000
464 0.000000 0.000000 0.000000
465 1 99.270186 86.096394 54.030210 1.000000 1.000000 1.000000 0.000000
465 0.000000 0.000000 0.000000
466 1 55.850001 52.564136 179.552793 1.000000 1.000000 1.000000 0.000000
466 0.000000 0.000000 0.000000
467 1 49.329153 82.676279 169.625750 1.000000 1.000000 1.000000 0.000000
467 0.000000 0.000000 0.000000
468 1 63.614918 86.802508 77.505781 1.000000 1.000000 1.000000 0.000000
468 0.000000 0.000000 0.000000
469 1 42.247580 90.133942 12.865478 1.000000 1.000000 1.000000 0.000000
469 0.000000 0.000000 0.000000
470 1 14.338526 12.320318 162.700081 1.000000 1.000000 1.000000 0.000000
470 0.000000 0.000000 0.000000
471 1 75.386910 74.265724 103.703068 1.000000 1.000000 1.000000 0.000000
471 0.000000 0.000000 0.000000
472 1 90.923082 94.336477 142.548154 1.000000 1.000000 1.000000 0.000000
472 0.000000 0.000000 0.000000
473 1 28.383329 58.569103 54.551786 1.000000 1.000000 1.000000 0.000000
473 0.000000 0.000000 0.000000
474 1 99.058342 57.109537 1.573547 1.000000 1.000000 1.000000 0.000000
474 0.000000 0.000000 0.000000
475 1 22.545374 85.564881 54.645410 1.000000 1.000000 1.000000 0.000000
475 0.000000 0.000000 0.000000
476 1 46.395252 81.560666 101.809406 1.000000 1.000000 1.000000 0.000000
476 0.000000 0.000000 0.000000
477 1 80.924484 90.833237 22.842977 1.000000 1.000000 1.000000 0.000000
477 0.000000 0.000000 0.000000
478 1 96.022103 67.212717 107.495983 1.000000 1.000000 1.000000 0.000000
478 0.000000 0.000000 0.000000
479 1 62.206704 76.443277 186.335634 1.000000 1.000000 1.000000 0.000000
479 0.000000 0.000000 0.000000
480 1 25.909459 16.290942 47.856621 1.000000 1.000000 1.000000 0.000000
480 0.000000 0.000000 0.000000
481 1 97.994761 0.303237 183.760767 1.000000 1.000000 1.000000 0.000000
481 0.000000 0.000000 0.000000
482 1 75.543329 90.967818 82.446928 1.000000 1.000000 1.000000 0.000000
482 0.000000 0.000000 0.000000
483 1 95.610348 49.404386 17.486449 1.000000 1.000000 1.000000 0.000000
483 0.000000 0.000000 0.000000
484 1 80.146609 3.319614 36.357772 1.000000 1.000000 1.000000 0.000000
484 0.000000 0.000000 0.000000
485 1 87.608148 22.832031 169.208114 1.000000 1.000000 1.000000 0.000000
485 0.000000 0.000000 0.000000
486 1 32.841955 17.928419 95.461428 1.000000 1.000000 1.000000 0.000000
486 0.000000 0.000000 0.000000
487 1 54.973367 47.768311 2.325953 1.000000 1.000000 1.000000 0.000000
487 0.000000 0.000000 0.000000
488 1 3.282107 58.335608 86.888478 1.000000 1.000000 1.000000 0.000000
488 0.000000 0.000000 0.000000
489 1 89.545874 40.995881 38.397073 1.000000 1.000000 1.000000 0.000000
489 0.000000 0.000000 0.000000
490 1 72.734188 38.151647 160.936946 1.000000 1.000000 1.000000 0.000000
490 0.000000 0.000000 0.000000
491 1 61.868740 91.582182 72.941436 1.000000 1.000000 1.000000 0.000000
491 0.000000 0.000000 0.000000
492 1 70.787825 15.665498 198.181902 1.000000 1.000000 1.000000 0.000000
492 0.000000 0.000000 0.000000
493 1 91.003830 54.779597 28.173104 1.000000 1.000000 1.000000 0.000000
493 0.000000 0.000000 0.000000
494 1 59.212955 98.700951 19.600263 1.000000 1.000000 1.000000 0.000000
494 0.000000 0.000000 0.000000
495 1 26.068859 1.567209 25.289882 1.000000 1.000000 1.000000 0.000000
495 0.000000 0.000000 0.000000
496 1 71.314587 34.908067 171.149703 1.000000 1.000000 1.000000 0.000000
496 0.000000 0.000000 0.000000
497 1 9.545284 88.461534 9.356824 1.000000 1.000000 1.000000 0.000000
497 0.000000 0.000000 0.000000
498 1 20.062465 66.684172 178.895740 1.000000 1.000000 1.000000 0.000000
498 0.000000 0.000000 0.000000
499 1 2.062429 81.517408 72.462959 1.000000 1.000000 1.000000 0.000000
499 0.000000 0.000000 0.000000
