RESTART FILE
Timestep: 600

NUMBER OF PARTICLES
500

SIMULATION BOX
100 100 200

TIMESTEP
0.1

ATTRACTION RADIUS
1
0 

AGGREGATES/BEADS
0 1 5.119368 66.012589 37.138495 1.000000 1.000000 1.000000 0.000000
0 0.000000 0.000000 0.000000
1 1 86.223001 12.723220 144.940372 1.000000 1.000000 1.000000 0.000000
1 0.000000 0.000000 0.000000
2 1 29.606170 5.731132 35.238833 1.000000 1.000000 1.000000 0.000000
2 0.000000 0.000000 0.000000
3 1 89.731197 96.720207 132.715531 1.000000 1.000000 1.000000 0.000000
3 0.000000 0.000000 0.000000
4 1 29.585288 94.366513 118.860720 1.000000 1.000000 1.000000 0.000000
4 0.000000 0.000000 0.000000
5 1 32.781474 71.808075 175.863408 1.000000 1.000000 1.000000 0.000000
5 0.000000 0.000000 0.000000
6 1 76.182849 9.502560 180.089985 1.000000 1.000000 1.000000 0.000000
6 0.000000 0.000000 0.000000
7 1 57.625600 9.369381 131.985323 1.000000 1.000000 1.000000 0.000000
7 0.000000 0.000000 0.000000
8 1 54.558730 98.690128 100.799717 1.000000 1.000000 1.000000 0.000000
8 0.000000 0.000000 0.000000
9 1 41.823573 14.536003 55.715627 1.000000 1.000000 1.000000 0.000000
9 0.000000 0.000000 0.000000
10 1 94.795749 91.480104 51.538079 1.000000 1.000000 1.000000 0.000000
10 0.000000 0.000000 0.000000
11 1 31.167825 69.491594 19.923178 1.000000 1.000000 1.000000 0.000000
11 0.000000 0.000000 0.000000
12 1 89.670381 76.493420 74.509478 1.000000 1.000000 1.000000 0.000000
12 0.000000 0.000000 0.000000
13 1 75.678548 61.146685 17.653217 1.000000 1.000000 1.000000 0.000000
13 0.000000 0.000000 0.000000
14 1 21.335699 46.469873 20.631573 1.000000 1.000000 1.000000 0.000000
14 0.000000 0.000000 0.000000
15 1 53.294189 44.356693 182.158608 1.000000 1.000000 1.000000 0.000000
15 0.000000 0.000000 0.000000
16 1 69.166532 69.957411 17.898104 1.000000 1.000000 1.000000 0.000000
16 0.000000 0.000000 0.000000
17 1 83.777412 78.780818 87.701856 1.000000 1.000000 1.000000 0.000000
17 0.000000 0.000000 0.000000
18 1 82.508950 86.755779 179.558451 1.000000 1.000000 1.000000 0.000000
18 0.000000 0.000000 0.000000
19 1 57.439643 51.249843 159.728903 1.000000 1.000000 1.000000 0.000000
19 0.000000 0.000000 0.000000
20 1 88.404845 2.817240 121.103565 1.000000 1.000000 1.000000 0.000000
20 0.000000 0.000000 0.000000
21 1 3.577679 28.363794 39.251944 1.000000 1.000000 1.000000 0.000000
21 0.000000 0.000000 0.000000
22 1 66.562039 32.531718 145.861239 1.000000 1.000000 1.000000 0.000000
22 0.000000 0.000000 0.000000
23 1 71.796712 49.716010 97.970219 1.000000 1.000000 1.000000 0.000000
23 0.000000 0.000000 0.000000
24 1 10.016252 66.977925 77.241621 1.000000 1.000000 1.000000 0.000000
24 0.000000 0.000000 0.000000
25 1 79.290520 80.157965 81.905968 1.000000 1.000000 1.000000 0.000000
25 0.000000 0.000000 0.000000
26 1 6.809185 24.262838 37.778120 1.000000 1.000000 1.000000 0.000000
26 0.000000 0.000000 0.000000
27 1 58.357263 69.061154 7.537960 1.000000 1.000000 1.000000 0.000000
27 0.000000 0.000000 0.000000
28 1 63.014436 86.596426 82.688804 1.000000 1.000000 1.000000 0.000000
28 0.000000 0.000000 0.000000
29 1 48.686022 20.615823 33.682541 1.000000 1.000000 1.000000 0.000000
29 0.000000 0.000000 0.000000
30 1 30.797075 28.845526 190.314747 1.000000 1.000000 1.000000 0.000000
30 0.000000 0.000000 0.000000
31 1 99.958027 51.767217 13.451700 1.000000 1.000000 1.000000 0.000000
31 0.000000 0.000000 0.000000
32 1 14.860513 71.600253 189.132755 1.000000 1.000000 1.000000 0.000000
32 0.000000 0.000000 0.000000
33 1 84.234467 48.395247 20.583183 1.000000 1.000000 1.000000 0.000000
33 0.000000 0.000000 0.000000
34 1 23.070513 94.372733 65.441547 1.000000 1.000000 1.000000 0.000000
34 0.000000 0.000000 0.000000
35 1 19.881354 23.744971 39.301550 1.000000 1.000000 1.000000 0.000000
35 0.000000 0.000000 0.000000
36 1 89.262219 4.479008 49.650250 1.000000 1.000000 1.000000 0.000000
36 0.000000 0.000000 0.000000
37 1 1.492658 5.563627 129.742203 1.000000 1.000000 1.000000 0.000000
37 0.000000 0.000000 0.000000
38 1 61.158587 53.556731 70.490349 1.000000 1.000000 1.000000 0.000000
38 0.000000 0.000000 0.000000
39 1 45.711750 98.510490 16.301474 1.000000 1.000000 1.000000 0.000000
39 0.000000 0.000000 0.000000
40 1 24.002204 29.087576 73.208457 1.000000 1.000000 1.000000 0.000000
40 0.000000 0.000000 0.000000
41 1 64.954924 14.351947 118.405724 1.000000 1.000000 1.000000 0.000000
41 0.000000 0.000000 0.000000
42 1 36.057967 66.565607 130.986469 1.000000 1.000000 1.000000 0.000000
42 0.000000 0.000000 0.000000
43 1 28.159201 65.502077 17.629316 1.000000 1.000000 1.000000 0.000000
43 0.000000 0.000000 0.000000
44 1 66.340304 64.021283 125.993226 1.000000 1.000000 1.000000 0.000000
44 0.000000 0.000000 0.000000
45 1 60.124979 88.397346 84.330417 1.000000 1.000000 1.000000 0.000000
45 0.000000 0.000000 0.000000
46 1 49.263837 89.207364 67.471055 1.000000 1.000000 1.000000 0.000000
46 0.000000 0.000000 0.000000
47 1 21.674008 58.817093 12.803244 1.000000 1.000000 1.000000 0.000000
47 0.000000 0.000000 0.000000
48 1 42.612843 33.372413 17.921450 1.000000 1.000000 1.000000 0.000000
48 0.000000 0.000000 0.000000
49 1 95.411861 54.588109 42.529761 1.000000 1.000000 1.000000 0.000000
49 0.000000 0.000000 0.000000
50 1 96.956315 66.485243 184.528298 1.000000 1.000000 1.000000 0.000000
50 0.000000 0.000000 0.000000
51 1 13.420295 55.512140 123.868862 1.000000 1.000000 1.000000 0.000000
51 0.000000 0.000000 0.000000
52 1 56.268206 78.804028 147.861370 1.000000 1.000000 1.000000 0.000000
52 0.000000 0.000000 0.000000
53 1 56.677402 83.493476 47.047606 1.000000 1.000000 1.000000 0.000000
53 0.000000 0.000000 0.000000
54 1 28.985635 49.198689 62.533633 1.000000 1.000000 1.000000 0.000000
54 0.000000 0.000000 0.000000
55 1 55.720509 72.571463 122.909248 1.000000 1.000000 1.000000 0.000000
55 0.000000 0.000000 0.000000
56 1 31.211541 68.187474 190.020845 1.000000 1.000000 1.000000 0.000000
56 0.000000 0.000000 0.000000
57 1 72.670461 85.253194 146.263510 1.000000 1.000000 1.000000 0.000000
57 0.000000 0.000000 0.000000
58 1 39.147781 47.172010 48.540058 1.000000 1.000000 1.000000 0.000000
58 0.000000 0.000000 0.000000
59 1 67.530450 89.156562 198.197913 1.000000 1.000000 1.000000 0.000000
59 0.000000 0.000000 0.000000
60 1 2.395935 32.171364 37.149352 1.000000 1.000000 1.000000 0.000000
60 0.000000 0.000000 0.000000
61 1 65.727971 85.323141 0.595318 1.000000 1.000000 1.000000 0.000000
61 0.000000 0.000000 0.000000
62 1 32.990464 22.516236 117.743888 1.000000 1.000000 1.000000 0.000000
62 0.000000 0.000000 0.000000
63 1 14.046759 11.352293 24.499031 1.000000 1.000000 1.000000 0.000000
63 0.000000 0.000000 0.000000
64 1 56.634366 76.012979 84.174275 1.000000 1.000000 1.000000 0.000000
64 0.000000 0.000000 0.000000
65 1 83.975891 79.241124 81.604818 1.000000 1.000000 1.000000 0.000000
65 0.000000 0.000000 0.000000
66 1 68.687277 74.937582 195.435626 1.000000 1.000000 1.000000 0.000000
66 0.000000 0.000000 0.000000
67 1 62.274525 25.292296 22.292525 1.000000 1.000000 1.000000 0.000000
67 0.000000 0.000000 0.000000
68 1 23.845140 30.000882 151.056604 1.000000 1.000000 1.000000 0.000000
68 0.000000 0.000000 0.000000
69 1 73.001775 78.101557 195.410615 1.000000 1.000000 1.000000 0.000000
69 0.000000 0.000000 0.000000
70 1 36.862083 49.257295 102.231367 1.000000 1.000000 1.000000 0.000000
70 0.000000 0.000000 0.000000
71 1 69.334866 67.657042 21.623499 1.000000 1.000000 1.000000 0.000000
71 0.000000 0.000000 0.000000
72 1 99.139585 73.745072 64.314476 1.000000 1.000000 1.000000 0.000000
72 0.000000 0.000000 0.000000
73 1 63.196261 67.659519 66.837531 1.000000 1.000000 1.000000 0.000000
73 0.000000 0.000000 0.000000
74 1 39.247084 3.664293 79.661881 1.000000 1.000000 1.000000 0.000000
74 0.000000 0.000000 0.000000
75 1 97.337288 40.408029 116.476539 1.000000 1.000000 1.000000 0.000000
75 0.000000 0.000000 0.000000
76 1 78.894137 51.760642 31.591450 1.000000 1.000000 1.000000 0.000000
76 0.000000 0.000000 0.000000
77 1 80.796767 34.825071 53.679648 1.000000 1.000000 1.000000 0.000000
77 0.000000 0.000000 0.000000
78 1 15.561103 35.955575 157.309389 1.000000 1.000000 1.000000 0.000000
78 0.000000 0.000000 0.000000
79 1 21.281552 95.723688 14.536742 1.000000 1.000000 1.000000 0.000000
79 0.000000 0.000000 0.000000
80 1 3.140475 92.371168 34.075621 1.000000 1.000000 1.000000 0.000000
80 0.000000 0.000000 0.000000
81 1 76.230492 20.594020 4.428934 1.000000 1.000000 1.000000 0.000000
81 0.000000 0.000000 0.000000
82 1 35.648499 14.018340 134.986509 1.000000 1.000000 1.000000 0.000000
82 0.000000 0.000000 0.000000
83 1 56.134141 9.043367 154.706422 1.000000 1.000000 1.000000 0.000000
83 0.000000 0.000000 0.000000
84 1 77.682296 18.932327 161.407490 1.000000 1.000000 1.000000 0.000000
84 0.000000 0.000000 0.000000
85 1 20.866631 25.847915 114.980557 1.000000 1.000000 1.000000 0.000000
85 0.000000 0.000000 0.000000
86 1 8.167051 95.856906 66.123212 1.000000 1.000000 1.000000 0.000000
86 0.000000 0.000000 0.000000
87 1 66.075474 36.878020 87.902006 1.000000 1.000000 1.000000 0.000000
87 0.000000 0.000000 0.000000
88 1 18.319213 3.410571 144.909332 1.000000 1.000000 1.000000 0.000000
88 0.000000 0.000000 0.000000
89 1 18.617811 17.743270 107.013545 1.000000 1.000000 1.000000 0.000000
89 0.000000 0.000000 0.000000
90 1 3.009292 80.392742 34.649692 1.000000 1.000000 1.000000 0.000000
90 0.000000 0.000000 0.000000
91 1 3.414517 15.946224 22.342150 1.000000 1.000000 1.000000 0.000000
91 0.000000 0.000000 0.000000
92 1 1.897728 57.441322 75.402710 1.000000 1.000000 1.000000 0.000000
92 0.000000 0.000000 0.000000
93 1 52.604574 71.211450 177.920832 1.000000 1.000000 1.000000 0.000000
93 0.000000 0.000000 0.000000
94 1 98.625158 2.152137 99.670106 1.000000 1.000000 1.000000 0.000000
94 0.000000 0.000000 0.000000
95 1 58.631099 7.378088 39.343983 1.000000 1.000000 1.000000 0.000000
95 0.000000 0.000000 0.000000
96 1 65.330014 16.135298 9.991288 1.000000 1.000000 1.000000 0.000000
96 0.000000 0.000000 0.000000
97 1 50.336397 72.285991 27.159455 1.000000 1.000000 1.000000 0.000000
97 0.000000 0.000000 0.000000
98 1 50.991903 21.690695 27.773781 1.000000 1.000000 1.000000 0.000000
98 0.000000 0.000000 0.000000
99 1 65.854470 86.529166 80.630860 1.000000 1.000000 1.000000 0.000000
99 0.000000 0.000000 0.000000
100 1 76.822137 26.065126 4.639529 1.000000 1.000000 1.000000 0.000000
100 0.000000 0.000000 0.000000
101 1 69.663716 94.621534 131.327718 1.000000 1.000000 1.000000 0.000000
101 0.000000 0.000000 0.000000
102 1 30.022866 82.032706 106.940977 1.000000 1.000000 1.000000 0.000000
102 0.000000 0.000000 0.000000
103 1 65.773246 40.763322 128.193123 1.000000 1.000000 1.000000 0.000000
103 0.000000 0.000000 0.000000
104 1 42.933554 92.293310 59.356342 1.000000 1.000000 1.000000 0.000000
104 0.000000 0.000000 0.000000
105 1 82.267869 54.321999 191.548890 1.000000 1.000000 1.000000 0.000000
105 0.000000 0.000000 0.000000
106 1 82.668398 43.621801 174.297518 1.000000 1.000000 1.000000 0.000000
106 0.000000 0.000000 0.000000
107 1 85.502108 98.760220 42.683598 1.000000 1.000000 1.000000 0.000000
107 0.000000 0.000000 0.000000
108 1 7.420365 38.337993 151.875964 1.000000 1.000000 1.000000 0.000000
108 0.000000 0.000000 0.000000
109 1 27.037379 39.208436 147.244957 1.000000 1.000000 1.000000 0.000000
109 0.000000 0.000000 0.000000
110 1 36.565547 71.937842 2.091526 1.000000 1.000000 1.000000 0.000000
110 0.000000 0.000000 0.000000
111 1 94.271017 7.971991 74.540637 1.000000 1.000000 1.000000 0.000000
111 0.000000 0.000000 0.000000
112 1 37.231942 0.995508 56.917338 1.000000 1.000000 1.000000 0.000000
112 0.000000 0.000000 0.000000
113 1 19.687165 80.036270 128.038058 1.000000 1.000000 1.000000 0.000000
113 0.000000 0.000000 0.000000
114 1 85.762346 50.680343 129.265668 1.000000 1.000000 1.000000 0.000000
114 0.000000 0.000000 0.000000
115 1 70.514983 58.791319 125.973668 1.000000 1.000000 1.000000 0.000000
115 0.000000 0.000000 0.000000
116 1 53.011370 75.358032 98.634330 1.000000 1.000000 1.000000 0.000000
116 0.000000 0.000000 0.000000
117 1 46.838681 61.328962 12.442247 1.000000 1.000000 1.000000 0.000000
117 0.000000 0.000000 0.000000
118 1 22.525936 30.810340 72.319074 1.000000 1.000000 1.000000 0.000000
118 0.000000 0.000000 0.000000
119 1 22.754633 44.013017 180.619886 1.000000 1.000000 1.000000 0.000000
119 0.000000 0.000000 0.000000
120 1 85.285873 57.952208 17.149008 1.000000 1.000000 1.000000 0.000000
120 0.000000 0.000000 0.000000
121 1 35.701964 20.440732 41.461023 1.000000 1.000000 1.000000 0.000000
121 0.000000 0.000000 0.000000
122 1 64.587723 8.514633 159.274889 1.000000 1.000000 1.000000 0.000000
122 0.000000 0.000000 0.000000
123 1 18.200312 86.091574 14.568910 1.000000 1.000000 1.000000 0.000000
123 0.000000 0.000000 0.000000
124 1 63.195976 91.345743 175.984152 1.000000 1.000000 1.000000 0.000000
124 0.000000 0.000000 0.000000
125 1 6.891756 42.742025 84.651171 1.000000 1.000000 1.000000 0.000000
125 0.000000 0.000000 0.000000
126 1 99.091829 90.870602 113.002240 1.000000 1.000000 1.000000 0.000000
126 0.000000 0.000000 0.000000
127 1 56.331672 21.210395 176.847537 1.000000 1.000000 1.000000 0.000000
127 0.000000 0.000000 0.000000
128 1 64.080621 22.051089 134.781973 1.000000 1.000000 1.000000 0.000000
128 0.000000 0.000000 0.000000
129 1 76.009867 39.430862 160.300637 1.000000 1.000000 1.000000 0.000000
129 0.000000 0.000000 0.000000
130 1 96.036955 98.487009 125.356531 1.000000 1.000000 1.000000 0.000000
130 0.000000 0.000000 0.000000
131 1 52.095152 7.846228 119.734319 1.000000 1.000000 1.000000 0.000000
131 0.000000 0.000000 0.000000
132 1 16.809481 34.779436 52.549171 1.000000 1.000000 1.000000 0.000000
132 0.000000 0.000000 0.000000
133 1 27.414413 92.142046 73.842287 1.000000 1.000000 1.000000 0.000000
133 0.000000 0.000000 0.000000
134 1 75.308054 39.823333 50.812838 1.000000 1.000000 1.000000 0.000000
134 0.000000 0.000000 0.000000
135 1 0.096814 99.261179 8.482416 1.000000 1.000000 1.000000 0.000000
135 0.000000 0.000000 0.000000
136 1 26.735299 49.503623 91.284462 1.000000 1.000000 1.000000 0.000000
136 0.000000 0.000000 0.000000
137 1 46.277941 62.522321 150.734018 1.000000 1.000000 1.000000 0.000000
137 0.000000 0.000000 0.000000
138 1 96.267012 97.871318 11.475585 1.000000 1.000000 1.000000 0.000000
138 0.000000 0.000000 0.000000
139 1 24.027843 38.851787 190.409892 1.000000 1.000000 1.000000 0.000000
139 0.000000 0.000000 0.000000
140 1 51.555359 73.797258 176.574615 1.000000 1.000000 1.000000 0.000000
140 0.000000 0.000000 0.000000
141 1 56.498114 73.062917 101.374262 1.000000 1.000000 1.000000 0.000000
141 0.000000 0.000000 0.000000
142 1 7.792847 88.550028 94.267785 1.000000 1.000000 1.000000 0.000000
142 0.000000 0.000000 0.000000
143 1 57.728486 43.327146 149.894456 1.000000 1.000000 1.000000 0.000000
143 0.000000 0.000000 0.000000
144 1 14.084309 47.301885 168.897431 1.000000 1.000000 1.000000 0.000000
144 0.000000 0.000000 0.000000
145 1 81.696309 94.686893 155.461045 1.000000 1.000000 1.000000 0.000000
145 0.000000 0.000000 0.000000
146 1 47.673077 64.363943 46.500000 1.000000 1.000000 1.000000 0.000000
146 0.000000 0.000000 0.000000
147 1 78.648296 52.673550 119.101736 1.000000 1.000000 1.000000 0.000000
147 0.000000 0.000000 0.000000
148 1 23.556256 10.823175 134.535386 1.000000 1.000000 1.000000 0.000000
148 0.000000 0.000000 0.000000
149 1 35.815593 38.262565 100.812640 1.000000 1.000000 1.000000 0.000000
149 0.000000 0.000000 0.000000
150 1 48.779033 18.601874 41.293500 1.000000 1.000000 1.000000 0.000000
150 0.000000 0.000000 0.000000
151 1 26.926531 46.074558 162.869357 1.000000 1.000000 1.000000 0.000000
151 0.000000 0.000000 0.000000
152 1 60.313735 71.638817 122.017425 1.000000 1.000000 1.000000 0.000000
152 0.000000 0.000000 0.000000
153 1 56.505729 65.130321 190.657488 1.000000 1.000000 1.000000 0.000000
153 0.000000 0.000000 0.000000
154 1 17.274384 74.282767 110.216311 1.000000 1.000000 1.000000 0.000000
154 0.000000 0.000000 0.000000
155 1 13.831908 37.783330 0.580372 1.000000 1.000000 1.000000 0.000000
155 0.000000 0.000000 0.000000
156 1 93.137988 65.680802 77.390592 1.000000 1.000000 1.000000 0.000000
156 0.000000 0.000000 0.000000
157 1 21.420244 71.157273 133.342141 1.000000 1.000000 1.000000 0.000000
157 0.000000 0.000000 0.000000
158 1 24.695069 37.298289 180.598320 1.000000 1.000000 1.000000 0.000000
158 0.000000 0.000000 0.000000
159 1 77.819003 44.037426 195.747225 1.000000 1.000000 1.000000 0.000000
159 0.000000 0.000000 0.000000
160 1 18.666312 94.509187 30.523179 1.000000 1.000000 1.000000 0.000000
160 0.000000 0.000000 0.000000
161 1 93.938883 51.793480 123.910532 1.000000 1.000000 1.000000 0.000000
161 0.000000 0.000000 0.000000
162 1 13.265816 73.581749 128.150957 1.000000 1.000000 1.000000 0.000000
162 0.000000 0.000000 0.000000
163 1 16.599499 5.421934 13.417949 1.000000 1.000000 1.000000 0.000000
163 0.000000 0.000000 0.000000
164 1 1.834264 11.821878 158.588692 1.000000 1.000000 1.000000 0.000000
164 0.000000 0.000000 0.000000
165 1 0.321933 45.841045 163.139336 1.000000 1.000000 1.000000 0.000000
165 0.000000 0.000000 0.000000
166 1 74.315702 83.713547 90.757518 1.000000 1.000000 1.000000 0.000000
166 0.000000 0.000000 0.000000
167 1 59.927744 9.960748 7.730226 1.000000 1.000000 1.000000 0.000000
167 0.000000 0.000000 0.000000
168 1 97.139785 25.797899 148.351141 1.000000 1.000000 1.000000 0.000000
168 0.000000 0.000000 0.000000
169 1 59.775909 30.868434 38.655229 1.000000 1.000000 1.000000 0.000000
169 0.000000 0.000000 0.000000
170 1 90.493206 60.739605 155.881116 1.000000 1.000000 1.000000 0.000000
170 0.000000 0.000000 0.000000
171 1 76.726600 91.163735 148.879818 1.000000 1.000000 1.000000 0.000000
171 0.000000 0.000000 0.000000
172 1 29.326164 47.423978 84.143624 1.000000 1.000000 1.000000 0.000000
172 0.000000 0.000000 0.000000
173 1 48.482321 57.453817 89.249012 1.000000 1.000000 1.000000 0.000000
173 0.000000 0.000000 0.000000
174 1 62.750250 65.258610 4.519825 1.000000 1.000000 1.000000 0.000000
174 0.000000 0.000000 0.000000
175 1 42.366427 16.449917 147.273457 1.000000 1.000000 1.000000 0.000000
175 0.000000 0.000000 0.000000
176 1 25.763318 13.027920 81.687736 1.000000 1.000000 1.000000 0.000000
176 0.000000 0.000000 0.000000
177 1 74.109850 31.504393 120.239261 1.000000 1.000000 1.000000 0.000000
177 0.000000 0.000000 0.000000
178 1 30.681848 12.840515 193.741752 1.000000 1.000000 1.000000 0.000000
178 0.000000 0.000000 0.000000
179 1 53.133597 74.079862 107.109512 1.000000 1.000000 1.000000 0.000000
179 0.000000 0.000000 0.000000
180 1 27.706469 4.806840 29.751716 1.000000 1.000000 1.000000 0.000000
180 0.000000 0.000000 0.000000
181 1 32.800979 27.693061 186.617284 1.000000 1.000000 1.000000 0.000000
181 0.000000 0.000000 0.000000
182 1 64.654428 78.645728 39.566023 1.000000 1.000000 1.000000 0.000000
182 0.000000 0.000000 0.000000
183 1 16.295169 28.980383 119.666870 1.000000 1.000000 1.000000 0.000000
183 0.000000 0.000000 0.000000
184 1 64.282805 77.428929 73.747491 1.000000 1.000000 1.000000 0.000000
184 0.000000 0.000000 0.000000
185 1 42.202006 26.204609 162.729323 1.000000 1.000000 1.000000 0.000000
185 0.000000 0.000000 0.000000
186 1 91.636499 29.777000 32.681236 1.000000 1.000000 1.000000 0.000000
186 0.000000 0.000000 0.000000
187 1 38.024159 62.519593 45.255098 1.000000 1.000000 1.000000 0.000000
187 0.000000 0.000000 0.000000
188 1 59.225580 96.854958 3.762925 1.000000 1.000000 1.000000 0.000000
188 0.000000 0.000000 0.000000
189 1 91.401352 98.042637 97.661444 1.000000 1.000000 1.000000 0.000000
189 0.000000 0.000000 0.000000
190 1 22.735846 74.868844 50.181348 1.000000 1.000000 1.000000 0.000000
190 0.000000 0.000000 0.000000
191 1 58.127163 73.937606 97.136632 1.000000 1.000000 1.000000 0.000000
191 0.000000 0.000000 0.000000
192 1 32.957241 72.296680 30.114175 1.000000 1.000000 1.000000 0.000000
192 0.000000 0.000000 0.000000
193 1 34.269582 76.493904 187.557105 1.000000 1.000000 1.000000 0.000000
193 0.000000 0.000000 0.000000
194 1 82.042515 35.838915 168.194681 1.000000 1.000000 1.000000 0.000000
194 0.000000 0.000000 0.000000
195 1 19.739322 41.897934 166.442323 1.000000 1.000000 1.000000 0.000000
195 0.000000 0.000000 0.000000
196 1 63.462752 41.543701 120.899341 1.000000 1.000000 1.000000 0.000000
196 0.000000 0.000000 0.000000
197 1 71.187346 8.074796 135.014717 1.000000 1.000000 1.000000 0.000000
197 0.000000 0.000000 0.000000
198 1 6.137804 71.108856 34.709502 1.000000 1.000000 1.000000 0.000000
198 0.000000 0.000000 0.000000
199 1 26.478211 8.281999 158.590869 1.000000 1.000000 1.000000 0.000000
199 0.000000 0.000000 0.000000
200 1 39.128465 22.113398 124.328373 1.000000 1.000000 1.000000 0.000000
200 0.000000 0.000000 0.000000
201 1 11.622667 50.688510 126.432264 1.000000 1.000000 1.000000 0.000000
201 0.000000 0.000000 0.000000
202 1 81.169245 10.587349 12.582953 1.000000 1.000000 1.000000 0.000000
202 0.000000 0.000000 0.000000
203 1 58.172715 93.499598 53.582455 1.000000 1.000000 1.000000 0.000000
203 0.000000 0.000000 0.000000
204 1 28.659016 95.143448 129.262915 1.000000 1.000000 1.000000 0.000000
204 0.000000 0.000000 0.000000
205 1 40.745778 97.167257 36.132419 1.000000 1.000000 1.000000 0.000000
205 0.000000 0.000000 0.000000
206 1 34.788020 5.505724 193.155617 1.000000 1.000000 1.000000 0.000000
206 0.000000 0.000000 0.000000
207 1 40.192206 88.759972 144.585630 1.000000 1.000000 1.000000 0.000000
207 0.000000 0.000000 0.000000
208 1 91.904745 89.713709 104.103863 1.000000 1.000000 1.000000 0.000000
208 0.000000 0.000000 0.000000
209 1 43.150947 90.596141 120.689911 1.000000 1.000000 1.000000 0.000000
209 0.000000 0.000000 0.000000
210 1 92.820190 41.432267 28.367291 1.000000 1.000000 1.000000 0.000000
210 0.000000 0.000000 0.000000
211 1 47.453618 76.371914 76.692948 1.000000 1.000000 1.000000 0.000000
211 0.000000 0.000000 0.000000
212 1 1.973282 0.442096 119.614944 1.000000 1.000000 1.000000 0.000000
212 0.000000 0.000000 0.000000
213 1 9.058559 38.048214 160.513705 1.000000 1.000000 1.000000 0.000000
213 0.000000 0.000000 0.000000
214 1 51.655232 37.859889 20.944938 1.000000 1.000000 1.000000 0.000000
214 0.000000 0.000000 0.000000
215 1 23.957881 29.244291 39.041416 1.000000 1.000000 1.000000 0.000000
215 0.000000 0.000000 0.000000
216 1 78.845266 42.008791 116.668237 1.000000 1.000000 1.000000 0.000000
216 0.000000 0.000000 0.000000
217 1 54.824689 21.613917 174.431287 1.000000 1.000000 1.000000 0.000000
217 0.000000 0.000000 0.000000
218 1 36.084645 60.278223 113.681924 1.000000 1.000000 1.000000 0.000000
218 0.000000 0.000000 0.000000
219 1 82.595377 77.649228 44.439830 1.000000 1.000000 1.000000 0.000000
219 0.000000 0.000000 0.000000
220 1 79.255045 56.464569 70.645935 1.000000 1.000000 1.000000 0.000000
220 0.000000 0.000000 0.000000
221 1 31.865972 30.162970 166.929101 1.000000 1.000000 1.000000 0.000000
221 0.000000 0.000000 0.000000
222 1 39.045761 23.741854 85.504108 1.000000 1.000000 1.000000 0.000000
222 0.000000 0.000000 0.000000
223 1 84.201414 77.328075 138.168310 1.000000 1.000000 1.000000 0.000000
223 0.000000 0.000000 0.000000
224 1 47.743614 10.941504 167.774474 1.000000 1.000000 1.000000 0.000000
224 0.000000 0.000000 0.000000
225 1 37.236106 21.098456 76.988956 1.000000 1.000000 1.000000 0.000000
225 0.000000 0.000000 0.000000
226 1 25.553311 94.323667 49.865849 1.000000 1.000000 1.000000 0.000000
226 0.000000 0.000000 0.000000
227 1 30.320237 12.264446 174.895959 1.000000 1.000000 1.000000 0.000000
227 0.000000 0.000000 0.000000
228 1 67.381775 68.746274 28.049627 1.000000 1.000000 1.000000 0.000000
228 0.000000 0.000000 0.000000
229 1 42.612497 65.893262 31.272873 1.000000 1.000000 1.000000 0.000000
229 0.000000 0.000000 0.000000
230 1 38.218808 28.148523 8.575289 1.000000 1.000000 1.000000 0.000000
230 0.000000 0.000000 0.000000
231 1 88.782879 39.073350 16.744076 1.000000 1.000000 1.000000 0.000000
231 0.000000 0.000000 0.000000
232 1 94.871952 63.908285 93.341751 1.000000 1.000000 1.000000 0.000000
232 0.000000 0.000000 0.000000
233 1 32.202432 86.070031 37.808737 1.000000 1.000000 1.000000 0.000000
233 0.000000 0.000000 0.000000
234 1 14.118881 2.275979 119.109399 1.000000 1.000000 1.000000 0.000000
234 0.000000 0.000000 0.000000
235 1 11.210115 71.079238 13.624350 1.000000 1.000000 1.000000 0.000000
235 0.000000 0.000000 0.000000
236 1 56.276638 16.810133 199.588462 1.000000 1.000000 1.000000 0.000000
236 0.000000 0.000000 0.000000
237 1 22.280501 58.055540 71.186356 1.000000 1.000000 1.000000 0.000000
237 0.000000 0.000000 0.000000
238 1 6.134985 68.736806 119.112297 1.000000 1.000000 1.000000 0.000000
238 0.000000 0.000000 0.000000
239 1 13.674743 60.065227 189.163421 1.000000 1.000000 1.000000 0.000000
239 0.000000 0.000000 0.000000
240 1 47.011011 37.647574 51.245813 1.000000 1.000000 1.000000 0.000000
240 0.000000 0.000000 0.000000
241 1 98.261749 30.582359 43.772046 1.000000 1.000000 1.000000 0.000000
241 0.000000 0.000000 0.000000
242 1 26.966559 97.540992 76.248007 1.000000 1.000000 1.000000 0.000000
242 0.000000 0.000000 0.000000
243 1 97.075335 30.432270 76.914744 1.000000 1.000000 1.000000 0.000000
243 0.000000 0.000000 0.000000
244 1 96.437786 55.439466 51.441090 1.000000 1.000000 1.000000 0.000000
244 0.000000 0.000000 0.000000
245 1 73.793002 10.922064 30.299284 1.000000 1.000000 1.000000 0.000000
245 0.000000 0.000000 0.000000
246 1 27.448723 33.873125 96.413755 1.000000 1.000000 1.000000 0.000000
246 0.000000 0.000000 0.000000
247 1 14.642660 23.714533 114.061154 1.000000 1.000000 1.000000 0.000000
247 0.000000 0.000000 0.000000
248 1 85.534583 46.914220 63.296231 1.000000 1.000000 1.000000 0.000000
248 0.000000 0.000000 0.000000
249 1 62.029023 81.197836 20.453618 1.000000 1.000000 1.000000 0.000000
249 0.000000 0.000000 0.000000
250 1 3.241324 91.166085 107.127545 1.000000 1.000000 1.000000 0.000000
250 0.000000 0.000000 0.000000
251 1 64.456571 8.641804 116.591492 1.000000 1.000000 1.000000 0.000000
251 0.000000 0.000000 0.000000
252 1 3.260502 55.046913 64.347336 1.000000 1.000000 1.000000 0.000000
252 0.000000 0.000000 0.000000
253 1 68.368483 70.163212 58.008834 1.000000 1.000000 1.000000 0.000000
253 0.000000 0.000000 0.000000
254 1 80.901310 45.874023 163.916628 1.000000 1.000000 1.000000 0.000000
254 0.000000 0.000000 0.000000
255 1 4.285714 31.618687 49.677209 1.000000 1.000000 1.000000 0.000000
255 0.000000 0.000000 0.000000
256 1 76.758049 35.598814 142.080411 1.000000 1.000000 1.000000 0.000000
256 0.000000 0.000000 0.000000
257 1 79.416617 68.845736 1.129000 1.000000 1.000000 1.000000 0.000000
257 0.000000 0.000000 0.000000
258 1 35.224541 3.961814 134.177020 1.000000 1.000000 1.000000 0.000000
258 0.000000 0.000000 0.000000
259 1 50.259278 21.155168 88.455458 1.000000 1.000000 1.000000 0.000000
259 0.000000 0.000000 0.000000
260 1 99.433346 54.769062 167.066217 1.000000 1.000000 1.000000 0.000000
260 0.000000 0.000000 0.000000
261 1 4.614771 83.070371 191.690173 1.000000 1.000000 1.000000 0.000000
261 0.000000 0.000000 0.000000
262 1 66.476688 21.885073 66.859779 1.000000 1.000000 1.000000 0.000000
262 0.000000 0.000000 0.000000
263 1 44.344658 82.549503 174.513779 1.000000 1.000000 1.000000 0.000000
263 0.000000 0.000000 0.000000
264 1 7.832716 57.905174 20.872129 1.000000 1.000000 1.000000 0.000000
264 0.000000 0.000000 0.000000
265 1 65.010640 62.580055 50.906811 1.000000 1.000000 1.000000 0.000000
265 0.000000 0.000000 0.000000
266 1 13.672776 19.148298 137.987978 1.000000 1.000000 1.000000 0.000000
266 0.000000 0.000000 0.000000
267 1 91.199538 52.599532 153.137949 1.000000 1.000000 1.000000 0.000000
267 0.000000 0.000000 0.000000
268 1 95.169735 73.249134 176.774738 1.000000 1.000000 1.000000 0.000000
268 0.000000 0.000000 0.000000
269 1 78.955962 39.082202 105.369911 1.000000 1.000000 1.000000 0.000000
269 0.000000 0.000000 0.000000
270 1 32.759643 17.973614 39.959015 1.000000 1.000000 1.000000 0.000000
270 0.000000 0.000000 0.000000
271 1 12.454396 26.199685 180.267767 1.000000 1.000000 1.000000 0.000000
271 0.000000 0.000000 0.000000
272 1 35.141857 24.684232 55.976211 1.000000 1.000000 1.000000 0.000000
272 0.000000 0.000000 0.000000
273 1 49.630888 89.742810 192.844198 1.000000 1.000000 1.000000 0.000000
273 0.000000 0.000000 0.000000
274 1 76.062977 67.420582 41.275687 1.000000 1.000000 1.000000 0.000000
274 0.000000 0.000000 0.000000
275 1 20.213150 4.173386 75.518498 1.000000 1.000000 1.000000 0.000000
275 0.000000 0.000000 0.000000
276 1 60.578703 78.799173 94.769804 1.000000 1.000000 1.000000 0.000000
276 0.000000 0.000000 0.000000
277 1 75.842597 85.144268 162.374764 1.000000 1.000000 1.000000 0.000000
277 0.000000 0.000000 0.000000
278 1 91.458735 93.159054 112.665140 1.000000 1.000000 1.000000 0.000000
278 0.000000 0.000000 0.000000
279 1 7.478555 91.882312 61.985467 1.000000 1.000000 1.000000 0.000000
279 0.000000 0.000000 0.000000
280 1 77.126029 23.198633 116.374522 1.000000 1.000000 1.000000 0.000000
280 0.000000 0.000000 0.000000
281 1 89.151098 20.791472 158.625439 1.000000 1.000000 1.000000 0.000000
281 0.000000 0.000000 0.000000
282 1 5.030885 88.201468 24.911719 1.000000 1.000000 1.000000 0.000000
282 0.000000 0.000000 0.000000
283 1 49.947062 38.534178 59.994113 1.000000 1.000000 1.000000 0.000000
283 0.000000 0.000000 0.000000
284 1 85.883305 37.962490 10.191056 1.000000 1.000000 1.000000 0.000000
284 0.000000 0.000000 0.000000
285 1 60.332340 89.992941 60.231345 1.000000 1.000000 1.000000 0.000000
285 0.000000 0.000000 0.000000
286 1 49.255679 62.027278 47.643534 1.000000 1.000000 1.000000 0.000000
286 0.000000 0.000000 0.000000
287 1 45.613814 62.964279 50.966703 1.000000 1.000000 1.000000 0.000000
287 0.000000 0.000000 0.000000
288 1 29.506686 32.966005 74.630903 1.000000 1.000000 1.000000 0.000000
288 0.000000 0.000000 0.000000
289 1 11.694301 50.602136 95.536135 1.000000 1.000000 1.000000 0.000000
289 0.000000 0.000000 0.000000
290 1 66.705857 3.156542 84.353745 1.000000 1.000000 1.000000 0.000000
290 0.000000 0.000000 0.000000
291 1 62.745355 16.825836 64.373190 1.000000 1.000000 1.000000 0.000000
291 0.000000 0.000000 0.000000
292 1 2.129582 70.423756 104.737896 1.000000 1.000000 1.000000 0.000000
292 0.000000 0.000000 0.000000
293 1 2.710914 0.747689 66.711336 1.000000 1.000000 1.000000 0.000000
293 0.000000 0.000000 0.000000
294 1 28.344185 52.540324 100.314608 1.000000 1.000000 1.000000 0.000000
294 0.000000 0.000000 0.000000
295 1 18.602974 40.259745 106.287124 1.000000 1.000000 1.000000 0.000000
295 0.000000 0.000000 0.000000
296 1 21.629469 71.711092 51.696729 1.000000 1.000000 1.000000 0.000000
296 0.000000 0.000000 0.000000
297 1 21.893280 9.039241 173.221929 1.000000 1.000000 1.000000 0.000000
297 0.000000 0.000000 0.000000
298 1 71.043426 1.461970 96.153757 1.000000 1.000000 1.000000 0.000000
298 0.000000 0.000000 0.000000
299 1 61.823431 34.421446 8.469628 1.000000 1.000000 1.000000 0.000000
299 0.000000 0.000000 0.000000
300 1 88.149246 77.347002 34.451853 1.000000 1.000000 1.000000 0.000000
300 0.000000 0.000000 0.000000
301 1 73.906539 23.997749 58.496666 1.000000 1.000000 1.000000 0.000000
301 0.000000 0.000000 0.000000
302 1 56.113953 31.745716 1.867754 1.000000 1.000000 1.000000 0.000000
302 0.000000 0.000000 0.000000
303 1 42.901384 78.091846 182.628864 1.000000 1.000000 1.000000 0.000000
303 0.000000 0.000000 0.000000
304 1 24.566343 24.368272 39.301971 1.000000 1.000000 1.000000 0.000000
304 0.000000 0.000000 0.000000
305 1 54.975370 1.592435 114.794964 1.000000 1.000000 1.000000 0.000000
305 0.000000 0.000000 0.000000
306 1 55.268121 59.730022 80.595357 1.000000 1.000000 1.000000 0.000000
306 0.000000 0.000000 0.000000
307 1 42.528734 54.781738 113.212182 1.000000 1.000000 1.000000 0.000000
307 0.000000 0.000000 0.000000
308 1 27.330650 89.923055 171.178119 1.000000 1.000000 1.000000 0.000000
308 0.000000 0.000000 0.000000
309 1 5.401349 2.742096 189.902540 1.000000 1.000000 1.000000 0.000000
309 0.000000 0.000000 0.000000
310 1 26.189911 98.856187 125.597500 1.000000 1.000000 1.000000 0.000000
310 0.000000 0.000000 0.000000
311 1 94.580204 94.287493 152.507175 1.000000 1.000000 1.000000 0.000000
311 0.000000 0.000000 0.000000
312 1 31.798272 37.517991 37.697607 1.000000 1.000000 1.000000 0.000000
312 0.000000 0.000000 0.000000
313 1 50.031695 10.761044 154.348984 1.000000 1.000000 1.000000 0.000000
313 0.000000 0.000000 0.000000
314 1 56.545059 77.830598 33.128033 1.000000 1.000000 1.000000 0.000000
314 0.000000 0.000000 0.000000
315 1 67.173306 28.461626 65.397061 1.000000 1.000000 1.000000 0.000000
315 0.000000 0.000000 0.000000
316 1 98.106454 82.709024 163.910178 1.000000 1.000000 1.000000 0.000000
316 0.000000 0.000000 0.000000
317 1 80.724173 55.844512 13.475076 1.000000 1.000000 1.000000 0.000000
317 0.000000 0.000000 0.000000
318 1 5.716357 24.131689 130.982635 1.000000 1.000000 1.000000 0.000000
318 0.000000 0.000000 0.000000
319 1 97.407766 31.424022 125.101549 1.000000 1.000000 1.000000 0.000000
319 0.000000 0.000000 0.000000
320 1 42.938734 19.992395 110.106906 1.000000 1.000000 1.000000 0.000000
320 0.000000 0.000000 0.000000
321 1 13.371822 11.998908 136.279960 1.000000 1.000000 1.000000 0.000000
321 0.000000 0.000000 0.000000
322 1 4.974934 2.266892 2.942167 1.000000 1.000000 1.000000 0.000000
322 0.000000 0.000000 0.000000
323 1 84.094323 39.053494 125.134818 1.000000 1.000000 1.000000 0.000000
323 0.000000 0.000000 0.000000
324 1 56.948153 80.345618 54.128633 1.000000 1.000000 1.000000 0.000000
324 0.000000 0.000000 0.000000
325 1 46.904713 48.544053 89.318976 1.000000 1.000000 1.000000 0.000000
325 0.000000 0.000000 0.000000
326 1 92.758258 59.352125 39.297956 1.000000 1.000000 1.000000 0.000000
326 0.000000 0.000000 0.000000
327 1 5.281528 68.845015 179.128917 1.000000 1.000000 1.000000 0.000000
327 0.000000 0.000000 0.000000
328 1 71.866793 81.367123 140.885537 1.000000 1.000000 1.000000 0.000000
328 0.000000 0.000000 0.000000
329 1 27.616395 3.333817 120.956695 1.000000 1.000000 1.000000 0.000000
329 0.000000 0.000000 0.000000
330 1 51.116624 93.334503 63.192738 1.000000 1.000000 1.000000 0.000000
330 0.000000 0.000000 0.000000
331 1 67.506776 85.179776 53.465617 1.000000 1.000000 1.000000 0.000000
331 0.000000 0.000000 0.000000
332 1 96.433683 56.880943 176.656395 1.000000 1.000000 1.000000 0.000000
332 0.000000 0.000000 0.000000
333 1 85.605366 54.700340 24.255635 1.000000 1.000000 1.000000 0.000000
333 0.000000 0.000000 0.000000
334 1 22.469860 76.618315 95.892971 1.000000 1.000000 1.000000 0.000000
334 0.000000 0.000000 0.000000
335 1 5.511643 49.817809 49.802106 1.000000 1.000000 1.000000 0.000000
335 0.000000 0.000000 0.000000
336 1 63.345706 56.849872 59.941440 1.000000 1.000000 1.000000 0.000000
336 0.000000 0.000000 0.000000
337 1 40.380694 50.842789 103.308873 1.000000 1.000000 1.000000 0.000000
337 0.000000 0.000000 0.000000
338 1 70.785729 34.160330 151.862584 1.000000 1.000000 1.000000 0.000000
338 0.000000 0.000000 0.000000
339 1 88.894583 22.505440 35.224545 1.000000 1.000000 1.000000 0.000000
339 0.000000 0.000000 0.000000
340 1 63.985819 73.770506 165.085927 1.000000 1.000000 1.000000 0.000000
340 0.000000 0.000000 0.000000
341 1 0.975117 89.711209 16.607643 1.000000 1.000000 1.000000 0.000000
341 0.000000 0.000000 0.000000
342 1 85.239087 52.023973 28.557978 1.000000 1.000000 1.000000 0.000000
342 0.000000 0.000000 0.000000
343 1 14.496341 15.931743 96.404449 1.000000 1.000000 1.000000 0.000000
343 0.000000 0.000000 0.000000
344 1 6.587516 94.485243 26.298501 1.000000 1.000000 1.000000 0.000000
344 0.000000 0.000000 0.000000
345 1 49.859992 51.424907 147.920015 1.000000 1.000000 1.000000 0.000000
345 0.000000 0.000000 0.000000
346 1 21.579163 38.084630 65.302970 1.000000 1.000000 1.000000 0.000000
346 0.000000 0.000000 0.000000
347 1 40.197643 87.174277 13.899803 1.000000 1.000000 1.000000 0.000000
347 0.000000 0.000000 0.000000
348 1 92.212098 5.189147 100.504827 1.000000 1.000000 1.000000 0.000000
348 0.000000 0.000000 0.000000
349 1 74.232198 23.275328 141.915703 1.000000 1.000000 1.000000 0.000000
349 0.000000 0.000000 0.000000
350 1 99.591259 28.846498 74.914952 1.000000 1.000000 1.000000 0.000000
350 0.000000 0.000000 0.000000
351 1 31.662858 5.908899 186.499578 1.000000 1.000000 1.000000 0.000000
351 0.000000 0.000000 0.000000
352 1 24.052117 89.567488 156.268877 1.000000 1.000000 1.000000 0.000000
352 0.000000 0.000000 0.000000
353 1 64.205761 58.515995 127.922564 1.000000 1.000000 1.000000 0.000000
353 0.000000 0.000000 0.000000
354 1 56.854939 0.985041 58.291407 1.000000 1.000000 1.000000 0.000000
354 0.000000 0.000000 0.000000
355 1 74.462194 68.489877 112.436506 1.000000 1.000000 1.000000 0.000000
355 0.000000 0.000000 0.000000
356 1 62.983060 97.978517 117.977309 1.000000 1.000000 1.000000 0.000000
356 0.000000 0.000000 0.000000
357 1 35.025952 75.144802 34.540536 1.000000 1.000000 1.000000 0.000000
357 0.000000 0.000000 0.000000
358 1 49.557547 51.673701 122.408720 1.000000 1.000000 1.000000 0.000000
358 0.000000 0.000000 0.000000
359 1 62.779696 46.959892 168.554602 1.000000 1.000000 1.000000 0.000000
359 0.000000 0.000000 0.000000
360 1 76.923598 13.629219 193.040905 1.000000 1.000000 1.000000 0.000000
360 0.000000 0.000000 0.000000
361 1 62.863033 10.040891 98.193059 1.000000 1.000000 1.000000 0.000000
361 0.000000 0.000000 0.000000
362 1 35.489606 75.996733 139.881226 1.000000 1.000000 1.000000 0.000000
362 0.000000 0.000000 0.000000
363 1 21.669305 21.043748 16.672772 1.000000 1.000000 1.000000 0.000000
363 0.000000 0.000000 0.000000
364 1 10.343874 12.818243 108.350415 1.000000 1.000000 1.000000 0.000000
364 0.000000 0.000000 0.000000
365 1 40.755763 75.600388 7.495730 1.000000 1.000000 1.000000 0.000000
365 0.000000 0.000000 0.000000
366 1 91.691380 93.428033 130.532079 1.000000 1.000000 1.000000 0.000000
366 0.000000 0.000000 0.000000
367 1 55.382376 66.302952 47.818934 1.000000 1.000000 1.000000 0.000000
367 0.000000 0.000000 0.000000
368 1 41.884410 90.035307 125.769597 1.000000 1.000000 1.000000 0.000000
368 0.000000 0.000000 0.000000
369 1 7.648685 16.788764 194.531853 1.000000 1.000000 1.000000 0.000000
369 0.000000 0.000000 0.000000
370 1 32.464919 33.371027 117.625450 1.000000 1.000000 1.000000 0.000000
370 0.000000 0.000000 0.000000
371 1 27.208784 59.205396 172.448758 1.000000 1.000000 1.000000 0.000000
371 0.000000 0.000000 0.000000
372 1 4.973714 88.357803 146.535150 1.000000 1.000000 1.000000 0.000000
372 0.000000 0.000000 0.000000
373 1 56.838156 98.134826 120.456536 1.000000 1.000000 1.000000 0.000000
373 0.000000 0.000000 0.000000
374 1 23.877810 3.003440 2.327967 1.000000 1.000000 1.000000 0.000000
374 0.000000 0.000000 0.000000
375 1 85.229710 42.274582 146.986841 1.000000 1.000000 1.000000 0.000000
375 0.000000 0.000000 0.000000
376 1 82.999136 15.416880 159.540147 1.000000 1.000000 1.000000 0.000000
376 0.000000 0.000000 0.000000
377 1 0.094841 67.609503 88.517253 1.000000 1.000000 1.000000 0.000000
377 0.000000 0.000000 0.000000
378 1 2.930511 68.402050 47.521375 1.000000 1.000000 1.000000 0.000000
378 0.000000 0.000000 0.000000
379 1 57.571513 96.144854 77.763613 1.000000 1.000000 1.000000 0.000000
379 0.000000 0.000000 0.000000
380 1 58.625162 87.827193 38.721985 1.000000 1.000000 1.000000 0.000000
380 0.000000 0.000000 0.000000
381 1 5.611841 28.369058 88.152727 1.000000 1.000000 1.000000 0.000000
381 0.000000 0.000000 0.000000
382 1 31.554936 85.466723 165.758433 1.000000 1.000000 1.000000 0.000000
382 0.000000 0.000000 0.000000
383 1 82.004655 31.345586 166.376055 1.000000 1.000000 1.000000 0.000000
383 0.000000 0.000000 0.000000
384 1 32.535401 72.256021 113.262169 1.000000 1.000000 1.000000 0.000000
384 0.000000 0.000000 0.000000
385 1 4.102832 19.909586 158.006625 1.000000 1.000000 1.000000 0.000000
385 0.000000 0.000000 0.000000
386 1 17.326316 25.277965 45.488080 1.000000 1.000000 1.000000 0.000000
386 0.000000 0.000000 0.000000
387 1 78.896821 87.696698 193.403350 1.000000 1.000000 1.000000 0.000000
387 0.000000 0.000000 0.000000
388 1 56.887419 98.710268 167.356087 1.000000 1.000000 1.000000 0.000000
388 0.000000 0.000000 0.000000
389 1 92.681086 70.809397 170.614064 1.000000 1.000000 1.000000 0.000000
389 0.000000 0.000000 0.000000
390 1 38.685568 21.857263 29.174005 1.000000 1.000000 1.000000 0.000000
390 0.000000 0.000000 0.000000
391 1 26.872690 96.527661 46.441897 1.000000 1.000000 1.000000 0.000000
391 0.000000 0.000000 0.000000
392 1 36.351129 98.582342 80.495389 1.000000 1.000000 1.000000 0.000000
392 0.000000 0.000000 0.000000
393 1 1.561867 98.327522 130.434292 1.000000 1.000000 1.000000 0.000000
393 0.000000 0.000000 0.000000
394 1 30.700969 77.009574 173.127600 1.000000 1.000000 1.000000 0.000000
394 0.000000 0.000000 0.000000
395 1 44.463096 62.826145 14.576707 1.000000 1.000000 1.000000 0.000000
395 0.000000 0.000000 0.000000
396 1 40.632980 50.911303 37.914430 1.000000 1.000000 1.000000 0.000000
396 0.000000 0.000000 0.000000
397 1 30.815095 47.912294 56.044333 1.000000 1.000000 1.000000 0.000000
397 0.000000 0.000000 0.000000
398 1 81.725521 84.526566 36.574477 1.000000 1.000000 1.000000 0.000000
398 0.000000 0.000000 0.000000
399 1 55.522541 67.508004 36.452153 1.000000 1.000000 1.000000 0.000000
399 0.000000 0.000000 0.000000
400 1 13.877677 43.336692 24.213437 1.000000 1.000000 1.000000 0.000000
400 0.000000 0.000000 0.000000
401 1 69.019036 9.678002 31.678006 1.000000 1.000000 1.000000 0.000000
401 0.000000 0.000000 0.000000
402 1 80.138284 45.095914 182.263582 1.000000 1.000000 1.000000 0.000000
402 0.000000 0.000000 0.000000
403 1 43.968599 82.059063 115.740159 1.000000 1.000000 1.000000 0.000000
403 0.000000 0.000000 0.000000
404 1 12.429015 0.637079 85.621610 1.000000 1.000000 1.000000 0.000000
404 0.000000 0.000000 0.000000
405 1 88.947314 56.109900 25.154316 1.000000 1.000000 1.000000 0.000000
405 0.000000 0.000000 0.000000
406 1 44.703650 23.052432 127.205134 1.000000 1.000000 1.000000 0.000000
406 0.000000 0.000000 0.000000
407 1 95.951424 14.855193 191.623810 1.000000 1.000000 1.000000 0.000000
407 0.000000 0.000000 0.000000
408 1 82.811432 36.825346 74.326562 1.000000 1.000000 1.000000 0.000000
408 0.000000 0.000000 0.000000
409 1 31.359913 8.413495 129.848310 1.000000 1.000000 1.000000 0.000000
409 0.000000 0.000000 0.000000
410 1 34.856882 27.375469 115.891894 1.000000 1.000000 1.000000 0.000000
410 0.000000 0.000000 0.000000
411 1 63.490901 42.444650 31.857309 1.000000 1.000000 1.000000 0.000000
411 0.000000 0.000000 0.000000
412 1 61.860374 94.355483 134.630503 1.000000 1.000000 1.000000 0.000000
412 0.000000 0.000000 0.000000
413 1 84.721934 36.238787 9.348576 1.000000 1.000000 1.000000 0.000000
413 0.000000 0.000000 0.000000
414 1 11.149550 83.316721 57.926988 1.000000 1.000000 1.000000 0.000000
414 0.000000 0.000000 0.000000
415 1 4.342337 7.575752 57.076779 1.000000 1.000000 1.000000 0.000000
415 0.000000 0.000000 0.000000
416 1 47.055488 0.915568 198.362934 1.000000 1.000000 1.000000 0.000000
416 0.000000 0.000000 0.000000
417 1 77.421993 41.437972 152.610131 1.000000 1.000000 1.000000 0.000000
417 0.000000 0.000000 0.000000
418 1 31.248042 98.541466 35.863404 1.000000 1.000000 1.000000 0.000000
418 0.000000 0.000000 0.000000
419 1 84.153619 78.457418 100.249039 1.000000 1.000000 1.000000 0.000000
419 0.000000 0.000000 0.000000
420 1 1.782861 29.130901 72.795202 1.000000 1.000000 1.000000 0.000000
420 0.000000 0.000000 0.000000
421 1 30.158252 95.667274 190.677453 1.000000 1.000000 1.000000 0.000000
421 0.000000 0.000000 0.000000
422 1 23.252098 21.162297 172.557370 1.000000 1.000000 1.000000 0.000000
422 0.000000 0.000000 0.000000
423 1 59.103495 14.717771 78.304431 1.000000 1.000000 1.000000 0.000000
423 0.000000 0.000000 0.000000
424 1 97.021862 24.181235 158.815641 1.000000 1.000000 1.000000 0.000000
424 0.000000 0.000000 0.000000
425 1 47.542352 29.151273 194.271519 1.000000 1.000000 1.000000 0.000000
425 0.000000 0.000000 0.000000
426 1 42.012725 85.173642 195.391347 1.000000 1.000000 1.000000 0.000000
426 0.000000 0.000000 0.000000
427 1 16.532821 95.102138 174.741859 1.000000 1.000000 1.000000 0.000000
427 0.000000 0.000000 0.000000
428 1 12.056503 34.437439 65.946648 1.000000 1.000000 1.000000 0.000000
428 0.000000 0.000000 0.000000
429 1 53.460077 72.142300 160.594998 1.000000 1.000000 1.000000 0.000000
429 0.000000 0.000000 0.000000
430 1 26.928583 59.332719 2.651978 1.000000 1.000000 1.000000 0.000000
430 0.000000 0.000000 0.000000
431 1 20.767757 37.006490 81.448932 1.000000 1.000000 1.000000 0.000000
431 0.000000 0.000000 0.000000
432 1 46.392013 67.671910 41.852203 1.000000 1.000000 1.000000 0.000000
432 0.000000 0.000000 0.000000
433 1 1.675247 46.074166 164.464517 1.000000 1.000000 1.000000 0.000000
433 0.000000 0.000000 0.000000
434 1 91.283714 37.810194 104.812496 1.000000 1.000000 1.000000 0.000000
434 0.000000 0.000000 0.000000
435 1 47.973506 79.865835 178.125809 1.000000 1.000000 1.000000 0.000000
435 0.000000 0.000000 0.000000
436 1 5.315123 43.217295 71.813337 1.000000 1.000000 1.000000 0.000000
436 0.000000 0.000000 0.000000
437 1 33.364369 16.411313 178.435561 1.000000 1.000000 1.000000 0.000000
437 0.000000 0.000000 0.000000
438 1 6.301667 72.834654 128.867935 1.000000 1.000000 1.000000 0.000000
438 0.000000 0.000000 0.000000
439 1 35.214603 97.083425 68.778115 1.000000 1.000000 1.000000 0.000000
439 0.000000 0.000000 0.000000
440 1 39.543320 79.700644 74.257469 1.000000 1.000000 1.000000 0.000000
440 0.000000 0.000000 0.000000
441 1 93.954022 63.872982 118.137371 1.000000 1.000000 1.000000 0.000000
441 0.000000 0.000000 0.000000
442 1 91.549919 83.045992 133.352042 1.000000 1.000000 1.000000 0.000000
442 0.000000 0.000000 0.000000
443 1 38.751702 86.692980 151.649336 1.000000 1.000000 1.000000 0.000000
443 0.000000 0.000000 0.000000
444 1 18.960769 85.965089 57.904864 1.000000 1.000000 1.000000 0.000000
444 0.000000 0.000000 0.000000
445 1 32.148897 73.315548 35.376515 1.000000 1.000000 1.000000 0.000000
445 0.000000 0.000000 0.000000
446 1 37.311164 37.626498 77.393904 1.000000 1.000000 1.000000 0.000000
446 0.000000 0.000000 0.000000
447 1 8.061067 53.948742 100.469228 1.000000 1.000000 1.000000 0.000000
447 0.000000 0.000000 0.000000
448 1 73.522115 82.710042 113.867496 1.000000 1.000000 1.000000 0.000000
448 0.000000 0.000000 0.000000
449 1 20.052997 26.433877 77.277046 1.000000 1.000000 1.000000 0.000000
449 0.000000 0.000000 0.000000
450 1 28.822745 49.053262 187.020648 1.000000 1.000000 1.000000 0.000000
450 0.000000 0.000000 0.000000
451 1 72.691763 9.781924 11.668321 1.000000 1.000000 1.000000 0.000000
451 0.000000 0.000000 0.000000
452 1 0.945750 99.513396 52.783353 1.000000 1.000000 1.000000 0.000000
452 0.000000 0.000000 0.000000
453 1 87.847615 11.577345 4.233155 1.000000 1.000000 1.000000 0.000000
453 0.000000 0.000000 0.000000
454 1 39.899025 67.227223 129.091735 1.000000 1.000000 1.000000 0.000000
454 0.000000 0.000000 0.000000
455 1 63.003217 54.422321 115.631104 1.000000 1.000000 1.000000 0.000000
455 0.000000 0.000000 0.000000
456 1 84.082330 99.588739 92.168938 1.000000 1.000000 1.000000 0.000000
456 0.000000 0.000000 0.000000
457 1 95.144361 41.169725 153.706764 1.000000 1.000000 1.000000 0.000000
457 0.000000 0.000000 0.000000
458 1 18.957660 94.197534 83.804476 1.000000 1.000000 1.000000 0.000000
458 0.000000 0.000000 0.000000
459 1 77.484813 31.273831 117.749582 1.000000 1.000000 1.000000 0.000000
459 0.000000 0.000000 0.000000
460 1 12.936170 10.545339 50.395468 1.000000 1.000000 1.000000 0.000000
460 0.000000 0.000000 0.000000
461 1 6.092853 6.431300 34.574524 1.000000 1.000000 1.000000 0.000000
461 0.000000 0.000000 0.000000
462 1 26.742590 83.935886 176.843650 1.000000 1.000000 1.000000 0.000000
462 0.000000 0.000000 0.000000
463 1 97.390411 41.120763 156.809103 1.000000 1.000000 1.000000 0.000000
463 0.000000 0.000000 0.000000
464 1 2.837833 52.979445 62.729099 1.000000 1.000000 1.000000 0.000000
464 0.000000 0.000000 0.000000
465 1 1.770070 85.953638 57.010148 1.000000 1.000000 1.000000 0.000000
465 0.000000 0.000000 0.000000
466 1 49.240484 50.871344 183.513486 1.000000 1.000000 1.000000 0.000000
466 0.000000 0.000000 0.000000
467 1 55.799079 81.884897 162.358470 1.000000 1.000000 1.000000 0.000000
467 0.000000 0.000000 0.000000
468 1 65.048317 82.969943 79.261246 1.000000 1.000000 1.000000 0.000000
468 0.000000 0.000000 0.000000
469 1 44.571775 89.306452 10.399102 1.000000 1.000000 1.000000 0.000000
469 0.000000 0.000000 0.000000
470 1 8.480004 10.869953 159.914549 1.000000 1.000000 1.000000 0.000000
470 0.000000 0.000000 0.000000
471 1 77.772458 76.234059 105.729469 1.000000 1.000000 1.000000 0.000000
471 0.000000 0.000000 0.000000
472 1 83.898696 95.487037 143.537669 1.000000 1.000000 1.000000 0.000000
472 0.000000 0.000000 0.000000
473 1 34.741751 63.559157 49.129829 1.000000 1.000000 1.000000 0.000000
473 0.000000 0.000000 0.000000
474 1 0.177805 58.321884 3.134264 1.000000 1.000000 1.000000 0.000000
474 0.000000 0.000000 0.000000
475 1 19.741227 81.677313 56.930964 1.000000 1.000000 1.000000 0.000000
475 0.000000 0.000000 0.000000
476 1 39.911309 82.724694 102.762731 1.000000 1.000000 1.000000 0.000000
476 0.000000 0.000000 0.000000
477 1 77.537546 99.256130 21.652618 1.000000 1.000000 1.000000 0.000000
477 0.000000 0.000000 0.000000
478 1 99.489192 72.571208 102.841921 1.000000 1.000000 1.000000 0.000000
478 0.000000 0.000000 0.000000
479 1 59.009907 78.428133 182.005676 1.000000 1.000000 1.000000 0.000000
479 0.000000 0.000000 0.000000
480 1 24.145451 16.714424 41.742560 1.000000 1.000000 1.000000 0.000000
480 0.000000 0.000000 0.000000
481 1 96.446023 4.189398 183.923438 1.000000 1.000000 1.000000 0.000000
481 0.000000 0.000000 0.000000
482 1 78.909657 91.834998 77.187445 1.000000 1.000000 1.000000 0.000000
482 0.000000 0.000000 0.000000
483 1 94.729135 47.052354 20.846469 1.000000 1.000000 1.000000 0.000000
483 0.000000 0.000000 0.000000
484 1 78.978431 6.127610 39.774455 1.000000 1.000000 1.000000 0.000000
484 0.000000 0.000000 0.000000
485 1 91.269253 16.958701 171.195729 1.000000 1.000000 1.000000 0.000000
485 0.000000 0.000000 0.000000
486 1 35.106456 20.678429 97.519985 1.000000 1.000000 1.000000 0.000000
486 0.000000 0.000000 0.000000
487 1 59.813945 52.275622 2.551908 1.000000 1.000000 1.000000 0.000000
487 0.000000 0.000000 0.000000
488 1 4.047114 56.495635 81.350206 1.000000 1.000000 1.000000 0.000000
488 0.000000 0.000000 0.000000
489 1 86.068145 37.891255 44.102645 1.000000 1.000000 1.000000 0.000000
489 0.000000 0.000000 0.000000
490 1 72.020920 40.436499 156.647837 1.000000 1.000000 1.000000 0.000000
490 0.000000 0.000000 0.000000
491 1 61.525709 85.964442 77.557438 1.000000 1.000000 1.000000 0.000000
491 0.000000 0.000000 0.000000
492 1 71.485667 12.638468 197.488154 1.000000 1.000000 1.000000 0.000000
492 0.000000 0.000000 0.000000
493 1 86.796752 54.751414 24.878438 1.000000 1.000000 1.000000 0.000000
493 0.000000 0.000000 0.000000
494 1 56.288250 7.776215 13.287556 1.000000 1.000000 1.000000 0.000000
494 0.000000 0.000000 0.000000
495 1 34.149904 3.891437 18.643650 1.000000 1.000000 1.000000 0.000000
495 0.000000 0.000000 0.000000
496 1 73.499452 35.621009 171.305213 1.000000 1.000000 1.000000 0.000000
496 0.000000 0.000000 0.000000
497 1 7.695673 92.169787 6.405185 1.000000 1.000000 1.000000 0.000000
497 0.000000 0.000000 0.000000
498 1 21.977815 69.379287 180.767094 1.000000 1.000000 1.000000 0.000000
498 0.000000 0.000000 0.000000
499 1 3.093155 81.024595 80.317060 1.000000 1.000000 1.000000 0.000000
499 0.000000 0.000000 0.000000
