RESTART FILE
Timestep: 0

NUMBER OF PARTICLES
500

SIMULATION BOX
100 100 200

TIMESTEP
0.1

ATTRACTION RADIUS
1
0 

AGGREGATES/BEADS
0 1 98.697721 58.924008 18.692691 1.000000 1.000000 1.000000 0.000000
0 0.000000 0.000000 0.000000
1 1 61.331587 26.933732 139.190211 1.000000 1.000000 1.000000 0.000000
1 0.000000 0.000000 0.000000
2 1 27.599320 12.006954 39.687904 1.000000 1.000000 1.000000 0.000000
2 0.000000 0.000000 0.000000
3 1 97.476072 0.412543 140.480775 1.000000 1.000000 1.000000 0.000000
3 0.000000 0.000000 0.000000
4 1 32.555356 94.671373 100.617459 1.000000 1.000000 1.000000 0.000000
4 0.000000 0.000000 0.000000
5 1 35.990511 83.392257 164.578416 1.000000 1.000000 1.000000 0.000000
5 0.000000 0.000000 0.000000
6 1 87.762809 7.947991 191.212650 1.000000 1.000000 1.000000 0.000000
6 0.000000 0.000000 0.000000
7 1 61.616873 12.227593 133.095993 1.000000 1.000000 1.000000 0.000000
7 0.000000 0.000000 0.000000
8 1 51.676871 13.201658 122.344050 1.000000 1.000000 1.000000 0.000000
8 0.000000 0.000000 0.000000
9 1 49.131206 12.659822 56.468004 1.000000 1.000000 1.000000 0.000000
9 0.000000 0.000000 0.000000
10 1 99.831008 90.781476 62.110268 1.000000 1.000000 1.000000 0.000000
10 0.000000 0.000000 0.000000
11 1 41.684542 73.378340 24.053266 1.000000 1.000000 1.000000 0.000000
11 0.000000 0.000000 0.000000
12 1 96.011276 81.437170 63.475554 1.000000 1.000000 1.000000 0.000000
12 0.000000 0.000000 0.000000
13 1 74.628820 72.522211 20.129785 1.000000 1.000000 1.000000 0.000000
13 0.000000 0.000000 0.000000
14 1 21.189889 47.102265 7.614972 1.000000 1.000000 1.000000 0.000000
14 0.000000 0.000000 0.000000
15 1 66.832677 44.581998 182.766321 1.000000 1.000000 1.000000 0.000000
15 0.000000 0.000000 0.000000
16 1 51.970023 72.389232 9.845335 1.000000 1.000000 1.000000 0.000000
16 0.000000 0.000000 0.000000
17 1 81.981041 83.385666 89.614831 1.000000 1.000000 1.000000 0.000000
17 0.000000 0.000000 0.000000
18 1 82.004247 96.033782 177.088225 1.000000 1.000000 1.000000 0.000000
18 0.000000 0.000000 0.000000
19 1 46.490455 62.835377 160.995302 1.000000 1.000000 1.000000 0.000000
19 0.000000 0.000000 0.000000
20 1 1.834252 1.483450 132.343879 1.000000 1.000000 1.000000 0.000000
20 0.000000 0.000000 0.000000
21 1 3.619443 31.930610 34.384700 1.000000 1.000000 1.000000 0.000000
21 0.000000 0.000000 0.000000
22 1 68.788669 35.369032 139.252513 1.000000 1.000000 1.000000 0.000000
22 0.000000 0.000000 0.000000
23 1 67.628612 61.902496 94.621191 1.000000 1.000000 1.000000 0.000000
23 0.000000 0.000000 0.000000
24 1 6.784249 53.178316 66.351430 1.000000 1.000000 1.000000 0.000000
24 0.000000 0.000000 0.000000
25 1 85.936691 82.132300 91.715951 1.000000 1.000000 1.000000 0.000000
25 0.000000 0.000000 0.000000
26 1 99.604538 16.454069 45.955580 1.000000 1.000000 1.000000 0.000000
26 0.000000 0.000000 0.000000
27 1 55.363989 61.434079 195.668641 1.000000 1.000000 1.000000 0.000000
27 0.000000 0.000000 0.000000
28 1 56.507767 74.435925 72.416756 1.000000 1.000000 1.000000 0.000000
28 0.000000 0.000000 0.000000
29 1 32.267830 6.672371 45.816424 1.000000 1.000000 1.000000 0.000000
29 0.000000 0.000000 0.000000
30 1 29.173556 35.393952 180.816958 1.000000 1.000000 1.000000 0.000000
30 0.000000 0.000000 0.000000
31 1 2.010979 47.107464 26.231925 1.000000 1.000000 1.000000 0.000000
31 0.000000 0.000000 0.000000
32 1 8.647099 73.085988 186.760023 1.000000 1.000000 1.000000 0.000000
32 0.000000 0.000000 0.000000
33 1 89.793647 60.589879 20.173938 1.000000 1.000000 1.000000 0.000000
33 0.000000 0.000000 0.000000
34 1 34.066731 1.186410 72.851709 1.000000 1.000000 1.000000 0.000000
34 0.000000 0.000000 0.000000
35 1 24.674406 6.548854 43.823563 1.000000 1.000000 1.000000 0.000000
35 0.000000 0.000000 0.000000
36 1 94.240475 1.215561 53.004033 1.000000 1.000000 1.000000 0.000000
36 0.000000 0.000000 0.000000
37 1 1.480253 9.724454 136.204829 1.000000 1.000000 1.000000 0.000000
37 0.000000 0.000000 0.000000
38 1 62.342360 77.947348 83.643818 1.000000 1.000000 1.000000 0.000000
38 0.000000 0.000000 0.000000
39 1 48.979523 1.892615 14.411268 1.000000 1.000000 1.000000 0.000000
39 0.000000 0.000000 0.000000
40 1 28.376735 34.670068 69.105173 1.000000 1.000000 1.000000 0.000000
40 0.000000 0.000000 0.000000
41 1 51.506212 26.440938 120.385721 1.000000 1.000000 1.000000 0.000000
41 0.000000 0.000000 0.000000
42 1 25.450696 61.661613 139.276080 1.000000 1.000000 1.000000 0.000000
42 0.000000 0.000000 0.000000
43 1 21.476126 71.821095 17.770361 1.000000 1.000000 1.000000 0.000000
43 0.000000 0.000000 0.000000
44 1 61.278044 58.317918 120.500607 1.000000 1.000000 1.000000 0.000000
44 0.000000 0.000000 0.000000
45 1 77.552225 80.321196 90.978334 1.000000 1.000000 1.000000 0.000000
45 0.000000 0.000000 0.000000
46 1 47.767290 98.277322 54.702528 1.000000 1.000000 1.000000 0.000000
46 0.000000 0.000000 0.000000
47 1 99.324213 54.971925 13.735258 1.000000 1.000000 1.000000 0.000000
47 0.000000 0.000000 0.000000
48 1 43.076254 35.367017 11.731371 1.000000 1.000000 1.000000 0.000000
48 0.000000 0.000000 0.000000
49 1 98.282976 46.585961 36.003070 1.000000 1.000000 1.000000 0.000000
49 0.000000 0.000000 0.000000
50 1 1.974608 65.283931 198.548992 1.000000 1.000000 1.000000 0.000000
50 0.000000 0.000000 0.000000
51 1 17.752843 50.196043 125.726641 1.000000 1.000000 1.000000 0.000000
51 0.000000 0.000000 0.000000
52 1 76.529192 76.567034 133.935664 1.000000 1.000000 1.000000 0.000000
52 0.000000 0.000000 0.000000
53 1 60.466991 82.581578 31.110686 1.000000 1.000000 1.000000 0.000000
53 0.000000 0.000000 0.000000
54 1 35.887339 39.152639 62.347418 1.000000 1.000000 1.000000 0.000000
54 0.000000 0.000000 0.000000
55 1 61.271283 70.361386 114.117894 1.000000 1.000000 1.000000 0.000000
55 0.000000 0.000000 0.000000
56 1 20.719101 66.973924 198.616932 1.000000 1.000000 1.000000 0.000000
56 0.000000 0.000000 0.000000
57 1 93.022515 71.823865 154.215498 1.000000 1.000000 1.000000 0.000000
57 0.000000 0.000000 0.000000
58 1 30.107743 50.813023 63.131095 1.000000 1.000000 1.000000 0.000000
58 0.000000 0.000000 0.000000
59 1 61.074150 74.673329 196.597834 1.000000 1.000000 1.000000 0.000000
59 0.000000 0.000000 0.000000
60 1 8.611203 28.168452 43.223422 1.000000 1.000000 1.000000 0.000000
60 0.000000 0.000000 0.000000
61 1 66.620630 80.385005 197.087345 1.000000 1.000000 1.000000 0.000000
61 0.000000 0.000000 0.000000
62 1 40.394444 17.312991 125.306714 1.000000 1.000000 1.000000 0.000000
62 0.000000 0.000000 0.000000
63 1 12.693584 15.884424 36.126463 1.000000 1.000000 1.000000 0.000000
63 0.000000 0.000000 0.000000
64 1 75.446520 82.134379 71.342285 1.000000 1.000000 1.000000 0.000000
64 0.000000 0.000000 0.000000
65 1 84.759783 1.205706 76.408028 1.000000 1.000000 1.000000 0.000000
65 0.000000 0.000000 0.000000
66 1 53.439568 68.680995 197.623244 1.000000 1.000000 1.000000 0.000000
66 0.000000 0.000000 0.000000
67 1 68.210068 30.048994 15.343716 1.000000 1.000000 1.000000 0.000000
67 0.000000 0.000000 0.000000
68 1 24.433271 20.235543 155.788905 1.000000 1.000000 1.000000 0.000000
68 0.000000 0.000000 0.000000
69 1 86.381170 89.375455 2.045188 1.000000 1.000000 1.000000 0.000000
69 0.000000 0.000000 0.000000
70 1 35.693984 42.117472 103.594551 1.000000 1.000000 1.000000 0.000000
70 0.000000 0.000000 0.000000
71 1 55.775610 67.934077 8.775728 1.000000 1.000000 1.000000 0.000000
71 0.000000 0.000000 0.000000
72 1 9.773977 64.062584 59.673353 1.000000 1.000000 1.000000 0.000000
72 0.000000 0.000000 0.000000
73 1 75.219924 63.955510 56.734356 1.000000 1.000000 1.000000 0.000000
73 0.000000 0.000000 0.000000
74 1 45.435171 21.487858 84.170740 1.000000 1.000000 1.000000 0.000000
74 0.000000 0.000000 0.000000
75 1 97.161364 40.275791 129.797040 1.000000 1.000000 1.000000 0.000000
75 0.000000 0.000000 0.000000
76 1 75.512001 52.914717 35.664388 1.000000 1.000000 1.000000 0.000000
76 0.000000 0.000000 0.000000
77 1 78.117000 34.412242 52.720895 1.000000 1.000000 1.000000 0.000000
77 0.000000 0.000000 0.000000
78 1 12.630520 31.420925 159.294403 1.000000 1.000000 1.000000 0.000000
78 0.000000 0.000000 0.000000
79 1 33.985010 94.667674 9.233144 1.000000 1.000000 1.000000 0.000000
79 0.000000 0.000000 0.000000
80 1 89.773466 88.526529 33.674280 1.000000 1.000000 1.000000 0.000000
80 0.000000 0.000000 0.000000
81 1 82.438749 26.822553 197.344356 1.000000 1.000000 1.000000 0.000000
81 0.000000 0.000000 0.000000
82 1 37.868401 19.162476 151.939190 1.000000 1.000000 1.000000 0.000000
82 0.000000 0.000000 0.000000
83 1 61.929294 8.217348 145.568188 1.000000 1.000000 1.000000 0.000000
83 0.000000 0.000000 0.000000
84 1 86.095585 6.573076 147.510837 1.000000 1.000000 1.000000 0.000000
84 0.000000 0.000000 0.000000
85 1 7.848817 31.701457 102.412202 1.000000 1.000000 1.000000 0.000000
85 0.000000 0.000000 0.000000
86 1 1.322139 77.864158 71.670428 1.000000 1.000000 1.000000 0.000000
86 0.000000 0.000000 0.000000
87 1 76.118536 36.003808 93.361422 1.000000 1.000000 1.000000 0.000000
87 0.000000 0.000000 0.000000
88 1 5.348486 13.581051 152.814283 1.000000 1.000000 1.000000 0.000000
88 0.000000 0.000000 0.000000
89 1 33.371922 21.381547 114.643740 1.000000 1.000000 1.000000 0.000000
89 0.000000 0.000000 0.000000
90 1 3.182388 88.676771 32.547431 1.000000 1.000000 1.000000 0.000000
90 0.000000 0.000000 0.000000
91 1 18.312940 16.700242 36.458303 1.000000 1.000000 1.000000 0.000000
91 0.000000 0.000000 0.000000
92 1 7.226829 62.938844 78.815995 1.000000 1.000000 1.000000 0.000000
92 0.000000 0.000000 0.000000
93 1 52.455007 70.398699 175.566896 1.000000 1.000000 1.000000 0.000000
93 0.000000 0.000000 0.000000
94 1 79.407365 5.899205 88.607921 1.000000 1.000000 1.000000 0.000000
94 0.000000 0.000000 0.000000
95 1 40.004175 11.274449 43.959135 1.000000 1.000000 1.000000 0.000000
95 0.000000 0.000000 0.000000
96 1 79.117035 15.981136 187.909386 1.000000 1.000000 1.000000 0.000000
96 0.000000 0.000000 0.000000
97 1 54.057174 60.059370 19.783748 1.000000 1.000000 1.000000 0.000000
97 0.000000 0.000000 0.000000
98 1 52.516089 14.081718 22.633206 1.000000 1.000000 1.000000 0.000000
98 0.000000 0.000000 0.000000
99 1 63.346740 82.758594 95.111897 1.000000 1.000000 1.000000 0.000000
99 0.000000 0.000000 0.000000
100 1 81.760253 30.634152 11.084743 1.000000 1.000000 1.000000 0.000000
100 0.000000 0.000000 0.000000
101 1 55.199892 91.417183 131.359051 1.000000 1.000000 1.000000 0.000000
101 0.000000 0.000000 0.000000
102 1 46.117151 82.247305 106.855098 1.000000 1.000000 1.000000 0.000000
102 0.000000 0.000000 0.000000
103 1 74.742736 49.032720 129.870024 1.000000 1.000000 1.000000 0.000000
103 0.000000 0.000000 0.000000
104 1 21.523841 88.104152 58.064560 1.000000 1.000000 1.000000 0.000000
104 0.000000 0.000000 0.000000
105 1 83.288406 43.942905 183.578257 1.000000 1.000000 1.000000 0.000000
105 0.000000 0.000000 0.000000
106 1 85.803949 32.937193 169.285808 1.000000 1.000000 1.000000 0.000000
106 0.000000 0.000000 0.000000
107 1 83.512217 88.663043 44.263043 1.000000 1.000000 1.000000 0.000000
107 0.000000 0.000000 0.000000
108 1 14.176717 39.811605 140.304844 1.000000 1.000000 1.000000 0.000000
108 0.000000 0.000000 0.000000
109 1 18.840543 39.446412 152.529392 1.000000 1.000000 1.000000 0.000000
109 0.000000 0.000000 0.000000
110 1 42.478797 71.141319 5.031298 1.000000 1.000000 1.000000 0.000000
110 0.000000 0.000000 0.000000
111 1 0.319880 96.298949 80.838076 1.000000 1.000000 1.000000 0.000000
111 0.000000 0.000000 0.000000
112 1 42.136736 89.589763 48.002309 1.000000 1.000000 1.000000 0.000000
112 0.000000 0.000000 0.000000
113 1 19.355357 76.907971 138.755920 1.000000 1.000000 1.000000 0.000000
113 0.000000 0.000000 0.000000
114 1 90.919181 56.425880 126.678247 1.000000 1.000000 1.000000 0.000000
114 0.000000 0.000000 0.000000
115 1 87.773304 74.664058 114.391928 1.000000 1.000000 1.000000 0.000000
115 0.000000 0.000000 0.000000
116 1 62.157489 66.019974 96.954696 1.000000 1.000000 1.000000 0.000000
116 0.000000 0.000000 0.000000
117 1 38.397159 56.474145 14.089556 1.000000 1.000000 1.000000 0.000000
117 0.000000 0.000000 0.000000
118 1 10.738754 35.978669 74.714714 1.000000 1.000000 1.000000 0.000000
118 0.000000 0.000000 0.000000
119 1 29.440646 32.671547 181.487899 1.000000 1.000000 1.000000 0.000000
119 0.000000 0.000000 0.000000
120 1 85.139125 73.171813 4.029925 1.000000 1.000000 1.000000 0.000000
120 0.000000 0.000000 0.000000
121 1 41.834005 17.175269 39.298957 1.000000 1.000000 1.000000 0.000000
121 0.000000 0.000000 0.000000
122 1 71.505150 1.507034 148.349503 1.000000 1.000000 1.000000 0.000000
122 0.000000 0.000000 0.000000
123 1 17.505799 77.916161 12.514316 1.000000 1.000000 1.000000 0.000000
123 0.000000 0.000000 0.000000
124 1 50.622242 97.645327 175.766386 1.000000 1.000000 1.000000 0.000000
124 0.000000 0.000000 0.000000
125 1 11.901017 52.334453 97.559460 1.000000 1.000000 1.000000 0.000000
125 0.000000 0.000000 0.000000
126 1 5.354509 76.846329 97.611326 1.000000 1.000000 1.000000 0.000000
126 0.000000 0.000000 0.000000
127 1 50.551772 16.177885 188.353466 1.000000 1.000000 1.000000 0.000000
127 0.000000 0.000000 0.000000
128 1 58.054519 34.631203 125.046868 1.000000 1.000000 1.000000 0.000000
128 0.000000 0.000000 0.000000
129 1 68.170403 39.660867 155.304024 1.000000 1.000000 1.000000 0.000000
129 0.000000 0.000000 0.000000
130 1 86.549549 1.705027 124.943263 1.000000 1.000000 1.000000 0.000000
130 0.000000 0.000000 0.000000
131 1 41.326768 8.874218 123.544294 1.000000 1.000000 1.000000 0.000000
131 0.000000 0.000000 0.000000
132 1 35.290093 36.881793 58.853478 1.000000 1.000000 1.000000 0.000000
132 0.000000 0.000000 0.000000
133 1 28.201941 2.587523 67.357832 1.000000 1.000000 1.000000 0.000000
133 0.000000 0.000000 0.000000
134 1 70.093316 41.214487 57.401665 1.000000 1.000000 1.000000 0.000000
134 0.000000 0.000000 0.000000
135 1 97.239818 91.575839 4.206571 1.000000 1.000000 1.000000 0.000000
135 0.000000 0.000000 0.000000
136 1 36.955929 50.008620 96.117312 1.000000 1.000000 1.000000 0.000000
136 0.000000 0.000000 0.000000
137 1 47.781276 75.247265 145.616869 1.000000 1.000000 1.000000 0.000000
137 0.000000 0.000000 0.000000
138 1 91.928349 4.468042 20.027768 1.000000 1.000000 1.000000 0.000000
138 0.000000 0.000000 0.000000
139 1 30.090226 27.947654 187.988395 1.000000 1.000000 1.000000 0.000000
139 0.000000 0.000000 0.000000
140 1 47.303781 66.878577 174.389982 1.000000 1.000000 1.000000 0.000000
140 0.000000 0.000000 0.000000
141 1 62.157404 77.578166 99.950254 1.000000 1.000000 1.000000 0.000000
141 0.000000 0.000000 0.000000
142 1 18.556567 3.203042 101.437738 1.000000 1.000000 1.000000 0.000000
142 0.000000 0.000000 0.000000
143 1 58.694451 47.160562 138.832707 1.000000 1.000000 1.000000 0.000000
143 0.000000 0.000000 0.000000
144 1 25.853030 25.004283 168.126943 1.000000 1.000000 1.000000 0.000000
144 0.000000 0.000000 0.000000
145 1 78.003901 81.198389 157.503953 1.000000 1.000000 1.000000 0.000000
145 0.000000 0.000000 0.000000
146 1 48.010710 50.551351 55.402973 1.000000 1.000000 1.000000 0.000000
146 0.000000 0.000000 0.000000
147 1 78.903235 51.533129 119.558202 1.000000 1.000000 1.000000 0.000000
147 0.000000 0.000000 0.000000
148 1 21.836416 97.530477 150.712716 1.000000 1.000000 1.000000 0.000000
148 0.000000 0.000000 0.000000
149 1 43.455338 50.934788 120.268768 1.000000 1.000000 1.000000 0.000000
149 0.000000 0.000000 0.000000
150 1 42.471939 5.067822 41.259716 1.000000 1.000000 1.000000 0.000000
150 0.000000 0.000000 0.000000
151 1 27.072885 43.031124 174.748942 1.000000 1.000000 1.000000 0.000000
151 0.000000 0.000000 0.000000
152 1 61.230503 81.342463 119.736406 1.000000 1.000000 1.000000 0.000000
152 0.000000 0.000000 0.000000
153 1 47.317189 54.748785 191.534722 1.000000 1.000000 1.000000 0.000000
153 0.000000 0.000000 0.000000
154 1 16.970523 63.062314 113.103959 1.000000 1.000000 1.000000 0.000000
154 0.000000 0.000000 0.000000
155 1 95.162134 30.313114 0.487268 1.000000 1.000000 1.000000 0.000000
155 0.000000 0.000000 0.000000
156 1 81.088723 66.005381 71.490325 1.000000 1.000000 1.000000 0.000000
156 0.000000 0.000000 0.000000
157 1 33.613622 60.120410 134.786094 1.000000 1.000000 1.000000 0.000000
157 0.000000 0.000000 0.000000
158 1 19.146878 29.942721 179.401643 1.000000 1.000000 1.000000 0.000000
158 0.000000 0.000000 0.000000
159 1 66.272742 27.316701 7.340800 1.000000 1.000000 1.000000 0.000000
159 0.000000 0.000000 0.000000
160 1 23.228785 80.459267 26.118996 1.000000 1.000000 1.000000 0.000000
160 0.000000 0.000000 0.000000
161 1 0.507796 69.357623 114.612506 1.000000 1.000000 1.000000 0.000000
161 0.000000 0.000000 0.000000
162 1 16.794722 68.319175 123.641587 1.000000 1.000000 1.000000 0.000000
162 0.000000 0.000000 0.000000
163 1 2.945188 5.882671 7.688383 1.000000 1.000000 1.000000 0.000000
163 0.000000 0.000000 0.000000
164 1 7.388278 5.581370 162.925345 1.000000 1.000000 1.000000 0.000000
164 0.000000 0.000000 0.000000
165 1 14.267497 56.766212 163.590309 1.000000 1.000000 1.000000 0.000000
165 0.000000 0.000000 0.000000
166 1 79.250139 89.415051 89.305160 1.000000 1.000000 1.000000 0.000000
166 0.000000 0.000000 0.000000
167 1 42.596970 5.794849 7.859483 1.000000 1.000000 1.000000 0.000000
167 0.000000 0.000000 0.000000
168 1 93.481248 25.996628 170.947634 1.000000 1.000000 1.000000 0.000000
168 0.000000 0.000000 0.000000
169 1 66.264766 31.644952 42.395574 1.000000 1.000000 1.000000 0.000000
169 0.000000 0.000000 0.000000
170 1 82.875609 66.533725 160.389897 1.000000 1.000000 1.000000 0.000000
170 0.000000 0.000000 0.000000
171 1 83.983374 85.650536 155.519296 1.000000 1.000000 1.000000 0.000000
171 0.000000 0.000000 0.000000
172 1 26.231430 56.682908 92.884395 1.000000 1.000000 1.000000 0.000000
172 0.000000 0.000000 0.000000
173 1 47.059017 49.123395 93.880435 1.000000 1.000000 1.000000 0.000000
173 0.000000 0.000000 0.000000
174 1 57.786858 58.903872 187.730864 1.000000 1.000000 1.000000 0.000000
174 0.000000 0.000000 0.000000
175 1 58.140032 19.081193 146.268558 1.000000 1.000000 1.000000 0.000000
175 0.000000 0.000000 0.000000
176 1 10.867149 29.249727 78.413767 1.000000 1.000000 1.000000 0.000000
176 0.000000 0.000000 0.000000
177 1 77.540596 33.912933 113.877207 1.000000 1.000000 1.000000 0.000000
177 0.000000 0.000000 0.000000
178 1 26.145833 94.479585 194.128109 1.000000 1.000000 1.000000 0.000000
178 0.000000 0.000000 0.000000
179 1 53.917230 69.935618 114.635259 1.000000 1.000000 1.000000 0.000000
179 0.000000 0.000000 0.000000
180 1 47.082980 3.284813 22.530445 1.000000 1.000000 1.000000 0.000000
180 0.000000 0.000000 0.000000
181 1 35.947685 28.867858 185.523038 1.000000 1.000000 1.000000 0.000000
181 0.000000 0.000000 0.000000
182 1 78.136740 86.245077 44.489448 1.000000 1.000000 1.000000 0.000000
182 0.000000 0.000000 0.000000
183 1 24.700054 26.019658 136.921532 1.000000 1.000000 1.000000 0.000000
183 0.000000 0.000000 0.000000
184 1 57.264384 75.100880 63.478714 1.000000 1.000000 1.000000 0.000000
184 0.000000 0.000000 0.000000
185 1 59.921450 12.957106 166.610135 1.000000 1.000000 1.000000 0.000000
185 0.000000 0.000000 0.000000
186 1 99.105909 27.629763 34.229496 1.000000 1.000000 1.000000 0.000000
186 0.000000 0.000000 0.000000
187 1 19.845214 68.318713 53.340716 1.000000 1.000000 1.000000 0.000000
187 0.000000 0.000000 0.000000
188 1 45.433202 96.089769 199.002242 1.000000 1.000000 1.000000 0.000000
188 0.000000 0.000000 0.000000
189 1 81.394055 97.377030 79.721055 1.000000 1.000000 1.000000 0.000000
189 0.000000 0.000000 0.000000
190 1 25.098589 66.497523 61.090903 1.000000 1.000000 1.000000 0.000000
190 0.000000 0.000000 0.000000
191 1 58.605615 59.318319 94.144185 1.000000 1.000000 1.000000 0.000000
191 0.000000 0.000000 0.000000
192 1 49.744254 80.514560 25.980578 1.000000 1.000000 1.000000 0.000000
192 0.000000 0.000000 0.000000
193 1 31.390312 82.690405 198.460828 1.000000 1.000000 1.000000 0.000000
193 0.000000 0.000000 0.000000
194 1 80.669314 32.437328 178.309305 1.000000 1.000000 1.000000 0.000000
194 0.000000 0.000000 0.000000
195 1 22.023762 29.364453 183.358809 1.000000 1.000000 1.000000 0.000000
195 0.000000 0.000000 0.000000
196 1 51.768582 41.450006 111.957792 1.000000 1.000000 1.000000 0.000000
196 0.000000 0.000000 0.000000
197 1 67.038385 12.702140 150.055249 1.000000 1.000000 1.000000 0.000000
197 0.000000 0.000000 0.000000
198 1 95.608079 65.582259 31.980020 1.000000 1.000000 1.000000 0.000000
198 0.000000 0.000000 0.000000
199 1 24.091886 18.138760 154.402400 1.000000 1.000000 1.000000 0.000000
199 0.000000 0.000000 0.000000
200 1 27.096647 39.213779 136.729085 1.000000 1.000000 1.000000 0.000000
200 0.000000 0.000000 0.000000
201 1 14.047723 64.184750 117.564555 1.000000 1.000000 1.000000 0.000000
201 0.000000 0.000000 0.000000
202 1 81.542758 16.000996 2.790442 1.000000 1.000000 1.000000 0.000000
202 0.000000 0.000000 0.000000
203 1 56.344682 3.634980 49.406720 1.000000 1.000000 1.000000 0.000000
203 0.000000 0.000000 0.000000
204 1 22.790164 5.206837 126.832166 1.000000 1.000000 1.000000 0.000000
204 0.000000 0.000000 0.000000
205 1 45.573300 3.510552 35.709344 1.000000 1.000000 1.000000 0.000000
205 0.000000 0.000000 0.000000
206 1 46.976098 3.888316 2.338365 1.000000 1.000000 1.000000 0.000000
206 0.000000 0.000000 0.000000
207 1 33.303147 84.714207 154.801026 1.000000 1.000000 1.000000 0.000000
207 0.000000 0.000000 0.000000
208 1 93.503666 91.801006 80.250981 1.000000 1.000000 1.000000 0.000000
208 0.000000 0.000000 0.000000
209 1 40.901919 91.513765 133.102271 1.000000 1.000000 1.000000 0.000000
209 0.000000 0.000000 0.000000
210 1 83.699763 33.768117 27.635994 1.000000 1.000000 1.000000 0.000000
210 0.000000 0.000000 0.000000
211 1 47.055364 71.438835 69.384011 1.000000 1.000000 1.000000 0.000000
211 0.000000 0.000000 0.000000
212 1 91.670272 90.692539 127.680521 1.000000 1.000000 1.000000 0.000000
212 0.000000 0.000000 0.000000
213 1 18.348679 42.330612 161.305895 1.000000 1.000000 1.000000 0.000000
213 0.000000 0.000000 0.000000
214 1 48.983306 30.310650 25.813703 1.000000 1.000000 1.000000 0.000000
214 0.000000 0.000000 0.000000
215 1 33.098939 25.877449 39.477056 1.000000 1.000000 1.000000 0.000000
215 0.000000 0.000000 0.000000
216 1 91.210105 42.625599 110.638681 1.000000 1.000000 1.000000 0.000000
216 0.000000 0.000000 0.000000
217 1 45.388226 34.590238 171.423391 1.000000 1.000000 1.000000 0.000000
217 0.000000 0.000000 0.000000
218 1 18.766842 46.769313 103.990930 1.000000 1.000000 1.000000 0.000000
218 0.000000 0.000000 0.000000
219 1 87.166322 78.402755 44.049258 1.000000 1.000000 1.000000 0.000000
219 0.000000 0.000000 0.000000
220 1 69.221956 67.086065 60.810587 1.000000 1.000000 1.000000 0.000000
220 0.000000 0.000000 0.000000
221 1 52.370186 36.212060 157.657300 1.000000 1.000000 1.000000 0.000000
221 0.000000 0.000000 0.000000
222 1 32.278859 26.566459 89.802153 1.000000 1.000000 1.000000 0.000000
222 0.000000 0.000000 0.000000
223 1 1.737133 76.140147 133.978358 1.000000 1.000000 1.000000 0.000000
223 0.000000 0.000000 0.000000
224 1 48.249508 27.354045 174.715168 1.000000 1.000000 1.000000 0.000000
224 0.000000 0.000000 0.000000
225 1 46.447824 11.962033 84.733632 1.000000 1.000000 1.000000 0.000000
225 0.000000 0.000000 0.000000
226 1 30.181072 93.759678 59.800212 1.000000 1.000000 1.000000 0.000000
226 0.000000 0.000000 0.000000
227 1 19.883523 5.408902 179.284600 1.000000 1.000000 1.000000 0.000000
227 0.000000 0.000000 0.000000
228 1 82.977496 84.691350 18.651015 1.000000 1.000000 1.000000 0.000000
228 0.000000 0.000000 0.000000
229 1 25.233652 78.528168 37.218432 1.000000 1.000000 1.000000 0.000000
229 0.000000 0.000000 0.000000
230 1 41.791872 35.202076 197.828204 1.000000 1.000000 1.000000 0.000000
230 0.000000 0.000000 0.000000
231 1 92.042714 34.660313 17.830197 1.000000 1.000000 1.000000 0.000000
231 0.000000 0.000000 0.000000
232 1 95.084889 58.798175 95.506005 1.000000 1.000000 1.000000 0.000000
232 0.000000 0.000000 0.000000
233 1 27.665694 94.976483 36.023145 1.000000 1.000000 1.000000 0.000000
233 0.000000 0.000000 0.000000
234 1 7.777732 88.832345 123.658466 1.000000 1.000000 1.000000 0.000000
234 0.000000 0.000000 0.000000
235 1 7.071008 80.847891 194.998578 1.000000 1.000000 1.000000 0.000000
235 0.000000 0.000000 0.000000
236 1 62.348893 20.612535 187.364535 1.000000 1.000000 1.000000 0.000000
236 0.000000 0.000000 0.000000
237 1 4.266905 68.152372 65.696874 1.000000 1.000000 1.000000 0.000000
237 0.000000 0.000000 0.000000
238 1 89.548830 57.650415 110.803002 1.000000 1.000000 1.000000 0.000000
238 0.000000 0.000000 0.000000
239 1 12.208156 56.280736 195.089496 1.000000 1.000000 1.000000 0.000000
239 0.000000 0.000000 0.000000
240 1 46.178190 33.970312 41.136497 1.000000 1.000000 1.000000 0.000000
240 0.000000 0.000000 0.000000
241 1 13.479475 16.418090 30.857242 1.000000 1.000000 1.000000 0.000000
241 0.000000 0.000000 0.000000
242 1 29.668098 95.424059 65.246647 1.000000 1.000000 1.000000 0.000000
242 0.000000 0.000000 0.000000
243 1 99.131521 27.000908 66.471043 1.000000 1.000000 1.000000 0.000000
243 0.000000 0.000000 0.000000
244 1 90.254092 57.403265 58.305022 1.000000 1.000000 1.000000 0.000000
244 0.000000 0.000000 0.000000
245 1 70.813967 4.506523 27.271619 1.000000 1.000000 1.000000 0.000000
245 0.000000 0.000000 0.000000
246 1 36.530741 45.498291 106.004918 1.000000 1.000000 1.000000 0.000000
246 0.000000 0.000000 0.000000
247 1 17.191252 30.604235 105.415149 1.000000 1.000000 1.000000 0.000000
247 0.000000 0.000000 0.000000
248 1 80.757063 42.216356 82.954450 1.000000 1.000000 1.000000 0.000000
248 0.000000 0.000000 0.000000
249 1 65.155368 80.701930 30.959508 1.000000 1.000000 1.000000 0.000000
249 0.000000 0.000000 0.000000
250 1 1.855834 82.996969 105.235922 1.000000 1.000000 1.000000 0.000000
250 0.000000 0.000000 0.000000
251 1 70.209004 12.517909 93.978017 1.000000 1.000000 1.000000 0.000000
251 0.000000 0.000000 0.000000
252 1 12.967780 47.714593 82.130907 1.000000 1.000000 1.000000 0.000000
252 0.000000 0.000000 0.000000
253 1 59.938519 59.801394 56.253040 1.000000 1.000000 1.000000 0.000000
253 0.000000 0.000000 0.000000
254 1 73.488262 45.997319 153.935690 1.000000 1.000000 1.000000 0.000000
254 0.000000 0.000000 0.000000
255 1 11.040997 19.388518 48.029461 1.000000 1.000000 1.000000 0.000000
255 0.000000 0.000000 0.000000
256 1 88.342595 33.825403 148.480364 1.000000 1.000000 1.000000 0.000000
256 0.000000 0.000000 0.000000
257 1 59.506267 59.429772 5.760341 1.000000 1.000000 1.000000 0.000000
257 0.000000 0.000000 0.000000
258 1 47.398860 9.618272 128.384122 1.000000 1.000000 1.000000 0.000000
258 0.000000 0.000000 0.000000
259 1 48.715137 21.918231 84.303787 1.000000 1.000000 1.000000 0.000000
259 0.000000 0.000000 0.000000
260 1 98.939843 48.420424 159.337264 1.000000 1.000000 1.000000 0.000000
260 0.000000 0.000000 0.000000
261 1 9.016049 71.602205 2.286943 1.000000 1.000000 1.000000 0.000000
261 0.000000 0.000000 0.000000
262 1 66.293931 14.790145 67.512095 1.000000 1.000000 1.000000 0.000000
262 0.000000 0.000000 0.000000
263 1 45.683229 73.764200 178.097363 1.000000 1.000000 1.000000 0.000000
263 0.000000 0.000000 0.000000
264 1 97.141801 67.413833 25.358865 1.000000 1.000000 1.000000 0.000000
264 0.000000 0.000000 0.000000
265 1 70.441057 46.464599 48.372370 1.000000 1.000000 1.000000 0.000000
265 0.000000 0.000000 0.000000
266 1 15.299107 20.888091 135.067507 1.000000 1.000000 1.000000 0.000000
266 0.000000 0.000000 0.000000
267 1 93.417002 52.697226 165.414253 1.000000 1.000000 1.000000 0.000000
267 0.000000 0.000000 0.000000
268 1 2.999610 65.537395 178.597269 1.000000 1.000000 1.000000 0.000000
268 0.000000 0.000000 0.000000
269 1 84.043615 32.891167 97.403674 1.000000 1.000000 1.000000 0.000000
269 0.000000 0.000000 0.000000
270 1 29.834063 28.217136 32.828884 1.000000 1.000000 1.000000 0.000000
270 0.000000 0.000000 0.000000
271 1 12.619302 44.613630 179.424363 1.000000 1.000000 1.000000 0.000000
271 0.000000 0.000000 0.000000
272 1 26.139142 23.369093 57.539927 1.000000 1.000000 1.000000 0.000000
272 0.000000 0.000000 0.000000
273 1 61.992439 94.307044 190.427315 1.000000 1.000000 1.000000 0.000000
273 0.000000 0.000000 0.000000
274 1 86.170344 65.459829 44.197104 1.000000 1.000000 1.000000 0.000000
274 0.000000 0.000000 0.000000
275 1 5.014938 2.287569 73.997067 1.000000 1.000000 1.000000 0.000000
275 0.000000 0.000000 0.000000
276 1 80.492438 78.876063 94.124794 1.000000 1.000000 1.000000 0.000000
276 0.000000 0.000000 0.000000
277 1 67.630908 90.264800 150.899418 1.000000 1.000000 1.000000 0.000000
277 0.000000 0.000000 0.000000
278 1 98.633304 94.431595 118.579827 1.000000 1.000000 1.000000 0.000000
278 0.000000 0.000000 0.000000
279 1 13.186808 86.490501 63.704267 1.000000 1.000000 1.000000 0.000000
279 0.000000 0.000000 0.000000
280 1 91.522179 18.370018 113.153791 1.000000 1.000000 1.000000 0.000000
280 0.000000 0.000000 0.000000
281 1 96.714887 29.308825 156.431783 1.000000 1.000000 1.000000 0.000000
281 0.000000 0.000000 0.000000
282 1 16.322696 92.164740 18.330256 1.000000 1.000000 1.000000 0.000000
282 0.000000 0.000000 0.000000
283 1 53.107840 47.301402 74.834533 1.000000 1.000000 1.000000 0.000000
283 0.000000 0.000000 0.000000
284 1 90.074717 33.722425 7.061471 1.000000 1.000000 1.000000 0.000000
284 0.000000 0.000000 0.000000
285 1 82.942888 82.342065 39.109639 1.000000 1.000000 1.000000 0.000000
285 0.000000 0.000000 0.000000
286 1 56.010470 63.232509 65.701508 1.000000 1.000000 1.000000 0.000000
286 0.000000 0.000000 0.000000
287 1 49.903132 62.060489 49.947227 1.000000 1.000000 1.000000 0.000000
287 0.000000 0.000000 0.000000
288 1 28.609567 39.617675 87.524694 1.000000 1.000000 1.000000 0.000000
288 0.000000 0.000000 0.000000
289 1 19.983825 34.778751 96.764668 1.000000 1.000000 1.000000 0.000000
289 0.000000 0.000000 0.000000
290 1 67.920167 95.111292 87.789553 1.000000 1.000000 1.000000 0.000000
290 0.000000 0.000000 0.000000
291 1 82.773396 30.421367 65.771457 1.000000 1.000000 1.000000 0.000000
291 0.000000 0.000000 0.000000
292 1 87.542827 62.895296 109.866143 1.000000 1.000000 1.000000 0.000000
292 0.000000 0.000000 0.000000
293 1 92.674126 2.468057 67.902791 1.000000 1.000000 1.000000 0.000000
293 0.000000 0.000000 0.000000
294 1 30.933684 57.840957 96.859414 1.000000 1.000000 1.000000 0.000000
294 0.000000 0.000000 0.000000
295 1 17.505208 39.457488 98.454876 1.000000 1.000000 1.000000 0.000000
295 0.000000 0.000000 0.000000
296 1 23.480706 65.035373 57.002436 1.000000 1.000000 1.000000 0.000000
296 0.000000 0.000000 0.000000
297 1 12.813827 10.725959 175.719033 1.000000 1.000000 1.000000 0.000000
297 0.000000 0.000000 0.000000
298 1 90.787525 6.009531 92.946628 1.000000 1.000000 1.000000 0.000000
298 0.000000 0.000000 0.000000
299 1 68.185039 45.239544 9.341617 1.000000 1.000000 1.000000 0.000000
299 0.000000 0.000000 0.000000
300 1 85.388879 67.446249 48.975897 1.000000 1.000000 1.000000 0.000000
300 0.000000 0.000000 0.000000
301 1 71.240662 25.868098 44.670411 1.000000 1.000000 1.000000 0.000000
301 0.000000 0.000000 0.000000
302 1 50.347122 30.720289 10.763863 1.000000 1.000000 1.000000 0.000000
302 0.000000 0.000000 0.000000
303 1 48.180245 80.629266 184.808201 1.000000 1.000000 1.000000 0.000000
303 0.000000 0.000000 0.000000
304 1 34.594787 16.978179 50.988067 1.000000 1.000000 1.000000 0.000000
304 0.000000 0.000000 0.000000
305 1 70.058609 99.776510 103.484589 1.000000 1.000000 1.000000 0.000000
305 0.000000 0.000000 0.000000
306 1 47.367835 60.926233 86.416118 1.000000 1.000000 1.000000 0.000000
306 0.000000 0.000000 0.000000
307 1 27.862900 52.512269 117.662344 1.000000 1.000000 1.000000 0.000000
307 0.000000 0.000000 0.000000
308 1 37.849456 89.567054 155.500590 1.000000 1.000000 1.000000 0.000000
308 0.000000 0.000000 0.000000
309 1 8.711295 90.325131 194.076297 1.000000 1.000000 1.000000 0.000000
309 0.000000 0.000000 0.000000
310 1 45.133702 81.540841 115.486309 1.000000 1.000000 1.000000 0.000000
310 0.000000 0.000000 0.000000
311 1 6.058886 86.199321 162.165593 1.000000 1.000000 1.000000 0.000000
311 0.000000 0.000000 0.000000
312 1 38.630156 27.661707 49.922240 1.000000 1.000000 1.000000 0.000000
312 0.000000 0.000000 0.000000
313 1 45.821665 11.584501 150.923740 1.000000 1.000000 1.000000 0.000000
313 0.000000 0.000000 0.000000
314 1 45.303873 72.040032 37.777097 1.000000 1.000000 1.000000 0.000000
314 0.000000 0.000000 0.000000
315 1 62.204332 27.797713 58.302540 1.000000 1.000000 1.000000 0.000000
315 0.000000 0.000000 0.000000
316 1 13.729869 92.513498 157.716344 1.000000 1.000000 1.000000 0.000000
316 0.000000 0.000000 0.000000
317 1 85.814657 50.191606 1.247448 1.000000 1.000000 1.000000 0.000000
317 0.000000 0.000000 0.000000
318 1 2.159208 37.917852 135.688974 1.000000 1.000000 1.000000 0.000000
318 0.000000 0.000000 0.000000
319 1 10.538098 27.725168 136.904822 1.000000 1.000000 1.000000 0.000000
319 0.000000 0.000000 0.000000
320 1 39.672873 19.125747 119.503161 1.000000 1.000000 1.000000 0.000000
320 0.000000 0.000000 0.000000
321 1 4.096982 11.290826 136.196785 1.000000 1.000000 1.000000 0.000000
321 0.000000 0.000000 0.000000
322 1 11.209980 85.190772 195.894096 1.000000 1.000000 1.000000 0.000000
322 0.000000 0.000000 0.000000
323 1 89.994848 50.205593 125.413483 1.000000 1.000000 1.000000 0.000000
323 0.000000 0.000000 0.000000
324 1 54.909591 78.980866 47.130679 1.000000 1.000000 1.000000 0.000000
324 0.000000 0.000000 0.000000
325 1 35.305614 47.736425 93.309129 1.000000 1.000000 1.000000 0.000000
325 0.000000 0.000000 0.000000
326 1 7.155023 67.469893 41.368768 1.000000 1.000000 1.000000 0.000000
326 0.000000 0.000000 0.000000
327 1 5.574930 67.113591 180.587598 1.000000 1.000000 1.000000 0.000000
327 0.000000 0.000000 0.000000
328 1 73.974450 75.447288 155.609605 1.000000 1.000000 1.000000 0.000000
328 0.000000 0.000000 0.000000
329 1 42.365113 90.282261 114.850666 1.000000 1.000000 1.000000 0.000000
329 0.000000 0.000000 0.000000
330 1 61.009807 84.552427 64.548438 1.000000 1.000000 1.000000 0.000000
330 0.000000 0.000000 0.000000
331 1 81.683362 82.906307 82.597129 1.000000 1.000000 1.000000 0.000000
331 0.000000 0.000000 0.000000
332 1 10.983924 42.104929 161.866619 1.000000 1.000000 1.000000 0.000000
332 0.000000 0.000000 0.000000
333 1 75.612363 51.808910 28.871862 1.000000 1.000000 1.000000 0.000000
333 0.000000 0.000000 0.000000
334 1 26.498408 71.517651 95.901915 1.000000 1.000000 1.000000 0.000000
334 0.000000 0.000000 0.000000
335 1 4.251519 61.690249 49.088522 1.000000 1.000000 1.000000 0.000000
335 0.000000 0.000000 0.000000
336 1 64.062149 48.697288 47.795694 1.000000 1.000000 1.000000 0.000000
336 0.000000 0.000000 0.000000
337 1 18.996581 28.674619 107.375087 1.000000 1.000000 1.000000 0.000000
337 0.000000 0.000000 0.000000
338 1 64.655015 33.128354 145.774160 1.000000 1.000000 1.000000 0.000000
338 0.000000 0.000000 0.000000
339 1 96.972789 32.732173 39.154794 1.000000 1.000000 1.000000 0.000000
339 0.000000 0.000000 0.000000
340 1 61.907749 65.790886 159.371512 1.000000 1.000000 1.000000 0.000000
340 0.000000 0.000000 0.000000
341 1 95.064129 97.060288 29.040409 1.000000 1.000000 1.000000 0.000000
341 0.000000 0.000000 0.000000
342 1 89.185678 54.086881 35.931851 1.000000 1.000000 1.000000 0.000000
342 0.000000 0.000000 0.000000
343 1 6.742875 15.688773 105.796825 1.000000 1.000000 1.000000 0.000000
343 0.000000 0.000000 0.000000
344 1 9.395262 89.386126 21.772215 1.000000 1.000000 1.000000 0.000000
344 0.000000 0.000000 0.000000
345 1 41.596772 50.008036 155.368727 1.000000 1.000000 1.000000 0.000000
345 0.000000 0.000000 0.000000
346 1 28.965250 57.872854 54.185038 1.000000 1.000000 1.000000 0.000000
346 0.000000 0.000000 0.000000
347 1 41.452930 77.447947 6.394253 1.000000 1.000000 1.000000 0.000000
347 0.000000 0.000000 0.000000
348 1 87.214217 91.714648 120.127055 1.000000 1.000000 1.000000 0.000000
348 0.000000 0.000000 0.000000
349 1 81.756069 12.999002 142.853553 1.000000 1.000000 1.000000 0.000000
349 0.000000 0.000000 0.000000
350 1 1.800546 22.561386 73.452719 1.000000 1.000000 1.000000 0.000000
350 0.000000 0.000000 0.000000
351 1 35.727850 9.513462 189.292191 1.000000 1.000000 1.000000 0.000000
351 0.000000 0.000000 0.000000
352 1 32.269023 93.933783 154.366021 1.000000 1.000000 1.000000 0.000000
352 0.000000 0.000000 0.000000
353 1 56.140181 47.685793 114.356798 1.000000 1.000000 1.000000 0.000000
353 0.000000 0.000000 0.000000
354 1 52.947686 99.515792 67.438707 1.000000 1.000000 1.000000 0.000000
354 0.000000 0.000000 0.000000
355 1 80.258761 89.505257 111.005253 1.000000 1.000000 1.000000 0.000000
355 0.000000 0.000000 0.000000
356 1 64.742276 8.765882 119.379888 1.000000 1.000000 1.000000 0.000000
356 0.000000 0.000000 0.000000
357 1 35.707627 76.688466 48.283501 1.000000 1.000000 1.000000 0.000000
357 0.000000 0.000000 0.000000
358 1 57.853360 41.447379 121.637839 1.000000 1.000000 1.000000 0.000000
358 0.000000 0.000000 0.000000
359 1 63.388420 36.239550 163.093811 1.000000 1.000000 1.000000 0.000000
359 0.000000 0.000000 0.000000
360 1 75.558698 19.867315 192.470714 1.000000 1.000000 1.000000 0.000000
360 0.000000 0.000000 0.000000
361 1 75.586948 0.705062 104.835380 1.000000 1.000000 1.000000 0.000000
361 0.000000 0.000000 0.000000
362 1 34.842724 77.973383 132.293286 1.000000 1.000000 1.000000 0.000000
362 0.000000 0.000000 0.000000
363 1 18.178463 33.195169 25.910231 1.000000 1.000000 1.000000 0.000000
363 0.000000 0.000000 0.000000
364 1 19.264027 9.668888 103.781026 1.000000 1.000000 1.000000 0.000000
364 0.000000 0.000000 0.000000
365 1 35.987128 70.306850 196.127100 1.000000 1.000000 1.000000 0.000000
365 0.000000 0.000000 0.000000
366 1 0.411535 99.314354 120.281575 1.000000 1.000000 1.000000 0.000000
366 0.000000 0.000000 0.000000
367 1 69.395286 64.496049 46.141967 1.000000 1.000000 1.000000 0.000000
367 0.000000 0.000000 0.000000
368 1 41.056354 1.176486 128.408012 1.000000 1.000000 1.000000 0.000000
368 0.000000 0.000000 0.000000
369 1 96.965206 27.726893 0.672757 1.000000 1.000000 1.000000 0.000000
369 0.000000 0.000000 0.000000
370 1 33.781249 31.938583 110.648502 1.000000 1.000000 1.000000 0.000000
370 0.000000 0.000000 0.000000
371 1 26.496973 64.670389 168.866163 1.000000 1.000000 1.000000 0.000000
371 0.000000 0.000000 0.000000
372 1 10.327702 93.917015 147.118467 1.000000 1.000000 1.000000 0.000000
372 0.000000 0.000000 0.000000
373 1 58.652398 94.341816 122.829036 1.000000 1.000000 1.000000 0.000000
373 0.000000 0.000000 0.000000
374 1 21.261761 8.859428 21.152674 1.000000 1.000000 1.000000 0.000000
374 0.000000 0.000000 0.000000
375 1 88.426816 46.794705 142.331041 1.000000 1.000000 1.000000 0.000000
375 0.000000 0.000000 0.000000
376 1 83.796817 97.238878 145.770204 1.000000 1.000000 1.000000 0.000000
376 0.000000 0.000000 0.000000
377 1 4.169599 57.090499 100.349857 1.000000 1.000000 1.000000 0.000000
377 0.000000 0.000000 0.000000
378 1 96.988714 67.053779 42.182101 1.000000 1.000000 1.000000 0.000000
378 0.000000 0.000000 0.000000
379 1 52.043951 97.578023 92.919021 1.000000 1.000000 1.000000 0.000000
379 0.000000 0.000000 0.000000
380 1 55.095597 89.071155 38.432671 1.000000 1.000000 1.000000 0.000000
380 0.000000 0.000000 0.000000
381 1 15.010614 30.711955 90.283214 1.000000 1.000000 1.000000 0.000000
381 0.000000 0.000000 0.000000
382 1 41.707897 74.402855 167.165388 1.000000 1.000000 1.000000 0.000000
382 0.000000 0.000000 0.000000
383 1 85.557832 33.362754 159.033082 1.000000 1.000000 1.000000 0.000000
383 0.000000 0.000000 0.000000
384 1 19.443830 75.598753 123.602087 1.000000 1.000000 1.000000 0.000000
384 0.000000 0.000000 0.000000
385 1 5.361866 19.034962 157.425154 1.000000 1.000000 1.000000 0.000000
385 0.000000 0.000000 0.000000
386 1 1.899352 23.938310 23.361298 1.000000 1.000000 1.000000 0.000000
386 0.000000 0.000000 0.000000
387 1 94.931412 85.896298 191.979999 1.000000 1.000000 1.000000 0.000000
387 0.000000 0.000000 0.000000
388 1 59.523026 81.948673 174.207595 1.000000 1.000000 1.000000 0.000000
388 0.000000 0.000000 0.000000
389 1 91.920190 68.708312 156.451573 1.000000 1.000000 1.000000 0.000000
389 0.000000 0.000000 0.000000
390 1 22.679380 11.882637 33.242662 1.000000 1.000000 1.000000 0.000000
390 0.000000 0.000000 0.000000
391 1 27.290204 97.018145 52.497051 1.000000 1.000000 1.000000 0.000000
391 0.000000 0.000000 0.000000
392 1 28.039280 90.945245 83.985363 1.000000 1.000000 1.000000 0.000000
392 0.000000 0.000000 0.000000
393 1 93.787470 98.953077 120.076631 1.000000 1.000000 1.000000 0.000000
393 0.000000 0.000000 0.000000
394 1 30.511133 59.397157 173.709234 1.000000 1.000000 1.000000 0.000000
394 0.000000 0.000000 0.000000
395 1 50.297578 68.126190 12.981696 1.000000 1.000000 1.000000 0.000000
395 0.000000 0.000000 0.000000
396 1 43.132190 50.938137 46.974399 1.000000 1.000000 1.000000 0.000000
396 0.000000 0.000000 0.000000
397 1 29.579733 39.787184 52.761363 1.000000 1.000000 1.000000 0.000000
397 0.000000 0.000000 0.000000
398 1 84.561125 76.929406 37.494456 1.000000 1.000000 1.000000 0.000000
398 0.000000 0.000000 0.000000
399 1 47.086997 70.320619 33.655177 1.000000 1.000000 1.000000 0.000000
399 0.000000 0.000000 0.000000
400 1 21.163488 38.090496 12.993887 1.000000 1.000000 1.000000 0.000000
400 0.000000 0.000000 0.000000
401 1 64.679735 19.103241 41.310997 1.000000 1.000000 1.000000 0.000000
401 0.000000 0.000000 0.000000
402 1 87.336473 49.707082 179.445047 1.000000 1.000000 1.000000 0.000000
402 0.000000 0.000000 0.000000
403 1 27.741315 76.747232 120.253903 1.000000 1.000000 1.000000 0.000000
403 0.000000 0.000000 0.000000
404 1 14.352968 95.598786 73.234529 1.000000 1.000000 1.000000 0.000000
404 0.000000 0.000000 0.000000
405 1 0.536082 53.011675 23.074345 1.000000 1.000000 1.000000 0.000000
405 0.000000 0.000000 0.000000
406 1 43.990523 18.575035 112.477774 1.000000 1.000000 1.000000 0.000000
406 0.000000 0.000000 0.000000
407 1 7.850999 1.433078 0.687576 1.000000 1.000000 1.000000 0.000000
407 0.000000 0.000000 0.000000
408 1 70.866429 32.349152 80.287091 1.000000 1.000000 1.000000 0.000000
408 0.000000 0.000000 0.000000
409 1 37.931344 1.304184 127.998488 1.000000 1.000000 1.000000 0.000000
409 0.000000 0.000000 0.000000
410 1 30.032366 26.338614 106.260951 1.000000 1.000000 1.000000 0.000000
410 0.000000 0.000000 0.000000
411 1 61.103041 34.985324 42.628794 1.000000 1.000000 1.000000 0.000000
411 0.000000 0.000000 0.000000
412 1 65.006493 83.827967 120.947753 1.000000 1.000000 1.000000 0.000000
412 0.000000 0.000000 0.000000
413 1 79.477391 11.802437 18.276572 1.000000 1.000000 1.000000 0.000000
413 0.000000 0.000000 0.000000
414 1 98.535355 93.246023 62.617898 1.000000 1.000000 1.000000 0.000000
414 0.000000 0.000000 0.000000
415 1 99.138171 3.095383 60.468565 1.000000 1.000000 1.000000 0.000000
415 0.000000 0.000000 0.000000
416 1 58.205615 79.584427 196.484917 1.000000 1.000000 1.000000 0.000000
416 0.000000 0.000000 0.000000
417 1 83.323435 23.711874 152.467110 1.000000 1.000000 1.000000 0.000000
417 0.000000 0.000000 0.000000
418 1 33.050396 16.472568 52.415537 1.000000 1.000000 1.000000 0.000000
418 0.000000 0.000000 0.000000
419 1 77.170020 80.256843 92.590150 1.000000 1.000000 1.000000 0.000000
419 0.000000 0.000000 0.000000
420 1 99.477614 28.549617 69.739252 1.000000 1.000000 1.000000 0.000000
420 0.000000 0.000000 0.000000
421 1 32.813086 90.832250 191.172305 1.000000 1.000000 1.000000 0.000000
421 0.000000 0.000000 0.000000
422 1 26.444017 41.657275 176.447939 1.000000 1.000000 1.000000 0.000000
422 0.000000 0.000000 0.000000
423 1 74.997735 23.038207 72.024685 1.000000 1.000000 1.000000 0.000000
423 0.000000 0.000000 0.000000
424 1 93.361275 23.928294 163.672738 1.000000 1.000000 1.000000 0.000000
424 0.000000 0.000000 0.000000
425 1 42.155604 20.964351 186.816529 1.000000 1.000000 1.000000 0.000000
425 0.000000 0.000000 0.000000
426 1 37.620737 80.147974 179.669232 1.000000 1.000000 1.000000 0.000000
426 0.000000 0.000000 0.000000
427 1 19.577452 7.378148 161.875721 1.000000 1.000000 1.000000 0.000000
427 0.000000 0.000000 0.000000
428 1 1.620684 41.176288 65.084296 1.000000 1.000000 1.000000 0.000000
428 0.000000 0.000000 0.000000
429 1 55.915935 66.562240 168.238296 1.000000 1.000000 1.000000 0.000000
429 0.000000 0.000000 0.000000
430 1 27.690109 59.881257 2.691804 1.000000 1.000000 1.000000 0.000000
430 0.000000 0.000000 0.000000
431 1 27.958205 40.731613 84.988840 1.000000 1.000000 1.000000 0.000000
431 0.000000 0.000000 0.000000
432 1 59.252062 88.148500 48.689801 1.000000 1.000000 1.000000 0.000000
432 0.000000 0.000000 0.000000
433 1 95.097828 44.265183 156.487515 1.000000 1.000000 1.000000 0.000000
433 0.000000 0.000000 0.000000
434 1 71.634418 40.039161 111.040755 1.000000 1.000000 1.000000 0.000000
434 0.000000 0.000000 0.000000
435 1 35.149752 70.437222 186.832502 1.000000 1.000000 1.000000 0.000000
435 0.000000 0.000000 0.000000
436 1 9.769464 41.946398 70.177309 1.000000 1.000000 1.000000 0.000000
436 0.000000 0.000000 0.000000
437 1 38.397826 18.954028 181.461848 1.000000 1.000000 1.000000 0.000000
437 0.000000 0.000000 0.000000
438 1 5.193070 63.395304 129.240746 1.000000 1.000000 1.000000 0.000000
438 0.000000 0.000000 0.000000
439 1 43.212647 90.360623 72.292637 1.000000 1.000000 1.000000 0.000000
439 0.000000 0.000000 0.000000
440 1 38.385166 86.954764 79.056634 1.000000 1.000000 1.000000 0.000000
440 0.000000 0.000000 0.000000
441 1 98.217787 83.972545 121.229215 1.000000 1.000000 1.000000 0.000000
441 0.000000 0.000000 0.000000
442 1 84.251250 82.563345 142.063718 1.000000 1.000000 1.000000 0.000000
442 0.000000 0.000000 0.000000
443 1 39.193499 87.284958 149.972112 1.000000 1.000000 1.000000 0.000000
443 0.000000 0.000000 0.000000
444 1 5.846226 86.479265 45.996640 1.000000 1.000000 1.000000 0.000000
444 0.000000 0.000000 0.000000
445 1 35.120595 76.441947 41.260887 1.000000 1.000000 1.000000 0.000000
445 0.000000 0.000000 0.000000
446 1 38.839150 24.657084 77.284855 1.000000 1.000000 1.000000 0.000000
446 0.000000 0.000000 0.000000
447 1 15.053385 54.376345 108.237874 1.000000 1.000000 1.000000 0.000000
447 0.000000 0.000000 0.000000
448 1 78.942440 82.934105 114.246388 1.000000 1.000000 1.000000 0.000000
448 0.000000 0.000000 0.000000
449 1 28.375667 12.328984 74.981113 1.000000 1.000000 1.000000 0.000000
449 0.000000 0.000000 0.000000
450 1 32.872112 64.628722 188.672869 1.000000 1.000000 1.000000 0.000000
450 0.000000 0.000000 0.000000
451 1 76.804837 4.891203 13.290705 1.000000 1.000000 1.000000 0.000000
451 0.000000 0.000000 0.000000
452 1 8.512426 91.288943 68.656900 1.000000 1.000000 1.000000 0.000000
452 0.000000 0.000000 0.000000
453 1 91.490288 12.951862 8.595167 1.000000 1.000000 1.000000 0.000000
453 0.000000 0.000000 0.000000
454 1 33.514283 60.704987 121.936176 1.000000 1.000000 1.000000 0.000000
454 0.000000 0.000000 0.000000
455 1 71.177926 58.633230 118.452253 1.000000 1.000000 1.000000 0.000000
455 0.000000 0.000000 0.000000
456 1 98.416170 94.275915 73.324572 1.000000 1.000000 1.000000 0.000000
456 0.000000 0.000000 0.000000
457 1 75.815471 53.950826 160.131946 1.000000 1.000000 1.000000 0.000000
457 0.000000 0.000000 0.000000
458 1 21.410406 4.762552 75.472774 1.000000 1.000000 1.000000 0.000000
458 0.000000 0.000000 0.000000
459 1 85.704957 40.134791 111.875062 1.000000 1.000000 1.000000 0.000000
459 0.000000 0.000000 0.000000
460 1 1.796259 15.064200 56.201161 1.000000 1.000000 1.000000 0.000000
460 0.000000 0.000000 0.000000
461 1 15.227846 7.160013 30.582169 1.000000 1.000000 1.000000 0.000000
461 0.000000 0.000000 0.000000
462 1 29.801276 79.009347 195.455430 1.000000 1.000000 1.000000 0.000000
462 0.000000 0.000000 0.000000
463 1 92.704965 33.200434 159.236274 1.000000 1.000000 1.000000 0.000000
463 0.000000 0.000000 0.000000
464 1 10.386166 41.069057 58.388523 1.000000 1.000000 1.000000 0.000000
464 0.000000 0.000000 0.000000
465 1 1.308846 81.851992 56.337836 1.000000 1.000000 1.000000 0.000000
465 0.000000 0.000000 0.000000
466 1 58.602297 60.524030 177.816581 1.000000 1.000000 1.000000 0.000000
466 0.000000 0.000000 0.000000
467 1 49.369054 67.412708 161.044381 1.000000 1.000000 1.000000 0.000000
467 0.000000 0.000000 0.000000
468 1 53.775337 74.522560 68.590469 1.000000 1.000000 1.000000 0.000000
468 0.000000 0.000000 0.000000
469 1 43.952547 83.535278 21.149177 1.000000 1.000000 1.000000 0.000000
469 0.000000 0.000000 0.000000
470 1 16.700107 14.220977 164.164731 1.000000 1.000000 1.000000 0.000000
470 0.000000 0.000000 0.000000
471 1 75.357739 91.857222 85.370575 1.000000 1.000000 1.000000 0.000000
471 0.000000 0.000000 0.000000
472 1 90.115745 92.584081 145.463878 1.000000 1.000000 1.000000 0.000000
472 0.000000 0.000000 0.000000
473 1 23.886484 65.106401 51.042049 1.000000 1.000000 1.000000 0.000000
473 0.000000 0.000000 0.000000
474 1 5.749057 62.261255 8.268124 1.000000 1.000000 1.000000 0.000000
474 0.000000 0.000000 0.000000
475 1 26.444972 91.256705 37.629556 1.000000 1.000000 1.000000 0.000000
475 0.000000 0.000000 0.000000
476 1 51.971938 82.996110 86.681659 1.000000 1.000000 1.000000 0.000000
476 0.000000 0.000000 0.000000
477 1 83.518191 93.768283 10.413209 1.000000 1.000000 1.000000 0.000000
477 0.000000 0.000000 0.000000
478 1 97.091280 71.694773 90.274848 1.000000 1.000000 1.000000 0.000000
478 0.000000 0.000000 0.000000
479 1 64.925908 73.534585 194.613759 1.000000 1.000000 1.000000 0.000000
479 0.000000 0.000000 0.000000
480 1 30.664655 13.282836 52.302457 1.000000 1.000000 1.000000 0.000000
480 0.000000 0.000000 0.000000
481 1 9.879056 12.159344 175.193174 1.000000 1.000000 1.000000 0.000000
481 0.000000 0.000000 0.000000
482 1 78.481442 90.007015 96.179614 1.000000 1.000000 1.000000 0.000000
482 0.000000 0.000000 0.000000
483 1 91.409830 47.648279 7.632532 1.000000 1.000000 1.000000 0.000000
483 0.000000 0.000000 0.000000
484 1 96.976134 8.061976 55.588816 1.000000 1.000000 1.000000 0.000000
484 0.000000 0.000000 0.000000
485 1 4.353020 10.883975 173.716341 1.000000 1.000000 1.000000 0.000000
485 0.000000 0.000000 0.000000
486 1 41.518975 6.515574 96.466872 1.000000 1.000000 1.000000 0.000000
486 0.000000 0.000000 0.000000
487 1 44.896442 48.344842 188.913905 1.000000 1.000000 1.000000 0.000000
487 0.000000 0.000000 0.000000
488 1 2.170611 45.906363 91.309891 1.000000 1.000000 1.000000 0.000000
488 0.000000 0.000000 0.000000
489 1 93.974741 41.153213 38.146629 1.000000 1.000000 1.000000 0.000000
489 0.000000 0.000000 0.000000
490 1 73.819631 44.284276 159.269472 1.000000 1.000000 1.000000 0.000000
490 0.000000 0.000000 0.000000
491 1 61.912321 87.171766 71.389843 1.000000 1.000000 1.000000 0.000000
491 0.000000 0.000000 0.000000
492 1 74.537305 13.942065 193.846458 1.000000 1.000000 1.000000 0.000000
492 0.000000 0.000000 0.000000
493 1 73.439269 50.608557 27.807762 1.000000 1.000000 1.000000 0.000000
493 0.000000 0.000000 0.000000
494 1 62.050519 96.229735 9.885388 1.000000 1.000000 1.000000 0.000000
494 0.000000 0.000000 0.000000
495 1 29.330486 13.363729 15.880772 1.000000 1.000000 1.000000 0.000000
495 0.000000 0.000000 0.000000
496 1 72.172967 32.129135 178.648110 1.000000 1.000000 1.000000 0.000000
496 0.000000 0.000000 0.000000
497 1 8.540645 93.134275 4.092321 1.000000 1.000000 1.000000 0.000000
497 0.000000 0.000000 0.000000
498 1 23.566308 67.374106 177.163990 1.000000 1.000000 1.000000 0.000000
498 0.000000 0.000000 0.000000
499 1 98.394173 81.350656 72.992016 1.000000 1.000000 1.000000 0.000000
499 0.000000 0.000000 0.000000
