# MagChain 24Nov2011
#timestep n-Chains size1 size2 size3 size4 size5 size6 size7 size8 size9 size10 size11 size12 size13 size14 size15 size16 size17 size18 size19 size20
100 477  456 19 2 0 0 0 0 0 0 0 0 0 0 0 0 0 0 0 0 0
200 461  426 31 4 0 0 0 0 0 0 0 0 0 0 0 0 0 0 0 0 0
300 447  402 37 8 0 0 0 0 0 0 0 0 0 0 0 0 0 0 0 0 0
400 434  382 41 8 3 0 0 0 0 0 0 0 0 0 0 0 0 0 0 0 0
500 423  364 44 12 3 0 0 0 0 0 0 0 0 0 0 0 0 0 0 0 0
600 409  343 47 14 4 1 0 0 0 0 0 0 0 0 0 0 0 0 0 0 0
700 394  319 52 16 6 1 0 0 0 0 0 0 0 0 0 0 0 0 0 0 0
800 384  304 53 19 7 1 0 0 0 0 0 0 0 0 0 0 0 0 0 0 0
900 372  284 59 19 9 1 0 0 0 0 0 0 0 0 0 0 0 0 0 0 0
1000 363  272 57 23 10 1 0 0 0 0 0 0 0 0 0 0 0 0 0 0 0
