RESTART FILE
Timestep: 500

NUMBER OF PARTICLES
423

SIMULATION BOX
100 100 200

TIMESTEP
0.1

ATTRACTION RADIUS
25
0.983094 1.12781 1.19748 1.23785 1.26372 1.28133 1.2939 1.30312 1.31014 1.31562 1.32005 1.32351 1.32648 1.32881 1.33082 1.33244 1.33389 1.33515 1.3363 1.33723 1.33803 1.33868 1.33937 1.33991 1.34042 

AGGREGATES/BEADS
0 1 93.623230 78.985684 42.650545 1.000000 1.000000 1.000000 0.983094
0 0.000000 0.000000 0.000000
1 1 81.545189 1.101142 137.699789 2.000000 2.000000 1.000000 1.127810
1 0.000000 0.000000 0.000000
3 1 88.849243 68.700320 116.778040 1.000000 1.000000 1.000000 0.983094
3 0.000000 0.000000 0.000000
4 1 46.514946 95.262325 118.463612 1.000000 1.000000 1.000000 0.983094
4 0.000000 0.000000 0.000000
5 1 46.035657 70.661428 2.944621 1.000000 1.000000 1.000000 0.983094
5 0.000000 0.000000 0.000000
6 1 84.112173 3.475062 9.635303 1.000000 1.000000 1.000000 0.983094
6 0.000000 0.000000 0.000000
7 1 63.932371 22.287315 147.294751 1.000000 1.000000 1.000000 0.983094
7 0.000000 0.000000 0.000000
8 1 35.216407 1.121016 110.306502 1.000000 1.000000 1.000000 0.983094
8 0.000000 0.000000 0.000000
9 1 50.190611 27.829650 60.075382 1.000000 1.000000 1.000000 0.983094
9 0.000000 0.000000 0.000000
10 1 87.060197 92.639344 23.947029 1.000000 1.000000 1.000000 0.983094
10 0.000000 0.000000 0.000000
11 1 36.743136 61.203767 29.576062 1.000000 1.000000 1.000000 0.983094
11 0.000000 0.000000 0.000000
13 1 43.711397 65.742066 21.351156 1.000000 1.000000 1.000000 0.983094
13 0.000000 0.000000 0.000000
14 1 36.675338 13.690447 13.924606 4.000000 4.000000 1.000000 1.237850
14 0.000000 0.000000 0.000000
15 1 50.377330 74.451475 189.833524 1.000000 1.000000 1.000000 0.983094
15 0.000000 0.000000 0.000000
16 1 60.819222 80.455356 30.309019 1.000000 1.000000 1.000000 0.983094
16 0.000000 0.000000 0.000000
18 1 71.471314 71.861947 168.203062 1.000000 1.000000 1.000000 0.983094
18 0.000000 0.000000 0.000000
19 1 62.063495 47.829858 183.540709 3.000000 3.000000 1.000000 1.197480
19 0.000000 0.000000 0.000000
20 1 84.558710 6.488549 118.922862 1.000000 1.000000 1.000000 0.983094
20 0.000000 0.000000 0.000000
22 1 75.002025 44.712150 131.124939 1.000000 1.000000 1.000000 0.983094
22 0.000000 0.000000 0.000000
23 1 67.465778 42.584546 108.903907 1.000000 1.000000 1.000000 0.983094
23 0.000000 0.000000 0.000000
24 1 16.278023 65.682579 100.581333 1.000000 1.000000 1.000000 0.983094
24 0.000000 0.000000 0.000000
25 1 88.267552 88.768391 70.661248 1.000000 1.000000 1.000000 0.983094
25 0.000000 0.000000 0.000000
26 1 96.360482 43.867395 52.870396 1.000000 1.000000 1.000000 0.983094
26 0.000000 0.000000 0.000000
29 1 37.776560 36.736816 11.767305 2.000000 2.000000 1.000000 1.127810
29 0.000000 0.000000 0.000000
30 1 17.600932 54.217475 192.716858 1.000000 1.000000 1.000000 0.983094
30 0.000000 0.000000 0.000000
31 1 84.313573 39.038337 16.407397 1.000000 1.000000 1.000000 0.983094
31 0.000000 0.000000 0.000000
32 1 99.500204 60.781149 148.302588 1.000000 1.000000 1.000000 0.983094
32 0.000000 0.000000 0.000000
33 1 66.107006 65.014200 31.507478 2.000000 2.000000 1.000000 1.127810
33 0.000000 0.000000 0.000000
36 1 88.116274 96.673776 49.840740 1.000000 1.000000 1.000000 0.983094
36 0.000000 0.000000 0.000000
37 1 90.244872 14.680543 146.979298 1.000000 1.000000 1.000000 0.983094
37 0.000000 0.000000 0.000000
38 1 70.952466 54.087871 77.340782 1.000000 1.000000 1.000000 0.983094
38 0.000000 0.000000 0.000000
39 1 44.463102 94.261843 35.016206 1.000000 1.000000 1.000000 0.983094
39 0.000000 0.000000 0.000000
40 1 92.658312 90.263481 78.403338 2.000000 2.000000 1.000000 1.127810
40 0.000000 0.000000 0.000000
41 1 66.741718 28.368091 94.929266 1.000000 1.000000 1.000000 0.983094
41 0.000000 0.000000 0.000000
44 1 71.344765 65.248871 109.335712 1.000000 1.000000 1.000000 0.983094
44 0.000000 0.000000 0.000000
45 1 44.088011 11.452680 80.957907 1.000000 1.000000 1.000000 0.983094
45 0.000000 0.000000 0.000000
46 1 49.909213 99.037108 46.771035 1.000000 1.000000 1.000000 0.983094
46 0.000000 0.000000 0.000000
47 1 30.298603 60.884359 16.364551 2.000000 2.000000 1.000000 1.127810
47 0.000000 0.000000 0.000000
48 1 68.740456 33.564498 9.171842 1.000000 1.000000 1.000000 0.983094
48 0.000000 0.000000 0.000000
49 1 86.293939 46.243655 24.915952 1.000000 1.000000 1.000000 0.983094
49 0.000000 0.000000 0.000000
50 1 95.254836 70.371346 10.274685 1.000000 1.000000 1.000000 0.983094
50 0.000000 0.000000 0.000000
51 1 13.602613 38.132018 137.342439 1.000000 1.000000 1.000000 0.983094
51 0.000000 0.000000 0.000000
52 1 82.354583 3.421534 164.079905 1.000000 1.000000 1.000000 0.983094
52 0.000000 0.000000 0.000000
53 1 69.738988 97.682310 61.161494 1.000000 1.000000 1.000000 0.983094
53 0.000000 0.000000 0.000000
54 1 28.236326 37.365954 40.892127 1.000000 1.000000 1.000000 0.983094
54 0.000000 0.000000 0.000000
55 1 50.676987 74.119537 117.032668 1.000000 1.000000 1.000000 0.983094
55 0.000000 0.000000 0.000000
56 1 17.266902 63.836430 7.933340 1.000000 1.000000 1.000000 0.983094
56 0.000000 0.000000 0.000000
57 1 82.163378 95.798973 165.223378 1.000000 1.000000 1.000000 0.983094
57 0.000000 0.000000 0.000000
58 1 34.247287 52.484447 37.591422 2.000000 2.000000 1.000000 1.127810
58 0.000000 0.000000 0.000000
60 1 10.315922 33.327189 33.866968 3.000000 3.000000 1.000000 1.197480
60 0.000000 0.000000 0.000000
61 1 66.092480 1.959775 188.843707 1.000000 1.000000 1.000000 0.983094
61 0.000000 0.000000 0.000000
62 1 53.671520 20.737758 104.292118 2.000000 2.000000 1.000000 1.127810
62 0.000000 0.000000 0.000000
63 1 18.415083 7.763340 52.500058 1.000000 1.000000 1.000000 0.983094
63 0.000000 0.000000 0.000000
64 1 46.822845 78.468590 84.055745 2.000000 2.000000 1.000000 1.127810
64 0.000000 0.000000 0.000000
66 1 96.547600 60.486339 6.746082 1.000000 1.000000 1.000000 0.983094
66 0.000000 0.000000 0.000000
67 1 74.645390 21.300233 2.128194 1.000000 1.000000 1.000000 0.983094
67 0.000000 0.000000 0.000000
68 1 36.949604 33.983234 162.637083 2.000000 2.000000 1.000000 1.127810
68 0.000000 0.000000 0.000000
69 1 80.746751 71.089860 2.184865 1.000000 1.000000 1.000000 0.983094
69 0.000000 0.000000 0.000000
70 1 44.700212 57.564600 102.037274 1.000000 1.000000 1.000000 0.983094
70 0.000000 0.000000 0.000000
71 1 63.569511 63.730324 4.184136 2.000000 2.000000 1.000000 1.127810
71 0.000000 0.000000 0.000000
72 1 88.545465 92.727669 75.005934 2.000000 2.000000 1.000000 1.127810
72 0.000000 0.000000 0.000000
74 1 45.053571 16.520719 85.892227 1.000000 1.000000 1.000000 0.983094
74 0.000000 0.000000 0.000000
75 1 0.932484 15.934507 107.767613 1.000000 1.000000 1.000000 0.983094
75 0.000000 0.000000 0.000000
76 1 79.901810 40.587580 9.287179 1.000000 1.000000 1.000000 0.983094
76 0.000000 0.000000 0.000000
77 1 92.542663 57.567886 55.842926 1.000000 1.000000 1.000000 0.983094
77 0.000000 0.000000 0.000000
79 1 25.046258 0.510006 194.795611 1.000000 1.000000 1.000000 0.983094
79 0.000000 0.000000 0.000000
81 1 79.405093 12.719238 22.775674 1.000000 1.000000 1.000000 0.983094
81 0.000000 0.000000 0.000000
83 1 37.830137 80.068067 169.635713 1.000000 1.000000 1.000000 0.983094
83 0.000000 0.000000 0.000000
84 1 72.231578 98.282657 189.109251 1.000000 1.000000 1.000000 0.983094
84 0.000000 0.000000 0.000000
85 1 38.800290 6.795502 91.680743 1.000000 1.000000 1.000000 0.983094
85 0.000000 0.000000 0.000000
86 1 93.815447 10.185575 53.204997 1.000000 1.000000 1.000000 0.983094
86 0.000000 0.000000 0.000000
87 1 76.434041 43.990719 88.049225 1.000000 1.000000 1.000000 0.983094
87 0.000000 0.000000 0.000000
88 1 0.032946 87.226515 164.653614 1.000000 1.000000 1.000000 0.983094
88 0.000000 0.000000 0.000000
89 1 27.493417 27.347179 129.069922 1.000000 1.000000 1.000000 0.983094
89 0.000000 0.000000 0.000000
90 1 2.593514 69.900522 40.549541 2.000000 2.000000 1.000000 1.127810
90 0.000000 0.000000 0.000000
91 1 0.988204 94.679191 19.932314 1.000000 1.000000 1.000000 0.983094
91 0.000000 0.000000 0.000000
92 1 97.325790 39.757133 88.293546 1.000000 1.000000 1.000000 0.983094
92 0.000000 0.000000 0.000000
93 1 31.163529 88.104765 172.515105 1.000000 1.000000 1.000000 0.983094
93 0.000000 0.000000 0.000000
94 1 91.932340 87.761389 116.603741 1.000000 1.000000 1.000000 0.983094
94 0.000000 0.000000 0.000000
95 1 57.342989 9.028103 71.440276 1.000000 1.000000 1.000000 0.983094
95 0.000000 0.000000 0.000000
96 1 71.359438 30.830671 19.676603 1.000000 1.000000 1.000000 0.983094
96 0.000000 0.000000 0.000000
97 1 49.192870 4.282080 32.667958 2.000000 2.000000 1.000000 1.127810
97 0.000000 0.000000 0.000000
98 1 50.660454 35.292902 42.222410 1.000000 1.000000 1.000000 0.983094
98 0.000000 0.000000 0.000000
99 1 55.107880 78.278647 61.936582 1.000000 1.000000 1.000000 0.983094
99 0.000000 0.000000 0.000000
100 1 93.016840 18.222052 6.364867 1.000000 1.000000 1.000000 0.983094
100 0.000000 0.000000 0.000000
101 1 63.037745 13.300838 125.729395 1.000000 1.000000 1.000000 0.983094
101 0.000000 0.000000 0.000000
102 1 38.559496 59.159488 105.736130 2.000000 2.000000 1.000000 1.127810
102 0.000000 0.000000 0.000000
103 1 61.689408 50.264218 135.751592 1.000000 1.000000 1.000000 0.983094
103 0.000000 0.000000 0.000000
104 1 54.575661 3.035154 62.044270 3.000000 3.000000 1.000000 1.197480
104 0.000000 0.000000 0.000000
105 1 73.503027 51.057025 186.412413 1.000000 1.000000 1.000000 0.983094
105 0.000000 0.000000 0.000000
106 1 75.301737 14.824379 165.846928 1.000000 1.000000 1.000000 0.983094
106 0.000000 0.000000 0.000000
108 1 32.932628 33.946519 183.387187 1.000000 1.000000 1.000000 0.983094
108 0.000000 0.000000 0.000000
109 1 9.218056 49.229598 155.659274 1.000000 1.000000 1.000000 0.983094
109 0.000000 0.000000 0.000000
110 1 37.989439 54.769134 160.723915 1.000000 1.000000 1.000000 0.983094
110 0.000000 0.000000 0.000000
111 1 82.446347 11.346017 80.238284 1.000000 1.000000 1.000000 0.983094
111 0.000000 0.000000 0.000000
112 1 36.080572 28.835937 47.380093 1.000000 1.000000 1.000000 0.983094
112 0.000000 0.000000 0.000000
113 1 39.399367 68.300625 130.498265 2.000000 2.000000 1.000000 1.127810
113 0.000000 0.000000 0.000000
115 1 76.233351 41.593960 137.242821 1.000000 1.000000 1.000000 0.983094
115 0.000000 0.000000 0.000000
116 1 49.552670 82.724933 128.704169 1.000000 1.000000 1.000000 0.983094
116 0.000000 0.000000 0.000000
117 1 38.942222 53.994419 188.097208 1.000000 1.000000 1.000000 0.983094
117 0.000000 0.000000 0.000000
118 1 40.569587 9.030407 71.364199 1.000000 1.000000 1.000000 0.983094
118 0.000000 0.000000 0.000000
120 1 95.603110 59.856763 29.275919 3.000000 3.000000 1.000000 1.197480
120 0.000000 0.000000 0.000000
121 1 55.370984 34.706948 68.551345 1.000000 1.000000 1.000000 0.983094
121 0.000000 0.000000 0.000000
122 1 60.159424 19.242217 168.843657 1.000000 1.000000 1.000000 0.983094
122 0.000000 0.000000 0.000000
123 1 85.947146 95.330237 9.515600 1.000000 1.000000 1.000000 0.983094
123 0.000000 0.000000 0.000000
125 1 86.757019 46.757070 81.032048 1.000000 1.000000 1.000000 0.983094
125 0.000000 0.000000 0.000000
126 1 20.727075 74.526817 87.834960 1.000000 1.000000 1.000000 0.983094
126 0.000000 0.000000 0.000000
128 1 47.716577 13.542923 155.115514 1.000000 1.000000 1.000000 0.983094
128 0.000000 0.000000 0.000000
129 1 60.515833 47.386992 158.475329 1.000000 1.000000 1.000000 0.983094
129 0.000000 0.000000 0.000000
130 1 9.611108 23.009705 126.074464 1.000000 1.000000 1.000000 0.983094
130 0.000000 0.000000 0.000000
131 1 65.475860 88.211188 99.131451 1.000000 1.000000 1.000000 0.983094
131 0.000000 0.000000 0.000000
132 1 58.241381 53.847665 28.505991 3.000000 3.000000 1.000000 1.197480
132 0.000000 0.000000 0.000000
133 1 47.828436 90.613283 80.426540 1.000000 1.000000 1.000000 0.983094
133 0.000000 0.000000 0.000000
134 1 64.076278 37.757215 62.172862 1.000000 1.000000 1.000000 0.983094
134 0.000000 0.000000 0.000000
136 1 12.386312 30.164702 79.818150 1.000000 1.000000 1.000000 0.983094
136 0.000000 0.000000 0.000000
137 1 22.904177 65.773747 163.831484 1.000000 1.000000 1.000000 0.983094
137 0.000000 0.000000 0.000000
139 1 19.698968 50.667885 185.102513 1.000000 1.000000 1.000000 0.983094
139 0.000000 0.000000 0.000000
140 1 76.303346 66.509400 140.556935 1.000000 1.000000 1.000000 0.983094
140 0.000000 0.000000 0.000000
141 1 33.283121 70.193576 87.321471 1.000000 1.000000 1.000000 0.983094
141 0.000000 0.000000 0.000000
142 1 86.616750 6.291669 75.829261 1.000000 1.000000 1.000000 0.983094
142 0.000000 0.000000 0.000000
143 1 80.236647 45.394735 163.925754 1.000000 1.000000 1.000000 0.983094
143 0.000000 0.000000 0.000000
144 1 95.970622 42.573255 191.387856 1.000000 1.000000 1.000000 0.983094
144 0.000000 0.000000 0.000000
145 1 78.924348 78.887041 189.056048 1.000000 1.000000 1.000000 0.983094
145 0.000000 0.000000 0.000000
147 1 69.205992 55.944466 118.998882 2.000000 2.000000 1.000000 1.127810
147 0.000000 0.000000 0.000000
148 1 33.179429 6.526440 138.195587 1.000000 1.000000 1.000000 0.983094
148 0.000000 0.000000 0.000000
149 1 37.163305 28.616185 96.300213 1.000000 1.000000 1.000000 0.983094
149 0.000000 0.000000 0.000000
150 1 68.609070 23.686236 38.208687 1.000000 1.000000 1.000000 0.983094
150 0.000000 0.000000 0.000000
151 1 30.919740 37.153838 164.761140 1.000000 1.000000 1.000000 0.983094
151 0.000000 0.000000 0.000000
152 1 36.440900 51.666456 132.800293 1.000000 1.000000 1.000000 0.983094
152 0.000000 0.000000 0.000000
154 1 3.601223 71.933822 124.310616 1.000000 1.000000 1.000000 0.983094
154 0.000000 0.000000 0.000000
156 1 3.885687 92.531137 64.808771 1.000000 1.000000 1.000000 0.983094
156 0.000000 0.000000 0.000000
157 1 35.286629 54.312270 141.930232 1.000000 1.000000 1.000000 0.983094
157 0.000000 0.000000 0.000000
158 1 28.638568 26.797296 189.620814 1.000000 1.000000 1.000000 0.983094
158 0.000000 0.000000 0.000000
159 1 39.525087 12.370323 178.585372 1.000000 1.000000 1.000000 0.983094
159 0.000000 0.000000 0.000000
160 1 26.043668 78.756976 36.585046 1.000000 1.000000 1.000000 0.983094
160 0.000000 0.000000 0.000000
161 1 0.424333 56.110579 115.375066 1.000000 1.000000 1.000000 0.983094
161 0.000000 0.000000 0.000000
163 1 26.342079 73.338110 37.911511 1.000000 1.000000 1.000000 0.983094
163 0.000000 0.000000 0.000000
164 1 14.772040 43.237607 175.769139 2.000000 2.000000 1.000000 1.127810
164 0.000000 0.000000 0.000000
165 1 92.556336 20.904548 153.085514 2.000000 2.000000 1.000000 1.127810
165 0.000000 0.000000 0.000000
166 1 72.123318 90.992870 82.844048 1.000000 1.000000 1.000000 0.983094
166 0.000000 0.000000 0.000000
168 1 97.300282 7.687551 160.127417 1.000000 1.000000 1.000000 0.983094
168 0.000000 0.000000 0.000000
169 1 52.114007 15.645027 45.997385 2.000000 2.000000 1.000000 1.127810
169 0.000000 0.000000 0.000000
170 1 26.722519 68.224953 183.159928 1.000000 1.000000 1.000000 0.983094
170 0.000000 0.000000 0.000000
171 1 74.850076 89.361991 110.134010 1.000000 1.000000 1.000000 0.983094
171 0.000000 0.000000 0.000000
173 1 43.095190 66.486295 84.848490 1.000000 1.000000 1.000000 0.983094
173 0.000000 0.000000 0.000000
175 1 45.796715 20.594688 113.515591 1.000000 1.000000 1.000000 0.983094
175 0.000000 0.000000 0.000000
176 1 28.017376 4.230472 80.281272 1.000000 1.000000 1.000000 0.983094
176 0.000000 0.000000 0.000000
177 1 53.824697 33.174982 109.150581 1.000000 1.000000 1.000000 0.983094
177 0.000000 0.000000 0.000000
178 1 39.874711 27.786976 24.542686 1.000000 1.000000 1.000000 0.983094
178 0.000000 0.000000 0.000000
179 1 30.765543 74.664158 84.877079 2.000000 2.000000 1.000000 1.127810
179 0.000000 0.000000 0.000000
181 1 31.535937 21.184599 184.218984 1.000000 1.000000 1.000000 0.983094
181 0.000000 0.000000 0.000000
183 1 4.102834 18.391040 128.684194 1.000000 1.000000 1.000000 0.983094
183 0.000000 0.000000 0.000000
184 1 71.158041 6.248833 68.036279 1.000000 1.000000 1.000000 0.983094
184 0.000000 0.000000 0.000000
186 1 80.647862 9.348840 26.675409 1.000000 1.000000 1.000000 0.983094
186 0.000000 0.000000 0.000000
187 1 33.325829 69.098410 59.667794 1.000000 1.000000 1.000000 0.983094
187 0.000000 0.000000 0.000000
188 1 68.701740 9.512043 25.972607 2.000000 2.000000 1.000000 1.127810
188 0.000000 0.000000 0.000000
189 1 73.258709 85.449491 90.277511 1.000000 1.000000 1.000000 0.983094
189 0.000000 0.000000 0.000000
190 1 0.004011 59.767170 37.386247 1.000000 1.000000 1.000000 0.983094
190 0.000000 0.000000 0.000000
191 1 59.451904 61.449889 95.399921 1.000000 1.000000 1.000000 0.983094
191 0.000000 0.000000 0.000000
192 1 57.150041 78.207190 16.542345 1.000000 1.000000 1.000000 0.983094
192 0.000000 0.000000 0.000000
193 1 24.902280 72.006125 195.559496 1.000000 1.000000 1.000000 0.983094
193 0.000000 0.000000 0.000000
194 1 98.419879 48.268899 177.275575 1.000000 1.000000 1.000000 0.983094
194 0.000000 0.000000 0.000000
195 1 5.206874 34.318859 166.329828 1.000000 1.000000 1.000000 0.983094
195 0.000000 0.000000 0.000000
196 1 61.512077 41.127207 117.180009 1.000000 1.000000 1.000000 0.983094
196 0.000000 0.000000 0.000000
197 1 72.079211 4.728295 101.404658 1.000000 1.000000 1.000000 0.983094
197 0.000000 0.000000 0.000000
198 1 87.295719 87.285030 2.092190 3.000000 3.000000 1.000000 1.197480
198 0.000000 0.000000 0.000000
199 1 18.730598 82.688186 172.732356 1.000000 1.000000 1.000000 0.983094
199 0.000000 0.000000 0.000000
200 1 49.552535 32.798610 146.655882 1.000000 1.000000 1.000000 0.983094
200 0.000000 0.000000 0.000000
201 1 39.329830 41.423460 107.204723 1.000000 1.000000 1.000000 0.983094
201 0.000000 0.000000 0.000000
202 1 87.683461 86.036680 0.548956 1.000000 1.000000 1.000000 0.983094
202 0.000000 0.000000 0.000000
203 1 59.116960 83.069047 23.412350 1.000000 1.000000 1.000000 0.983094
203 0.000000 0.000000 0.000000
204 1 35.972652 19.384937 131.621114 1.000000 1.000000 1.000000 0.983094
204 0.000000 0.000000 0.000000
205 1 49.623143 90.024385 28.753543 1.000000 1.000000 1.000000 0.983094
205 0.000000 0.000000 0.000000
206 1 44.889245 15.755060 3.034134 1.000000 1.000000 1.000000 0.983094
206 0.000000 0.000000 0.000000
207 1 39.589912 84.235741 140.321654 1.000000 1.000000 1.000000 0.983094
207 0.000000 0.000000 0.000000
208 1 13.822124 97.658047 82.881098 1.000000 1.000000 1.000000 0.983094
208 0.000000 0.000000 0.000000
209 1 60.323756 84.969935 111.879211 1.000000 1.000000 1.000000 0.983094
209 0.000000 0.000000 0.000000
211 1 60.050475 59.102193 76.377702 1.000000 1.000000 1.000000 0.983094
211 0.000000 0.000000 0.000000
212 1 87.719054 23.704074 114.504600 1.000000 1.000000 1.000000 0.983094
212 0.000000 0.000000 0.000000
214 1 40.493673 36.616335 31.792161 1.000000 1.000000 1.000000 0.983094
214 0.000000 0.000000 0.000000
215 1 21.319520 25.467375 58.947397 2.000000 2.000000 1.000000 1.127810
215 0.000000 0.000000 0.000000
216 1 7.379167 55.575979 132.914423 1.000000 1.000000 1.000000 0.983094
216 0.000000 0.000000 0.000000
217 1 29.501399 31.530012 163.393366 1.000000 1.000000 1.000000 0.983094
217 0.000000 0.000000 0.000000
218 1 25.809768 56.395449 110.528168 1.000000 1.000000 1.000000 0.983094
218 0.000000 0.000000 0.000000
219 1 80.694157 73.382633 52.774546 1.000000 1.000000 1.000000 0.983094
219 0.000000 0.000000 0.000000
220 1 86.620947 69.762399 94.553195 1.000000 1.000000 1.000000 0.983094
220 0.000000 0.000000 0.000000
221 1 26.851951 21.602637 157.025853 1.000000 1.000000 1.000000 0.983094
221 0.000000 0.000000 0.000000
222 1 51.712589 38.440092 98.083300 1.000000 1.000000 1.000000 0.983094
222 0.000000 0.000000 0.000000
223 1 93.113906 47.275550 136.722386 1.000000 1.000000 1.000000 0.983094
223 0.000000 0.000000 0.000000
224 1 42.662888 90.555807 192.400961 1.000000 1.000000 1.000000 0.983094
224 0.000000 0.000000 0.000000
225 1 31.542004 26.843107 104.824276 1.000000 1.000000 1.000000 0.983094
225 0.000000 0.000000 0.000000
226 1 9.899357 97.314457 73.850431 1.000000 1.000000 1.000000 0.983094
226 0.000000 0.000000 0.000000
227 1 30.066966 29.823052 181.177761 1.000000 1.000000 1.000000 0.983094
227 0.000000 0.000000 0.000000
228 1 60.494004 55.393509 43.428424 1.000000 1.000000 1.000000 0.983094
228 0.000000 0.000000 0.000000
229 1 27.089235 84.280458 20.297002 1.000000 1.000000 1.000000 0.983094
229 0.000000 0.000000 0.000000
230 1 32.767438 36.815516 195.774818 1.000000 1.000000 1.000000 0.983094
230 0.000000 0.000000 0.000000
231 1 97.028133 38.315446 197.824576 1.000000 1.000000 1.000000 0.983094
231 0.000000 0.000000 0.000000
232 1 8.044135 56.038595 60.478414 1.000000 1.000000 1.000000 0.983094
232 0.000000 0.000000 0.000000
233 1 12.433167 83.777399 25.720147 1.000000 1.000000 1.000000 0.983094
233 0.000000 0.000000 0.000000
234 1 44.919935 44.108044 120.799758 1.000000 1.000000 1.000000 0.983094
234 0.000000 0.000000 0.000000
235 1 15.091634 73.418921 1.982297 1.000000 1.000000 1.000000 0.983094
235 0.000000 0.000000 0.000000
236 1 64.886862 29.709395 190.734747 1.000000 1.000000 1.000000 0.983094
236 0.000000 0.000000 0.000000
237 1 21.077401 86.202993 58.883518 1.000000 1.000000 1.000000 0.983094
237 0.000000 0.000000 0.000000
238 1 29.368690 38.691161 125.624865 1.000000 1.000000 1.000000 0.983094
238 0.000000 0.000000 0.000000
239 1 6.145471 67.493330 174.136140 1.000000 1.000000 1.000000 0.983094
239 0.000000 0.000000 0.000000
240 1 28.306054 33.847166 57.193360 1.000000 1.000000 1.000000 0.983094
240 0.000000 0.000000 0.000000
242 1 39.285367 90.809239 77.755424 1.000000 1.000000 1.000000 0.983094
242 0.000000 0.000000 0.000000
243 1 2.401692 8.996834 76.714526 1.000000 1.000000 1.000000 0.983094
243 0.000000 0.000000 0.000000
244 1 93.605856 51.487636 65.267550 2.000000 2.000000 1.000000 1.127810
244 0.000000 0.000000 0.000000
245 1 91.003686 33.479579 11.740295 1.000000 1.000000 1.000000 0.983094
245 0.000000 0.000000 0.000000
246 1 61.750845 99.576483 93.808840 1.000000 1.000000 1.000000 0.983094
246 0.000000 0.000000 0.000000
247 1 41.550078 41.472801 116.193709 1.000000 1.000000 1.000000 0.983094
247 0.000000 0.000000 0.000000
248 1 9.129284 30.462380 67.623168 1.000000 1.000000 1.000000 0.983094
248 0.000000 0.000000 0.000000
249 1 56.764912 87.148242 3.115147 1.000000 1.000000 1.000000 0.983094
249 0.000000 0.000000 0.000000
250 1 91.983202 8.325999 102.342211 1.000000 1.000000 1.000000 0.983094
250 0.000000 0.000000 0.000000
251 1 51.529901 2.878854 141.400644 1.000000 1.000000 1.000000 0.983094
251 0.000000 0.000000 0.000000
252 1 98.812627 37.610802 47.038721 1.000000 1.000000 1.000000 0.983094
252 0.000000 0.000000 0.000000
254 1 75.216060 60.101256 175.718631 1.000000 1.000000 1.000000 0.983094
254 0.000000 0.000000 0.000000
255 1 94.147075 27.309710 46.202061 1.000000 1.000000 1.000000 0.983094
255 0.000000 0.000000 0.000000
256 1 39.567523 37.236541 158.606564 1.000000 1.000000 1.000000 0.983094
256 0.000000 0.000000 0.000000
257 1 71.428130 69.232382 6.094170 1.000000 1.000000 1.000000 0.983094
257 0.000000 0.000000 0.000000
258 1 37.463104 94.387607 116.793444 1.000000 1.000000 1.000000 0.983094
258 0.000000 0.000000 0.000000
260 1 96.355601 39.094282 162.532352 1.000000 1.000000 1.000000 0.983094
260 0.000000 0.000000 0.000000
261 1 5.670192 81.073403 196.584857 1.000000 1.000000 1.000000 0.983094
261 0.000000 0.000000 0.000000
262 1 70.525463 48.878402 37.258095 1.000000 1.000000 1.000000 0.983094
262 0.000000 0.000000 0.000000
263 1 50.336108 69.176345 4.106867 2.000000 2.000000 1.000000 1.127810
263 0.000000 0.000000 0.000000
266 1 38.405307 6.612385 160.725714 1.000000 1.000000 1.000000 0.983094
266 0.000000 0.000000 0.000000
267 1 56.691375 42.959606 143.398559 1.000000 1.000000 1.000000 0.983094
267 0.000000 0.000000 0.000000
268 1 85.763454 58.412200 175.680315 1.000000 1.000000 1.000000 0.983094
268 0.000000 0.000000 0.000000
269 1 63.693450 42.884282 92.094409 1.000000 1.000000 1.000000 0.983094
269 0.000000 0.000000 0.000000
270 1 26.442951 10.807186 33.231318 1.000000 1.000000 1.000000 0.983094
270 0.000000 0.000000 0.000000
271 1 96.954746 28.141512 161.995963 1.000000 1.000000 1.000000 0.983094
271 0.000000 0.000000 0.000000
272 1 36.157495 32.315744 45.853170 1.000000 1.000000 1.000000 0.983094
272 0.000000 0.000000 0.000000
273 1 57.378685 93.170812 0.749478 2.000000 2.000000 1.000000 1.127810
273 0.000000 0.000000 0.000000
274 1 81.154208 82.465537 30.940109 1.000000 1.000000 1.000000 0.983094
274 0.000000 0.000000 0.000000
276 1 65.171135 55.674349 114.504994 1.000000 1.000000 1.000000 0.983094
276 0.000000 0.000000 0.000000
277 1 88.512075 4.385340 123.944049 1.000000 1.000000 1.000000 0.983094
277 0.000000 0.000000 0.000000
278 1 1.199606 79.693273 111.286281 1.000000 1.000000 1.000000 0.983094
278 0.000000 0.000000 0.000000
279 1 30.916468 7.742746 41.055640 1.000000 1.000000 1.000000 0.983094
279 0.000000 0.000000 0.000000
281 1 91.760143 23.025186 152.470413 1.000000 1.000000 1.000000 0.983094
281 0.000000 0.000000 0.000000
282 1 16.856391 56.731052 44.747053 1.000000 1.000000 1.000000 0.983094
282 0.000000 0.000000 0.000000
283 1 59.400547 27.689657 76.254104 1.000000 1.000000 1.000000 0.983094
283 0.000000 0.000000 0.000000
284 1 84.655538 53.321649 187.401549 1.000000 1.000000 1.000000 0.983094
284 0.000000 0.000000 0.000000
285 1 75.573333 69.568159 71.964304 1.000000 1.000000 1.000000 0.983094
285 0.000000 0.000000 0.000000
286 1 53.455906 54.740971 63.349606 2.000000 2.000000 1.000000 1.127810
286 0.000000 0.000000 0.000000
287 1 53.474353 80.310102 41.302368 1.000000 1.000000 1.000000 0.983094
287 0.000000 0.000000 0.000000
288 1 29.510963 35.929101 67.676157 3.000000 3.000000 1.000000 1.197480
288 0.000000 0.000000 0.000000
289 1 11.743221 45.982452 91.446953 1.000000 1.000000 1.000000 0.983094
289 0.000000 0.000000 0.000000
290 1 39.060098 90.671929 84.732572 1.000000 1.000000 1.000000 0.983094
290 0.000000 0.000000 0.000000
292 1 95.523159 86.627795 99.369445 1.000000 1.000000 1.000000 0.983094
292 0.000000 0.000000 0.000000
293 1 14.997119 10.558491 68.427344 3.000000 3.000000 1.000000 1.197480
293 0.000000 0.000000 0.000000
295 1 24.291880 34.908441 107.037388 1.000000 1.000000 1.000000 0.983094
295 0.000000 0.000000 0.000000
296 1 6.193625 88.640140 64.540932 1.000000 1.000000 1.000000 0.983094
296 0.000000 0.000000 0.000000
297 1 35.126390 3.767452 185.192685 1.000000 1.000000 1.000000 0.983094
297 0.000000 0.000000 0.000000
298 1 79.692846 95.899658 102.416673 1.000000 1.000000 1.000000 0.983094
298 0.000000 0.000000 0.000000
299 1 54.847106 45.170973 8.633683 1.000000 1.000000 1.000000 0.983094
299 0.000000 0.000000 0.000000
302 1 61.682668 22.276876 196.186915 1.000000 1.000000 1.000000 0.983094
302 0.000000 0.000000 0.000000
303 1 39.507385 85.636854 158.556513 1.000000 1.000000 1.000000 0.983094
303 0.000000 0.000000 0.000000
304 1 33.953171 17.133023 23.624487 1.000000 1.000000 1.000000 0.983094
304 0.000000 0.000000 0.000000
305 1 53.026883 16.245950 138.509966 1.000000 1.000000 1.000000 0.983094
305 0.000000 0.000000 0.000000
306 1 38.536748 68.118984 63.350362 1.000000 1.000000 1.000000 0.983094
306 0.000000 0.000000 0.000000
307 1 21.736910 39.641895 130.747020 1.000000 1.000000 1.000000 0.983094
307 0.000000 0.000000 0.000000
308 1 21.565078 91.628493 168.909184 1.000000 1.000000 1.000000 0.983094
308 0.000000 0.000000 0.000000
309 1 2.372826 14.427648 180.742911 1.000000 1.000000 1.000000 0.983094
309 0.000000 0.000000 0.000000
310 1 42.842254 93.134854 122.109716 1.000000 1.000000 1.000000 0.983094
310 0.000000 0.000000 0.000000
311 1 85.525941 79.437228 143.548749 1.000000 1.000000 1.000000 0.983094
311 0.000000 0.000000 0.000000
313 1 53.028875 6.988234 162.131584 2.000000 2.000000 1.000000 1.127810
313 0.000000 0.000000 0.000000
314 1 59.772234 75.213172 21.135820 1.000000 1.000000 1.000000 0.983094
314 0.000000 0.000000 0.000000
315 1 37.319421 31.888696 51.685562 1.000000 1.000000 1.000000 0.983094
315 0.000000 0.000000 0.000000
317 1 70.935157 87.233716 8.168692 1.000000 1.000000 1.000000 0.983094
317 0.000000 0.000000 0.000000
318 1 24.100068 30.554732 113.119088 1.000000 1.000000 1.000000 0.983094
318 0.000000 0.000000 0.000000
319 1 93.137233 46.889633 130.419751 1.000000 1.000000 1.000000 0.983094
319 0.000000 0.000000 0.000000
320 1 35.513616 46.156630 103.017010 1.000000 1.000000 1.000000 0.983094
320 0.000000 0.000000 0.000000
321 1 94.154781 18.828991 130.374907 1.000000 1.000000 1.000000 0.983094
321 0.000000 0.000000 0.000000
323 1 80.460645 42.881600 127.898122 1.000000 1.000000 1.000000 0.983094
323 0.000000 0.000000 0.000000
324 1 64.747307 98.146684 51.356070 2.000000 2.000000 1.000000 1.127810
324 0.000000 0.000000 0.000000
325 1 57.162973 59.688971 107.425682 1.000000 1.000000 1.000000 0.983094
325 0.000000 0.000000 0.000000
326 1 92.528654 59.177715 50.703069 1.000000 1.000000 1.000000 0.983094
326 0.000000 0.000000 0.000000
328 1 37.311706 66.216688 156.527693 1.000000 1.000000 1.000000 0.983094
328 0.000000 0.000000 0.000000
329 1 32.160265 83.826217 116.459556 1.000000 1.000000 1.000000 0.983094
329 0.000000 0.000000 0.000000
330 1 29.563707 83.132306 69.254091 1.000000 1.000000 1.000000 0.983094
330 0.000000 0.000000 0.000000
331 1 73.157808 9.769063 59.372473 1.000000 1.000000 1.000000 0.983094
331 0.000000 0.000000 0.000000
332 1 14.313782 47.856465 177.881854 1.000000 1.000000 1.000000 0.983094
332 0.000000 0.000000 0.000000
333 1 67.905790 52.913652 6.591337 1.000000 1.000000 1.000000 0.983094
333 0.000000 0.000000 0.000000
334 1 35.525643 74.416538 76.907284 1.000000 1.000000 1.000000 0.983094
334 0.000000 0.000000 0.000000
335 1 13.797971 46.971303 61.163902 1.000000 1.000000 1.000000 0.983094
335 0.000000 0.000000 0.000000
336 1 57.020242 40.604111 52.428591 1.000000 1.000000 1.000000 0.983094
336 0.000000 0.000000 0.000000
337 1 23.481033 50.770595 111.329102 1.000000 1.000000 1.000000 0.983094
337 0.000000 0.000000 0.000000
338 1 61.833889 22.008777 155.953205 1.000000 1.000000 1.000000 0.983094
338 0.000000 0.000000 0.000000
340 1 66.056486 74.187437 188.518056 1.000000 1.000000 1.000000 0.983094
340 0.000000 0.000000 0.000000
341 1 40.973715 3.540516 9.695301 1.000000 1.000000 1.000000 0.983094
341 0.000000 0.000000 0.000000
342 1 63.159669 65.665703 35.914819 1.000000 1.000000 1.000000 0.983094
342 0.000000 0.000000 0.000000
343 1 94.860973 40.244682 96.848795 1.000000 1.000000 1.000000 0.983094
343 0.000000 0.000000 0.000000
344 1 0.511450 82.805677 24.047325 1.000000 1.000000 1.000000 0.983094
344 0.000000 0.000000 0.000000
345 1 39.056920 57.789855 143.441316 2.000000 2.000000 1.000000 1.127810
345 0.000000 0.000000 0.000000
348 1 74.151543 8.809077 83.248521 1.000000 1.000000 1.000000 0.983094
348 0.000000 0.000000 0.000000
349 1 72.740827 29.157606 134.534524 2.000000 2.000000 1.000000 1.127810
349 0.000000 0.000000 0.000000
350 1 31.529661 55.490771 65.588127 1.000000 1.000000 1.000000 0.983094
350 0.000000 0.000000 0.000000
351 1 50.860674 8.314562 177.962934 2.000000 2.000000 1.000000 1.127810
351 0.000000 0.000000 0.000000
352 1 43.930858 76.488320 149.988851 1.000000 1.000000 1.000000 0.983094
352 0.000000 0.000000 0.000000
353 1 56.310754 68.728910 153.651088 1.000000 1.000000 1.000000 0.983094
353 0.000000 0.000000 0.000000
355 1 58.626131 66.244221 122.523696 1.000000 1.000000 1.000000 0.983094
355 0.000000 0.000000 0.000000
356 1 39.004648 2.914500 111.480821 2.000000 2.000000 1.000000 1.127810
356 0.000000 0.000000 0.000000
357 1 42.176734 1.739569 24.358362 1.000000 1.000000 1.000000 0.983094
357 0.000000 0.000000 0.000000
358 1 50.296004 28.269216 120.836466 1.000000 1.000000 1.000000 0.983094
358 0.000000 0.000000 0.000000
359 1 55.203278 63.663666 154.433611 1.000000 1.000000 1.000000 0.983094
359 0.000000 0.000000 0.000000
360 1 91.187890 89.033446 163.333277 1.000000 1.000000 1.000000 0.983094
360 0.000000 0.000000 0.000000
361 1 17.128622 25.836423 112.984571 1.000000 1.000000 1.000000 0.983094
361 0.000000 0.000000 0.000000
362 1 47.284616 80.319369 158.638811 1.000000 1.000000 1.000000 0.983094
362 0.000000 0.000000 0.000000
363 1 2.827218 6.939146 43.335982 1.000000 1.000000 1.000000 0.983094
363 0.000000 0.000000 0.000000
364 1 38.999104 2.367334 102.297335 1.000000 1.000000 1.000000 0.983094
364 0.000000 0.000000 0.000000
366 1 66.955553 76.371499 118.223666 1.000000 1.000000 1.000000 0.983094
366 0.000000 0.000000 0.000000
367 1 49.101977 58.413954 70.894174 1.000000 1.000000 1.000000 0.983094
367 0.000000 0.000000 0.000000
368 1 51.752500 85.717607 122.835263 2.000000 2.000000 1.000000 1.127810
368 0.000000 0.000000 0.000000
369 1 16.951391 5.605596 188.388036 1.000000 1.000000 1.000000 0.983094
369 0.000000 0.000000 0.000000
370 1 30.354772 28.477004 111.422696 1.000000 1.000000 1.000000 0.983094
370 0.000000 0.000000 0.000000
371 1 28.295962 90.170922 170.131015 1.000000 1.000000 1.000000 0.983094
371 0.000000 0.000000 0.000000
372 1 85.392359 58.359940 167.905084 1.000000 1.000000 1.000000 0.983094
372 0.000000 0.000000 0.000000
373 1 92.163738 97.221290 128.505852 1.000000 1.000000 1.000000 0.983094
373 0.000000 0.000000 0.000000
375 1 82.965699 35.301855 151.453475 1.000000 1.000000 1.000000 0.983094
375 0.000000 0.000000 0.000000
376 1 92.065328 50.102380 169.285539 1.000000 1.000000 1.000000 0.983094
376 0.000000 0.000000 0.000000
377 1 7.112909 58.755348 104.559091 1.000000 1.000000 1.000000 0.983094
377 0.000000 0.000000 0.000000
378 1 14.521993 71.576648 67.779779 2.000000 2.000000 1.000000 1.127810
378 0.000000 0.000000 0.000000
379 1 68.805179 92.091324 85.160591 1.000000 1.000000 1.000000 0.983094
379 0.000000 0.000000 0.000000
380 1 83.577862 77.507506 18.242377 1.000000 1.000000 1.000000 0.983094
380 0.000000 0.000000 0.000000
381 1 27.295167 22.687349 100.948102 1.000000 1.000000 1.000000 0.983094
381 0.000000 0.000000 0.000000
382 1 46.067475 5.380245 166.891197 1.000000 1.000000 1.000000 0.983094
382 0.000000 0.000000 0.000000
383 1 6.792874 10.057779 151.024451 1.000000 1.000000 1.000000 0.983094
383 0.000000 0.000000 0.000000
384 1 49.666592 64.750222 106.388360 1.000000 1.000000 1.000000 0.983094
384 0.000000 0.000000 0.000000
385 1 19.540032 13.391516 163.677294 2.000000 2.000000 1.000000 1.127810
385 0.000000 0.000000 0.000000
387 1 61.915294 10.206150 15.746379 1.000000 1.000000 1.000000 0.983094
387 0.000000 0.000000 0.000000
388 1 69.942632 11.039794 157.019984 1.000000 1.000000 1.000000 0.983094
388 0.000000 0.000000 0.000000
389 1 1.663558 65.360264 150.501804 1.000000 1.000000 1.000000 0.983094
389 0.000000 0.000000 0.000000
391 1 26.228119 13.449560 66.331992 1.000000 1.000000 1.000000 0.983094
391 0.000000 0.000000 0.000000
392 1 29.590013 85.938657 96.913875 2.000000 2.000000 1.000000 1.127810
392 0.000000 0.000000 0.000000
393 1 93.763752 76.298708 143.978418 1.000000 1.000000 1.000000 0.983094
393 0.000000 0.000000 0.000000
394 1 42.097511 75.511447 185.542494 4.000000 4.000000 1.000000 1.237850
394 0.000000 0.000000 0.000000
396 1 51.561945 54.210345 18.012735 1.000000 1.000000 1.000000 0.983094
396 0.000000 0.000000 0.000000
397 1 64.828446 55.631573 40.531725 1.000000 1.000000 1.000000 0.983094
397 0.000000 0.000000 0.000000
398 1 88.829486 83.340276 45.036469 1.000000 1.000000 1.000000 0.983094
398 0.000000 0.000000 0.000000
399 1 46.151890 71.602292 59.656426 1.000000 1.000000 1.000000 0.983094
399 0.000000 0.000000 0.000000
400 1 0.297417 11.841525 12.453030 1.000000 1.000000 1.000000 0.983094
400 0.000000 0.000000 0.000000
401 1 68.454527 3.325352 19.375576 1.000000 1.000000 1.000000 0.983094
401 0.000000 0.000000 0.000000
402 1 73.545238 43.195694 199.327533 1.000000 1.000000 1.000000 0.983094
402 0.000000 0.000000 0.000000
403 1 31.647110 64.767853 142.510659 1.000000 1.000000 1.000000 0.983094
403 0.000000 0.000000 0.000000
404 1 23.409108 22.904147 94.145495 1.000000 1.000000 1.000000 0.983094
404 0.000000 0.000000 0.000000
405 1 1.624134 51.719438 18.794640 1.000000 1.000000 1.000000 0.983094
405 0.000000 0.000000 0.000000
406 1 34.523694 93.074572 130.242805 1.000000 1.000000 1.000000 0.983094
406 0.000000 0.000000 0.000000
407 1 75.005829 24.555578 176.885580 1.000000 1.000000 1.000000 0.983094
407 0.000000 0.000000 0.000000
408 1 86.882902 27.354107 77.707956 1.000000 1.000000 1.000000 0.983094
408 0.000000 0.000000 0.000000
409 1 9.457881 18.905965 135.292651 1.000000 1.000000 1.000000 0.983094
409 0.000000 0.000000 0.000000
410 1 7.807476 24.112227 115.654837 1.000000 1.000000 1.000000 0.983094
410 0.000000 0.000000 0.000000
411 1 47.357110 30.055599 30.324941 1.000000 1.000000 1.000000 0.983094
411 0.000000 0.000000 0.000000
412 1 69.264366 90.641434 152.553526 1.000000 1.000000 1.000000 0.983094
412 0.000000 0.000000 0.000000
414 1 9.722399 76.625175 75.718701 1.000000 1.000000 1.000000 0.983094
414 0.000000 0.000000 0.000000
415 1 97.740325 92.292752 72.957454 1.000000 1.000000 1.000000 0.983094
415 0.000000 0.000000 0.000000
416 1 53.660965 86.199866 182.730711 1.000000 1.000000 1.000000 0.983094
416 0.000000 0.000000 0.000000
417 1 99.869176 44.407661 132.386085 1.000000 1.000000 1.000000 0.983094
417 0.000000 0.000000 0.000000
418 1 20.947171 94.017414 34.323723 2.000000 2.000000 1.000000 1.127810
418 0.000000 0.000000 0.000000
420 1 5.080037 17.968737 73.269141 1.000000 1.000000 1.000000 0.983094
420 0.000000 0.000000 0.000000
421 1 53.686487 88.850856 6.569999 1.000000 1.000000 1.000000 0.983094
421 0.000000 0.000000 0.000000
424 1 61.813279 45.468779 150.681751 1.000000 1.000000 1.000000 0.983094
424 0.000000 0.000000 0.000000
426 1 19.214959 33.323104 21.767739 2.000000 2.000000 1.000000 1.127810
426 0.000000 0.000000 0.000000
427 1 12.739082 98.560195 167.418139 1.000000 1.000000 1.000000 0.983094
427 0.000000 0.000000 0.000000
428 1 5.677218 42.177112 61.900041 1.000000 1.000000 1.000000 0.983094
428 0.000000 0.000000 0.000000
429 1 33.316882 70.550530 150.744614 2.000000 2.000000 1.000000 1.127810
429 0.000000 0.000000 0.000000
430 1 35.221876 60.617414 9.642498 3.000000 3.000000 1.000000 1.197480
430 0.000000 0.000000 0.000000
431 1 8.515901 31.536852 90.363453 1.000000 1.000000 1.000000 0.983094
431 0.000000 0.000000 0.000000
432 1 77.877771 78.230942 60.492535 3.000000 3.000000 1.000000 1.197480
432 0.000000 0.000000 0.000000
433 1 33.530460 60.388235 165.813525 2.000000 2.000000 1.000000 1.127810
433 0.000000 0.000000 0.000000
434 1 6.130062 22.366188 83.798304 1.000000 1.000000 1.000000 0.983094
434 0.000000 0.000000 0.000000
436 1 98.897094 50.390926 44.996821 1.000000 1.000000 1.000000 0.983094
436 0.000000 0.000000 0.000000
438 1 89.678713 66.215249 95.634589 4.000000 4.000000 1.000000 1.237850
438 0.000000 0.000000 0.000000
439 1 39.377852 10.562601 75.607224 1.000000 1.000000 1.000000 0.983094
439 0.000000 0.000000 0.000000
441 1 67.629974 51.754713 149.470450 1.000000 1.000000 1.000000 0.983094
441 0.000000 0.000000 0.000000
442 1 90.409869 82.092276 109.892040 1.000000 1.000000 1.000000 0.983094
442 0.000000 0.000000 0.000000
446 1 26.150070 40.503344 59.141115 1.000000 1.000000 1.000000 0.983094
446 0.000000 0.000000 0.000000
447 1 98.554466 35.661297 123.014389 1.000000 1.000000 1.000000 0.983094
447 0.000000 0.000000 0.000000
448 1 73.373301 98.596149 110.747230 1.000000 1.000000 1.000000 0.983094
448 0.000000 0.000000 0.000000
449 1 19.463479 35.427462 81.103441 1.000000 1.000000 1.000000 0.983094
449 0.000000 0.000000 0.000000
450 1 38.051753 46.047954 174.970180 1.000000 1.000000 1.000000 0.983094
450 0.000000 0.000000 0.000000
451 1 70.512526 84.717079 8.481999 1.000000 1.000000 1.000000 0.983094
451 0.000000 0.000000 0.000000
452 1 72.231985 95.568328 57.585210 1.000000 1.000000 1.000000 0.983094
452 0.000000 0.000000 0.000000
453 1 87.274227 93.766389 187.777247 2.000000 2.000000 1.000000 1.127810
453 0.000000 0.000000 0.000000
456 1 12.699229 18.065473 109.802022 1.000000 1.000000 1.000000 0.983094
456 0.000000 0.000000 0.000000
457 1 81.596182 23.643877 171.096164 1.000000 1.000000 1.000000 0.983094
457 0.000000 0.000000 0.000000
458 1 12.702323 94.732215 62.167898 1.000000 1.000000 1.000000 0.983094
458 0.000000 0.000000 0.000000
459 1 71.936089 26.762708 109.575088 1.000000 1.000000 1.000000 0.983094
459 0.000000 0.000000 0.000000
460 1 46.206861 11.361480 52.525480 1.000000 1.000000 1.000000 0.983094
460 0.000000 0.000000 0.000000
461 1 87.446623 86.679582 18.129177 1.000000 1.000000 1.000000 0.983094
461 0.000000 0.000000 0.000000
462 1 3.201800 63.020585 168.655756 3.000000 3.000000 1.000000 1.197480
462 0.000000 0.000000 0.000000
463 1 87.505623 36.742230 162.023953 1.000000 1.000000 1.000000 0.983094
463 0.000000 0.000000 0.000000
464 1 36.671644 63.902662 64.174277 1.000000 1.000000 1.000000 0.983094
464 0.000000 0.000000 0.000000
465 1 99.979557 8.656262 49.498573 1.000000 1.000000 1.000000 0.983094
465 0.000000 0.000000 0.000000
466 1 61.022360 67.416332 198.589949 1.000000 1.000000 1.000000 0.983094
466 0.000000 0.000000 0.000000
467 1 61.227889 83.429758 165.313696 1.000000 1.000000 1.000000 0.983094
467 0.000000 0.000000 0.000000
469 1 28.293243 82.223448 198.724397 1.000000 1.000000 1.000000 0.983094
469 0.000000 0.000000 0.000000
470 1 94.840995 34.763447 134.812012 1.000000 1.000000 1.000000 0.983094
470 0.000000 0.000000 0.000000
471 1 80.088145 67.397673 130.034758 2.000000 2.000000 1.000000 1.127810
471 0.000000 0.000000 0.000000
473 1 29.676438 61.921272 30.208817 1.000000 1.000000 1.000000 0.983094
473 0.000000 0.000000 0.000000
474 1 27.850942 87.200966 181.728010 2.000000 2.000000 1.000000 1.127810
474 0.000000 0.000000 0.000000
475 1 16.357872 90.063358 69.618631 1.000000 1.000000 1.000000 0.983094
475 0.000000 0.000000 0.000000
477 1 70.187735 88.696168 32.467951 1.000000 1.000000 1.000000 0.983094
477 0.000000 0.000000 0.000000
478 1 22.944524 68.787784 113.689588 1.000000 1.000000 1.000000 0.983094
478 0.000000 0.000000 0.000000
479 1 52.518395 85.802465 183.085493 2.000000 2.000000 1.000000 1.127810
479 0.000000 0.000000 0.000000
480 1 46.464731 80.462966 46.159616 1.000000 1.000000 1.000000 0.983094
480 0.000000 0.000000 0.000000
481 1 98.310931 10.543547 195.223410 1.000000 1.000000 1.000000 0.983094
481 0.000000 0.000000 0.000000
482 1 50.823421 84.474757 55.448637 1.000000 1.000000 1.000000 0.983094
482 0.000000 0.000000 0.000000
483 1 96.258261 71.713079 13.932036 1.000000 1.000000 1.000000 0.983094
483 0.000000 0.000000 0.000000
484 1 70.928274 8.423415 47.087653 1.000000 1.000000 1.000000 0.983094
484 0.000000 0.000000 0.000000
485 1 94.677001 11.626612 162.764929 1.000000 1.000000 1.000000 0.983094
485 0.000000 0.000000 0.000000
486 1 46.614967 48.099422 98.381392 1.000000 1.000000 1.000000 0.983094
486 0.000000 0.000000 0.000000
488 1 5.647253 56.662920 89.328677 1.000000 1.000000 1.000000 0.983094
488 0.000000 0.000000 0.000000
489 1 89.560014 36.560941 39.700662 3.000000 3.000000 1.000000 1.197480
489 0.000000 0.000000 0.000000
490 1 79.381094 45.219205 135.696508 1.000000 1.000000 1.000000 0.983094
490 0.000000 0.000000 0.000000
491 1 64.084830 99.795798 78.737834 1.000000 1.000000 1.000000 0.983094
491 0.000000 0.000000 0.000000
492 1 77.146663 11.076647 14.199611 1.000000 1.000000 1.000000 0.983094
492 0.000000 0.000000 0.000000
493 1 86.536803 54.969332 32.514918 1.000000 1.000000 1.000000 0.983094
493 0.000000 0.000000 0.000000
495 1 47.156406 96.050768 16.263984 1.000000 1.000000 1.000000 0.983094
495 0.000000 0.000000 0.000000
496 1 80.177680 41.840090 173.826899 1.000000 1.000000 1.000000 0.983094
496 0.000000 0.000000 0.000000
497 1 0.008467 86.747702 2.572277 1.000000 1.000000 1.000000 0.983094
497 0.000000 0.000000 0.000000
498 1 93.667224 82.949916 178.633509 1.000000 1.000000 1.000000 0.983094
498 0.000000 0.000000 0.000000
499 1 92.588856 65.925062 90.760676 1.000000 1.000000 1.000000 0.983094
499 0.000000 0.000000 0.000000
