RESTART FILE
Timestep: 0

NUMBER OF PARTICLES
500

SIMULATION BOX
100 100 200

TIMESTEP
0.1

ATTRACTION RADIUS
25
0.983094 1.12781 1.19748 1.23785 1.26372 1.28133 1.2939 1.30312 1.31014 1.31562 1.32005 1.32351 1.32648 1.32881 1.33082 1.33244 1.33389 1.33515 1.3363 1.33723 1.33803 1.33868 1.33937 1.33991 1.34042 

AGGREGATES/BEADS
0 1 93.802303 78.095016 50.633841 1.000000 1.000000 1.000000 0.983094
0 0.000000 0.000000 0.000000
1 1 84.016014 14.375700 133.031046 1.000000 1.000000 1.000000 0.983094
1 0.000000 0.000000 0.000000
2 1 33.659405 97.375604 32.647695 1.000000 1.000000 1.000000 0.983094
2 0.000000 0.000000 0.000000
3 1 92.041734 81.035877 122.247303 1.000000 1.000000 1.000000 0.983094
3 0.000000 0.000000 0.000000
4 1 36.378144 89.356451 109.196648 1.000000 1.000000 1.000000 0.983094
4 0.000000 0.000000 0.000000
5 1 28.647370 63.071637 191.845581 1.000000 1.000000 1.000000 0.983094
5 0.000000 0.000000 0.000000
6 1 77.714791 5.258231 2.655657 1.000000 1.000000 1.000000 0.983094
6 0.000000 0.000000 0.000000
7 1 68.651612 12.111378 148.492778 1.000000 1.000000 1.000000 0.983094
7 0.000000 0.000000 0.000000
8 1 53.815377 97.985871 105.117160 1.000000 1.000000 1.000000 0.983094
8 0.000000 0.000000 0.000000
9 1 43.729666 22.199574 46.815159 1.000000 1.000000 1.000000 0.983094
9 0.000000 0.000000 0.000000
10 1 96.491163 1.640198 32.285202 1.000000 1.000000 1.000000 0.983094
10 0.000000 0.000000 0.000000
11 1 29.021129 47.608070 10.004829 1.000000 1.000000 1.000000 0.983094
11 0.000000 0.000000 0.000000
12 1 75.816913 81.586242 82.818265 1.000000 1.000000 1.000000 0.983094
12 0.000000 0.000000 0.000000
13 1 61.649564 57.007019 24.765633 1.000000 1.000000 1.000000 0.983094
13 0.000000 0.000000 0.000000
14 1 35.656503 35.982563 23.095295 1.000000 1.000000 1.000000 0.983094
14 0.000000 0.000000 0.000000
15 1 59.478629 56.843499 187.648975 1.000000 1.000000 1.000000 0.983094
15 0.000000 0.000000 0.000000
16 1 62.725247 65.521648 10.603565 1.000000 1.000000 1.000000 0.983094
16 0.000000 0.000000 0.000000
17 1 91.666005 84.160412 85.339100 1.000000 1.000000 1.000000 0.983094
17 0.000000 0.000000 0.000000
18 1 80.390423 78.225435 174.165102 1.000000 1.000000 1.000000 0.983094
18 0.000000 0.000000 0.000000
19 1 51.157744 61.456098 181.569361 1.000000 1.000000 1.000000 0.983094
19 0.000000 0.000000 0.000000
20 1 75.919450 13.109135 122.485946 1.000000 1.000000 1.000000 0.983094
20 0.000000 0.000000 0.000000
21 1 10.754948 37.476406 40.166799 1.000000 1.000000 1.000000 0.983094
21 0.000000 0.000000 0.000000
22 1 66.613163 31.231011 144.964488 1.000000 1.000000 1.000000 0.983094
22 0.000000 0.000000 0.000000
23 1 79.967014 53.169185 101.112172 1.000000 1.000000 1.000000 0.983094
23 0.000000 0.000000 0.000000
24 1 25.805592 67.271797 77.124167 1.000000 1.000000 1.000000 0.983094
24 0.000000 0.000000 0.000000
25 1 80.136461 87.142040 85.724058 1.000000 1.000000 1.000000 0.983094
25 0.000000 0.000000 0.000000
26 1 0.210915 37.382792 44.123187 1.000000 1.000000 1.000000 0.983094
26 0.000000 0.000000 0.000000
27 1 52.305662 76.974907 7.496728 1.000000 1.000000 1.000000 0.983094
27 0.000000 0.000000 0.000000
28 1 56.322761 94.142233 67.120271 1.000000 1.000000 1.000000 0.983094
28 0.000000 0.000000 0.000000
29 1 43.589834 44.802046 18.510726 1.000000 1.000000 1.000000 0.983094
29 0.000000 0.000000 0.000000
30 1 23.902389 41.325382 196.824910 1.000000 1.000000 1.000000 0.983094
30 0.000000 0.000000 0.000000
31 1 98.118608 39.417425 6.997932 1.000000 1.000000 1.000000 0.983094
31 0.000000 0.000000 0.000000
32 1 11.258897 57.793767 165.862680 1.000000 1.000000 1.000000 0.983094
32 0.000000 0.000000 0.000000
33 1 70.214131 50.125687 30.094192 1.000000 1.000000 1.000000 0.983094
33 0.000000 0.000000 0.000000
34 1 14.567370 4.503879 56.725895 1.000000 1.000000 1.000000 0.983094
34 0.000000 0.000000 0.000000
35 1 18.924310 17.832119 34.793843 1.000000 1.000000 1.000000 0.983094
35 0.000000 0.000000 0.000000
36 1 73.642397 91.987156 52.569304 1.000000 1.000000 1.000000 0.983094
36 0.000000 0.000000 0.000000
37 1 3.487342 15.047110 135.940059 1.000000 1.000000 1.000000 0.983094
37 0.000000 0.000000 0.000000
38 1 67.748666 61.049077 69.333664 1.000000 1.000000 1.000000 0.983094
38 0.000000 0.000000 0.000000
39 1 46.511992 0.025186 18.281795 1.000000 1.000000 1.000000 0.983094
39 0.000000 0.000000 0.000000
40 1 96.443223 1.451726 78.920435 1.000000 1.000000 1.000000 0.983094
40 0.000000 0.000000 0.000000
41 1 71.131918 28.727059 103.333536 1.000000 1.000000 1.000000 0.983094
41 0.000000 0.000000 0.000000
42 1 28.175729 76.389302 132.511565 1.000000 1.000000 1.000000 0.983094
42 0.000000 0.000000 0.000000
43 1 36.791449 67.058765 15.377634 1.000000 1.000000 1.000000 0.983094
43 0.000000 0.000000 0.000000
44 1 59.048087 65.928948 112.887166 1.000000 1.000000 1.000000 0.983094
44 0.000000 0.000000 0.000000
45 1 46.973606 2.713831 83.358475 1.000000 1.000000 1.000000 0.983094
45 0.000000 0.000000 0.000000
46 1 42.688691 86.363840 53.809649 1.000000 1.000000 1.000000 0.983094
46 0.000000 0.000000 0.000000
47 1 18.781914 65.781961 27.645221 1.000000 1.000000 1.000000 0.983094
47 0.000000 0.000000 0.000000
48 1 47.901337 36.135042 14.605124 1.000000 1.000000 1.000000 0.983094
48 0.000000 0.000000 0.000000
49 1 83.845064 50.516429 27.701520 1.000000 1.000000 1.000000 0.983094
49 0.000000 0.000000 0.000000
50 1 1.547360 80.358196 8.924917 1.000000 1.000000 1.000000 0.983094
50 0.000000 0.000000 0.000000
51 1 20.915269 41.007469 130.084611 1.000000 1.000000 1.000000 0.983094
51 0.000000 0.000000 0.000000
52 1 65.371783 91.098387 153.899883 1.000000 1.000000 1.000000 0.983094
52 0.000000 0.000000 0.000000
53 1 68.032294 84.343355 71.216067 1.000000 1.000000 1.000000 0.983094
53 0.000000 0.000000 0.000000
54 1 36.571693 57.691495 36.937835 1.000000 1.000000 1.000000 0.983094
54 0.000000 0.000000 0.000000
55 1 52.929952 72.107990 125.699404 1.000000 1.000000 1.000000 0.983094
55 0.000000 0.000000 0.000000
56 1 16.855511 71.272008 1.507655 1.000000 1.000000 1.000000 0.983094
56 0.000000 0.000000 0.000000
57 1 68.774170 99.312562 160.374418 1.000000 1.000000 1.000000 0.983094
57 0.000000 0.000000 0.000000
58 1 26.219391 43.685669 51.902429 1.000000 1.000000 1.000000 0.983094
58 0.000000 0.000000 0.000000
59 1 62.832961 93.908249 15.737491 1.000000 1.000000 1.000000 0.983094
59 0.000000 0.000000 0.000000
60 1 99.859684 30.017751 28.720062 1.000000 1.000000 1.000000 0.983094
60 0.000000 0.000000 0.000000
61 1 67.861288 94.951785 189.052308 1.000000 1.000000 1.000000 0.983094
61 0.000000 0.000000 0.000000
62 1 40.130423 12.903125 120.084295 1.000000 1.000000 1.000000 0.983094
62 0.000000 0.000000 0.000000
63 1 20.007131 21.294806 35.432512 1.000000 1.000000 1.000000 0.983094
63 0.000000 0.000000 0.000000
64 1 51.885029 71.640194 89.856512 1.000000 1.000000 1.000000 0.983094
64 0.000000 0.000000 0.000000
65 1 99.159966 78.466795 90.392313 1.000000 1.000000 1.000000 0.983094
65 0.000000 0.000000 0.000000
66 1 91.340035 69.441657 193.917467 1.000000 1.000000 1.000000 0.983094
66 0.000000 0.000000 0.000000
67 1 66.584981 31.314864 21.184274 1.000000 1.000000 1.000000 0.983094
67 0.000000 0.000000 0.000000
68 1 12.770858 43.669658 147.369777 1.000000 1.000000 1.000000 0.983094
68 0.000000 0.000000 0.000000
69 1 84.416464 75.840979 192.287443 1.000000 1.000000 1.000000 0.983094
69 0.000000 0.000000 0.000000
70 1 49.384642 46.600606 104.167611 1.000000 1.000000 1.000000 0.983094
70 0.000000 0.000000 0.000000
71 1 66.608528 67.039421 10.056875 1.000000 1.000000 1.000000 0.983094
71 0.000000 0.000000 0.000000
72 1 87.501012 74.762700 64.406366 1.000000 1.000000 1.000000 0.983094
72 0.000000 0.000000 0.000000
73 1 54.876757 57.266265 67.773239 1.000000 1.000000 1.000000 0.983094
73 0.000000 0.000000 0.000000
74 1 42.143714 13.713173 71.754840 1.000000 1.000000 1.000000 0.983094
74 0.000000 0.000000 0.000000
75 1 96.638731 32.563576 117.126790 1.000000 1.000000 1.000000 0.983094
75 0.000000 0.000000 0.000000
76 1 75.161644 45.137657 13.662964 1.000000 1.000000 1.000000 0.983094
76 0.000000 0.000000 0.000000
77 1 84.951984 54.573236 60.668302 1.000000 1.000000 1.000000 0.983094
77 0.000000 0.000000 0.000000
78 1 97.369240 21.205264 167.265138 1.000000 1.000000 1.000000 0.983094
78 0.000000 0.000000 0.000000
79 1 16.946711 82.121477 192.078957 1.000000 1.000000 1.000000 0.983094
79 0.000000 0.000000 0.000000
80 1 9.943678 81.338539 39.483135 1.000000 1.000000 1.000000 0.983094
80 0.000000 0.000000 0.000000
81 1 73.850343 15.947824 14.812338 1.000000 1.000000 1.000000 0.983094
81 0.000000 0.000000 0.000000
82 1 51.932482 89.003529 129.095350 1.000000 1.000000 1.000000 0.983094
82 0.000000 0.000000 0.000000
83 1 47.978842 7.421982 169.858536 1.000000 1.000000 1.000000 0.983094
83 0.000000 0.000000 0.000000
84 1 72.826720 25.291425 170.976041 1.000000 1.000000 1.000000 0.983094
84 0.000000 0.000000 0.000000
85 1 32.309371 21.427366 92.456256 1.000000 1.000000 1.000000 0.983094
85 0.000000 0.000000 0.000000
86 1 88.741462 12.348641 68.880461 1.000000 1.000000 1.000000 0.983094
86 0.000000 0.000000 0.000000
87 1 77.701032 41.402981 77.014840 1.000000 1.000000 1.000000 0.983094
87 0.000000 0.000000 0.000000
88 1 14.207583 86.262746 165.675542 1.000000 1.000000 1.000000 0.983094
88 0.000000 0.000000 0.000000
89 1 24.990093 27.526974 127.385032 1.000000 1.000000 1.000000 0.983094
89 0.000000 0.000000 0.000000
90 1 10.920457 81.353617 34.806354 1.000000 1.000000 1.000000 0.983094
90 0.000000 0.000000 0.000000
91 1 96.351375 5.933929 11.052876 1.000000 1.000000 1.000000 0.983094
91 0.000000 0.000000 0.000000
92 1 6.400477 44.729184 71.909461 1.000000 1.000000 1.000000 0.983094
92 0.000000 0.000000 0.000000
93 1 34.104078 84.924234 175.303435 1.000000 1.000000 1.000000 0.983094
93 0.000000 0.000000 0.000000
94 1 78.625065 87.985180 106.956214 1.000000 1.000000 1.000000 0.983094
94 0.000000 0.000000 0.000000
95 1 66.993973 15.587022 57.162175 1.000000 1.000000 1.000000 0.983094
95 0.000000 0.000000 0.000000
96 1 67.399478 36.953647 23.568496 1.000000 1.000000 1.000000 0.983094
96 0.000000 0.000000 0.000000
97 1 43.817418 1.975983 26.369812 1.000000 1.000000 1.000000 0.983094
97 0.000000 0.000000 0.000000
98 1 67.188125 34.720872 39.644441 1.000000 1.000000 1.000000 0.983094
98 0.000000 0.000000 0.000000
99 1 60.880972 87.011716 66.331948 1.000000 1.000000 1.000000 0.983094
99 0.000000 0.000000 0.000000
100 1 81.581552 19.636143 1.014855 1.000000 1.000000 1.000000 0.983094
100 0.000000 0.000000 0.000000
101 1 60.114617 3.367603 122.249835 1.000000 1.000000 1.000000 0.983094
101 0.000000 0.000000 0.000000
102 1 32.991697 59.378220 117.893673 1.000000 1.000000 1.000000 0.983094
102 0.000000 0.000000 0.000000
103 1 69.580565 54.068753 139.012265 1.000000 1.000000 1.000000 0.983094
103 0.000000 0.000000 0.000000
104 1 58.266619 98.597027 68.769528 1.000000 1.000000 1.000000 0.983094
104 0.000000 0.000000 0.000000
105 1 77.580350 50.507643 181.472075 1.000000 1.000000 1.000000 0.983094
105 0.000000 0.000000 0.000000
106 1 77.715050 33.790464 160.076300 1.000000 1.000000 1.000000 0.983094
106 0.000000 0.000000 0.000000
107 1 95.310327 17.994040 34.897167 1.000000 1.000000 1.000000 0.983094
107 0.000000 0.000000 0.000000
108 1 18.656600 41.798639 173.257946 1.000000 1.000000 1.000000 0.983094
108 0.000000 0.000000 0.000000
109 1 5.731565 26.162052 169.391380 1.000000 1.000000 1.000000 0.983094
109 0.000000 0.000000 0.000000
110 1 29.480269 57.300839 174.831267 1.000000 1.000000 1.000000 0.983094
110 0.000000 0.000000 0.000000
111 1 79.348630 10.760097 70.457082 1.000000 1.000000 1.000000 0.983094
111 0.000000 0.000000 0.000000
112 1 23.754471 13.983432 50.582649 1.000000 1.000000 1.000000 0.983094
112 0.000000 0.000000 0.000000
113 1 27.330510 72.419206 135.202271 1.000000 1.000000 1.000000 0.983094
113 0.000000 0.000000 0.000000
114 1 63.865064 63.177901 135.241252 1.000000 1.000000 1.000000 0.983094
114 0.000000 0.000000 0.000000
115 1 81.055395 27.453636 145.482300 1.000000 1.000000 1.000000 0.983094
115 0.000000 0.000000 0.000000
116 1 47.847756 79.011923 124.051023 1.000000 1.000000 1.000000 0.983094
116 0.000000 0.000000 0.000000
117 1 37.260325 70.457637 10.745761 1.000000 1.000000 1.000000 0.983094
117 0.000000 0.000000 0.000000
118 1 43.250650 3.211178 63.120969 1.000000 1.000000 1.000000 0.983094
118 0.000000 0.000000 0.000000
119 1 31.215253 57.920564 166.360149 1.000000 1.000000 1.000000 0.983094
119 0.000000 0.000000 0.000000
120 1 5.565029 57.089714 25.492063 1.000000 1.000000 1.000000 0.983094
120 0.000000 0.000000 0.000000
121 1 48.455897 33.155213 58.055339 1.000000 1.000000 1.000000 0.983094
121 0.000000 0.000000 0.000000
122 1 51.385506 15.672246 168.425565 1.000000 1.000000 1.000000 0.983094
122 0.000000 0.000000 0.000000
123 1 10.674168 78.568995 18.148505 1.000000 1.000000 1.000000 0.983094
123 0.000000 0.000000 0.000000
124 1 57.490015 76.421984 184.668795 1.000000 1.000000 1.000000 0.983094
124 0.000000 0.000000 0.000000
125 1 82.829630 37.116382 74.303606 1.000000 1.000000 1.000000 0.983094
125 0.000000 0.000000 0.000000
126 1 16.792392 80.960585 99.033463 1.000000 1.000000 1.000000 0.983094
126 0.000000 0.000000 0.000000
127 1 56.105405 22.022449 171.933702 1.000000 1.000000 1.000000 0.983094
127 0.000000 0.000000 0.000000
128 1 57.003532 30.383443 135.763832 1.000000 1.000000 1.000000 0.983094
128 0.000000 0.000000 0.000000
129 1 62.229398 54.212735 164.892479 1.000000 1.000000 1.000000 0.983094
129 0.000000 0.000000 0.000000
130 1 7.752509 13.013778 129.319454 1.000000 1.000000 1.000000 0.983094
130 0.000000 0.000000 0.000000
131 1 53.901622 91.610824 101.315757 1.000000 1.000000 1.000000 0.983094
131 0.000000 0.000000 0.000000
132 1 41.698260 43.262527 29.100187 1.000000 1.000000 1.000000 0.983094
132 0.000000 0.000000 0.000000
133 1 38.583024 99.397672 72.502447 1.000000 1.000000 1.000000 0.983094
133 0.000000 0.000000 0.000000
134 1 64.525237 35.381501 48.072298 1.000000 1.000000 1.000000 0.983094
134 0.000000 0.000000 0.000000
135 1 84.025783 4.075694 12.947130 1.000000 1.000000 1.000000 0.983094
135 0.000000 0.000000 0.000000
136 1 22.840563 38.921547 83.260032 1.000000 1.000000 1.000000 0.983094
136 0.000000 0.000000 0.000000
137 1 35.364712 71.605226 159.329267 1.000000 1.000000 1.000000 0.983094
137 0.000000 0.000000 0.000000
138 1 86.067116 88.468981 10.329834 1.000000 1.000000 1.000000 0.983094
138 0.000000 0.000000 0.000000
139 1 29.208952 44.198725 177.597410 1.000000 1.000000 1.000000 0.983094
139 0.000000 0.000000 0.000000
140 1 67.342838 68.333796 172.897750 1.000000 1.000000 1.000000 0.983094
140 0.000000 0.000000 0.000000
141 1 45.259843 78.884279 97.497697 1.000000 1.000000 1.000000 0.983094
141 0.000000 0.000000 0.000000
142 1 10.431096 7.186521 84.675944 1.000000 1.000000 1.000000 0.983094
142 0.000000 0.000000 0.000000
143 1 72.891243 36.065988 161.396048 1.000000 1.000000 1.000000 0.983094
143 0.000000 0.000000 0.000000
144 1 9.386750 44.352528 180.702090 1.000000 1.000000 1.000000 0.983094
144 0.000000 0.000000 0.000000
145 1 72.934138 78.899246 180.024513 1.000000 1.000000 1.000000 0.983094
145 0.000000 0.000000 0.000000
146 1 49.210161 60.525693 40.142627 1.000000 1.000000 1.000000 0.983094
146 0.000000 0.000000 0.000000
147 1 72.284652 51.559441 104.054786 1.000000 1.000000 1.000000 0.983094
147 0.000000 0.000000 0.000000
148 1 16.165571 0.816297 147.999041 1.000000 1.000000 1.000000 0.983094
148 0.000000 0.000000 0.000000
149 1 19.130680 34.822138 96.859880 1.000000 1.000000 1.000000 0.983094
149 0.000000 0.000000 0.000000
150 1 61.968522 18.876195 34.743637 1.000000 1.000000 1.000000 0.983094
150 0.000000 0.000000 0.000000
151 1 17.696028 43.280063 148.681010 1.000000 1.000000 1.000000 0.983094
151 0.000000 0.000000 0.000000
152 1 48.350604 69.965227 109.679844 1.000000 1.000000 1.000000 0.983094
152 0.000000 0.000000 0.000000
153 1 42.102666 80.374993 196.124210 1.000000 1.000000 1.000000 0.983094
153 0.000000 0.000000 0.000000
154 1 1.275727 74.346654 113.660740 1.000000 1.000000 1.000000 0.983094
154 0.000000 0.000000 0.000000
155 1 20.279719 41.738332 6.730864 1.000000 1.000000 1.000000 0.983094
155 0.000000 0.000000 0.000000
156 1 90.826884 98.859825 75.405212 1.000000 1.000000 1.000000 0.983094
156 0.000000 0.000000 0.000000
157 1 20.671735 62.097247 134.977052 1.000000 1.000000 1.000000 0.983094
157 0.000000 0.000000 0.000000
158 1 20.705284 15.638495 167.258286 1.000000 1.000000 1.000000 0.983094
158 0.000000 0.000000 0.000000
159 1 53.830385 23.129034 190.844376 1.000000 1.000000 1.000000 0.983094
159 0.000000 0.000000 0.000000
160 1 30.693287 94.969365 33.387368 1.000000 1.000000 1.000000 0.983094
160 0.000000 0.000000 0.000000
161 1 95.648450 49.723025 120.753108 1.000000 1.000000 1.000000 0.983094
161 0.000000 0.000000 0.000000
162 1 39.250128 92.525774 106.586022 1.000000 1.000000 1.000000 0.983094
162 0.000000 0.000000 0.000000
163 1 26.115902 92.603960 22.584308 1.000000 1.000000 1.000000 0.983094
163 0.000000 0.000000 0.000000
164 1 10.895248 26.946441 174.690502 1.000000 1.000000 1.000000 0.983094
164 0.000000 0.000000 0.000000
165 1 89.592234 24.699976 157.129176 1.000000 1.000000 1.000000 0.983094
165 0.000000 0.000000 0.000000
166 1 66.058067 82.614288 86.780140 1.000000 1.000000 1.000000 0.983094
166 0.000000 0.000000 0.000000
167 1 47.669218 93.750576 24.455859 1.000000 1.000000 1.000000 0.983094
167 0.000000 0.000000 0.000000
168 1 98.134584 12.105027 151.093404 1.000000 1.000000 1.000000 0.983094
168 0.000000 0.000000 0.000000
169 1 55.261183 21.566448 47.124511 1.000000 1.000000 1.000000 0.983094
169 0.000000 0.000000 0.000000
170 1 18.435565 60.441651 180.672169 1.000000 1.000000 1.000000 0.983094
170 0.000000 0.000000 0.000000
171 1 76.870245 90.843976 126.068701 1.000000 1.000000 1.000000 0.983094
171 0.000000 0.000000 0.000000
172 1 26.462115 49.743660 70.705245 1.000000 1.000000 1.000000 0.983094
172 0.000000 0.000000 0.000000
173 1 47.231523 75.826527 82.178097 1.000000 1.000000 1.000000 0.983094
173 0.000000 0.000000 0.000000
174 1 67.649684 66.851221 7.188900 1.000000 1.000000 1.000000 0.983094
174 0.000000 0.000000 0.000000
175 1 43.403781 14.982107 135.317324 1.000000 1.000000 1.000000 0.983094
175 0.000000 0.000000 0.000000
176 1 24.110726 4.081233 74.627523 1.000000 1.000000 1.000000 0.983094
176 0.000000 0.000000 0.000000
177 1 52.791335 23.783665 128.638675 1.000000 1.000000 1.000000 0.983094
177 0.000000 0.000000 0.000000
178 1 43.634156 20.337525 11.546437 1.000000 1.000000 1.000000 0.983094
178 0.000000 0.000000 0.000000
179 1 38.192159 75.412716 92.561155 1.000000 1.000000 1.000000 0.983094
179 0.000000 0.000000 0.000000
180 1 30.771800 17.621391 17.333031 1.000000 1.000000 1.000000 0.983094
180 0.000000 0.000000 0.000000
181 1 31.196344 14.884697 189.784542 1.000000 1.000000 1.000000 0.983094
181 0.000000 0.000000 0.000000
182 1 63.502753 62.452534 22.598447 1.000000 1.000000 1.000000 0.983094
182 0.000000 0.000000 0.000000
183 1 6.348930 12.853445 123.164118 1.000000 1.000000 1.000000 0.983094
183 0.000000 0.000000 0.000000
184 1 65.157256 1.773780 70.271726 1.000000 1.000000 1.000000 0.983094
184 0.000000 0.000000 0.000000
185 1 47.734156 8.138538 167.208823 1.000000 1.000000 1.000000 0.983094
185 0.000000 0.000000 0.000000
186 1 84.109777 13.196328 32.127649 1.000000 1.000000 1.000000 0.983094
186 0.000000 0.000000 0.000000
187 1 33.450464 68.036703 52.430188 1.000000 1.000000 1.000000 0.983094
187 0.000000 0.000000 0.000000
188 1 55.855547 95.741815 21.189581 1.000000 1.000000 1.000000 0.983094
188 0.000000 0.000000 0.000000
189 1 79.340367 89.166816 95.340823 1.000000 1.000000 1.000000 0.983094
189 0.000000 0.000000 0.000000
190 1 15.796403 55.335357 34.397965 1.000000 1.000000 1.000000 0.983094
190 0.000000 0.000000 0.000000
191 1 61.091767 70.062478 94.774568 1.000000 1.000000 1.000000 0.983094
191 0.000000 0.000000 0.000000
192 1 56.740942 85.161885 15.748160 1.000000 1.000000 1.000000 0.983094
192 0.000000 0.000000 0.000000
193 1 33.411790 73.837524 188.690298 1.000000 1.000000 1.000000 0.983094
193 0.000000 0.000000 0.000000
194 1 90.917650 39.003491 176.454993 1.000000 1.000000 1.000000 0.983094
194 0.000000 0.000000 0.000000
195 1 19.840587 37.606120 183.918821 1.000000 1.000000 1.000000 0.983094
195 0.000000 0.000000 0.000000
196 1 59.732129 55.183832 112.846487 1.000000 1.000000 1.000000 0.983094
196 0.000000 0.000000 0.000000
197 1 59.955950 9.356437 110.950650 1.000000 1.000000 1.000000 0.983094
197 0.000000 0.000000 0.000000
198 1 0.455572 76.497093 12.895735 1.000000 1.000000 1.000000 0.983094
198 0.000000 0.000000 0.000000
199 1 24.634507 97.495254 177.150207 1.000000 1.000000 1.000000 0.983094
199 0.000000 0.000000 0.000000
200 1 34.706418 22.249162 145.001319 1.000000 1.000000 1.000000 0.983094
200 0.000000 0.000000 0.000000
201 1 24.411139 45.613866 103.886438 1.000000 1.000000 1.000000 0.983094
201 0.000000 0.000000 0.000000
202 1 77.877166 93.893710 7.810267 1.000000 1.000000 1.000000 0.983094
202 0.000000 0.000000 0.000000
203 1 58.854663 75.244685 32.802524 1.000000 1.000000 1.000000 0.983094
203 0.000000 0.000000 0.000000
204 1 32.742761 11.172871 130.610309 1.000000 1.000000 1.000000 0.983094
204 0.000000 0.000000 0.000000
205 1 49.294896 89.717007 32.447628 1.000000 1.000000 1.000000 0.983094
205 0.000000 0.000000 0.000000
206 1 51.409607 12.546282 0.862278 1.000000 1.000000 1.000000 0.983094
206 0.000000 0.000000 0.000000
207 1 25.618927 78.607897 163.823687 1.000000 1.000000 1.000000 0.983094
207 0.000000 0.000000 0.000000
208 1 6.247182 93.181859 93.076238 1.000000 1.000000 1.000000 0.983094
208 0.000000 0.000000 0.000000
209 1 54.468981 76.325145 103.930777 1.000000 1.000000 1.000000 0.983094
209 0.000000 0.000000 0.000000
210 1 6.883699 39.569622 33.482795 1.000000 1.000000 1.000000 0.983094
210 0.000000 0.000000 0.000000
211 1 49.784011 63.961342 81.757178 1.000000 1.000000 1.000000 0.983094
211 0.000000 0.000000 0.000000
212 1 87.325329 13.107634 123.288799 1.000000 1.000000 1.000000 0.983094
212 0.000000 0.000000 0.000000
213 1 11.232678 32.416482 160.885433 1.000000 1.000000 1.000000 0.983094
213 0.000000 0.000000 0.000000
214 1 57.056652 36.018147 20.645390 1.000000 1.000000 1.000000 0.983094
214 0.000000 0.000000 0.000000
215 1 29.612641 29.228614 52.961845 1.000000 1.000000 1.000000 0.983094
215 0.000000 0.000000 0.000000
216 1 1.747971 60.991195 116.060163 1.000000 1.000000 1.000000 0.983094
216 0.000000 0.000000 0.000000
217 1 47.404976 35.116186 166.638337 1.000000 1.000000 1.000000 0.983094
217 0.000000 0.000000 0.000000
218 1 45.494260 52.356304 103.696875 1.000000 1.000000 1.000000 0.983094
218 0.000000 0.000000 0.000000
219 1 79.588383 78.184118 47.648782 1.000000 1.000000 1.000000 0.983094
219 0.000000 0.000000 0.000000
220 1 82.971260 61.751367 86.871041 1.000000 1.000000 1.000000 0.983094
220 0.000000 0.000000 0.000000
221 1 28.234377 21.287583 151.491327 1.000000 1.000000 1.000000 0.983094
221 0.000000 0.000000 0.000000
222 1 53.994368 25.156412 94.441470 1.000000 1.000000 1.000000 0.983094
222 0.000000 0.000000 0.000000
223 1 88.934922 61.105369 143.503765 1.000000 1.000000 1.000000 0.983094
223 0.000000 0.000000 0.000000
224 1 50.743334 0.679518 185.754246 1.000000 1.000000 1.000000 0.983094
224 0.000000 0.000000 0.000000
225 1 34.328837 23.319252 102.488603 1.000000 1.000000 1.000000 0.983094
225 0.000000 0.000000 0.000000
226 1 18.323557 91.905707 47.019355 1.000000 1.000000 1.000000 0.983094
226 0.000000 0.000000 0.000000
227 1 38.662437 13.908433 177.884979 1.000000 1.000000 1.000000 0.983094
227 0.000000 0.000000 0.000000
228 1 61.200947 55.040156 38.586202 1.000000 1.000000 1.000000 0.983094
228 0.000000 0.000000 0.000000
229 1 39.732982 71.093225 27.043538 1.000000 1.000000 1.000000 0.983094
229 0.000000 0.000000 0.000000
230 1 23.847873 23.728362 193.210252 1.000000 1.000000 1.000000 0.983094
230 0.000000 0.000000 0.000000
231 1 85.352642 35.817849 9.515761 1.000000 1.000000 1.000000 0.983094
231 0.000000 0.000000 0.000000
232 1 94.869890 69.010138 78.056722 1.000000 1.000000 1.000000 0.983094
232 0.000000 0.000000 0.000000
233 1 18.357732 73.592722 26.802499 1.000000 1.000000 1.000000 0.983094
233 0.000000 0.000000 0.000000
234 1 34.087288 31.252051 118.557679 1.000000 1.000000 1.000000 0.983094
234 0.000000 0.000000 0.000000
235 1 16.929731 73.358280 9.566926 1.000000 1.000000 1.000000 0.983094
235 0.000000 0.000000 0.000000
236 1 54.791083 30.373031 0.248524 1.000000 1.000000 1.000000 0.983094
236 0.000000 0.000000 0.000000
237 1 24.942114 74.594705 58.008192 1.000000 1.000000 1.000000 0.983094
237 0.000000 0.000000 0.000000
238 1 26.799104 49.475564 107.482837 1.000000 1.000000 1.000000 0.983094
238 0.000000 0.000000 0.000000
239 1 97.962419 74.268979 168.420926 1.000000 1.000000 1.000000 0.983094
239 0.000000 0.000000 0.000000
240 1 39.798219 31.948760 47.065692 1.000000 1.000000 1.000000 0.983094
240 0.000000 0.000000 0.000000
241 1 3.370868 55.587699 28.138842 1.000000 1.000000 1.000000 0.983094
241 0.000000 0.000000 0.000000
242 1 24.861848 89.928538 71.936006 1.000000 1.000000 1.000000 0.983094
242 0.000000 0.000000 0.000000
243 1 95.154714 16.068524 72.767877 1.000000 1.000000 1.000000 0.983094
243 0.000000 0.000000 0.000000
244 1 94.012417 64.858895 62.824068 1.000000 1.000000 1.000000 0.983094
244 0.000000 0.000000 0.000000
245 1 82.879292 14.414892 17.030357 1.000000 1.000000 1.000000 0.983094
245 0.000000 0.000000 0.000000
246 1 42.839028 11.961786 98.158224 1.000000 1.000000 1.000000 0.983094
246 0.000000 0.000000 0.000000
247 1 20.809219 32.372000 124.506017 1.000000 1.000000 1.000000 0.983094
247 0.000000 0.000000 0.000000
248 1 1.512152 51.783083 65.552724 1.000000 1.000000 1.000000 0.983094
248 0.000000 0.000000 0.000000
249 1 54.498059 88.884694 4.787855 1.000000 1.000000 1.000000 0.983094
249 0.000000 0.000000 0.000000
250 1 89.119200 6.646626 109.568748 1.000000 1.000000 1.000000 0.983094
250 0.000000 0.000000 0.000000
251 1 57.232368 13.656318 128.792326 1.000000 1.000000 1.000000 0.983094
251 0.000000 0.000000 0.000000
252 1 96.182718 52.939284 60.466322 1.000000 1.000000 1.000000 0.983094
252 0.000000 0.000000 0.000000
253 1 72.123395 82.622921 43.254658 1.000000 1.000000 1.000000 0.983094
253 0.000000 0.000000 0.000000
254 1 77.890011 55.229960 177.227287 1.000000 1.000000 1.000000 0.983094
254 0.000000 0.000000 0.000000
255 1 7.351759 24.414315 44.172714 1.000000 1.000000 1.000000 0.983094
255 0.000000 0.000000 0.000000
256 1 57.700363 39.709567 139.279677 1.000000 1.000000 1.000000 0.983094
256 0.000000 0.000000 0.000000
257 1 77.000780 73.656358 7.498281 1.000000 1.000000 1.000000 0.983094
257 0.000000 0.000000 0.000000
258 1 34.003816 96.171408 131.965850 1.000000 1.000000 1.000000 0.983094
258 0.000000 0.000000 0.000000
259 1 48.431012 23.221734 114.986839 1.000000 1.000000 1.000000 0.983094
259 0.000000 0.000000 0.000000
260 1 88.847905 53.935635 171.943183 1.000000 1.000000 1.000000 0.983094
260 0.000000 0.000000 0.000000
261 1 5.272857 73.687116 197.335557 1.000000 1.000000 1.000000 0.983094
261 0.000000 0.000000 0.000000
262 1 76.013896 42.078220 46.300350 1.000000 1.000000 1.000000 0.983094
262 0.000000 0.000000 0.000000
263 1 50.235887 81.057640 194.716688 1.000000 1.000000 1.000000 0.983094
263 0.000000 0.000000 0.000000
264 1 21.209665 60.514896 25.899132 1.000000 1.000000 1.000000 0.983094
264 0.000000 0.000000 0.000000
265 1 67.186122 64.186650 59.967971 1.000000 1.000000 1.000000 0.983094
265 0.000000 0.000000 0.000000
266 1 25.893010 16.083626 155.011104 1.000000 1.000000 1.000000 0.983094
266 0.000000 0.000000 0.000000
267 1 68.232693 58.372675 134.025542 1.000000 1.000000 1.000000 0.983094
267 0.000000 0.000000 0.000000
268 1 84.273357 61.486812 177.683567 1.000000 1.000000 1.000000 0.983094
268 0.000000 0.000000 0.000000
269 1 57.365751 25.083540 88.524464 1.000000 1.000000 1.000000 0.983094
269 0.000000 0.000000 0.000000
270 1 49.091518 24.668651 32.623069 1.000000 1.000000 1.000000 0.983094
270 0.000000 0.000000 0.000000
271 1 91.154497 23.260434 159.140733 1.000000 1.000000 1.000000 0.983094
271 0.000000 0.000000 0.000000
272 1 26.734818 37.295655 52.293052 1.000000 1.000000 1.000000 0.983094
272 0.000000 0.000000 0.000000
273 1 44.660944 88.423201 197.741311 1.000000 1.000000 1.000000 0.983094
273 0.000000 0.000000 0.000000
274 1 80.950878 68.558906 36.270320 1.000000 1.000000 1.000000 0.983094
274 0.000000 0.000000 0.000000
275 1 98.363336 0.223390 78.590262 1.000000 1.000000 1.000000 0.983094
275 0.000000 0.000000 0.000000
276 1 49.261336 61.865850 95.370880 1.000000 1.000000 1.000000 0.983094
276 0.000000 0.000000 0.000000
277 1 78.061420 90.981215 129.126924 1.000000 1.000000 1.000000 0.983094
277 0.000000 0.000000 0.000000
278 1 6.699046 87.764516 105.130996 1.000000 1.000000 1.000000 0.983094
278 0.000000 0.000000 0.000000
279 1 15.853418 4.591283 55.256236 1.000000 1.000000 1.000000 0.983094
279 0.000000 0.000000 0.000000
280 1 80.153120 24.982147 127.427626 1.000000 1.000000 1.000000 0.983094
280 0.000000 0.000000 0.000000
281 1 90.269613 25.466678 137.147628 1.000000 1.000000 1.000000 0.983094
281 0.000000 0.000000 0.000000
282 1 8.736208 59.531673 42.720529 1.000000 1.000000 1.000000 0.983094
282 0.000000 0.000000 0.000000
283 1 47.583349 28.651831 68.895958 1.000000 1.000000 1.000000 0.983094
283 0.000000 0.000000 0.000000
284 1 87.155582 43.424835 2.680744 1.000000 1.000000 1.000000 0.983094
284 0.000000 0.000000 0.000000
285 1 44.204761 80.029652 59.712923 1.000000 1.000000 1.000000 0.983094
285 0.000000 0.000000 0.000000
286 1 50.184668 69.647636 64.722857 1.000000 1.000000 1.000000 0.983094
286 0.000000 0.000000 0.000000
287 1 46.117040 67.437265 39.938380 1.000000 1.000000 1.000000 0.983094
287 0.000000 0.000000 0.000000
288 1 23.588254 38.358127 63.353306 1.000000 1.000000 1.000000 0.983094
288 0.000000 0.000000 0.000000
289 1 3.195969 56.686137 88.673260 1.000000 1.000000 1.000000 0.983094
289 0.000000 0.000000 0.000000
290 1 60.741993 1.645123 93.472363 1.000000 1.000000 1.000000 0.983094
290 0.000000 0.000000 0.000000
291 1 47.200626 15.311684 46.105185 1.000000 1.000000 1.000000 0.983094
291 0.000000 0.000000 0.000000
292 1 96.107750 86.481305 93.112727 1.000000 1.000000 1.000000 0.983094
292 0.000000 0.000000 0.000000
293 1 15.317446 4.393248 75.832361 1.000000 1.000000 1.000000 0.983094
293 0.000000 0.000000 0.000000
294 1 35.952423 56.573605 104.905039 1.000000 1.000000 1.000000 0.983094
294 0.000000 0.000000 0.000000
295 1 17.994668 33.516414 108.642244 1.000000 1.000000 1.000000 0.983094
295 0.000000 0.000000 0.000000
296 1 4.322388 83.113980 62.879316 1.000000 1.000000 1.000000 0.983094
296 0.000000 0.000000 0.000000
297 1 16.860822 1.095275 195.093326 1.000000 1.000000 1.000000 0.983094
297 0.000000 0.000000 0.000000
298 1 69.487148 95.880970 111.792642 1.000000 1.000000 1.000000 0.983094
298 0.000000 0.000000 0.000000
299 1 46.309192 42.555604 21.849709 1.000000 1.000000 1.000000 0.983094
299 0.000000 0.000000 0.000000
300 1 85.601441 68.427267 40.305455 1.000000 1.000000 1.000000 0.983094
300 0.000000 0.000000 0.000000
301 1 74.739904 35.854529 57.681958 1.000000 1.000000 1.000000 0.983094
301 0.000000 0.000000 0.000000
302 1 65.579295 24.006880 197.046799 1.000000 1.000000 1.000000 0.983094
302 0.000000 0.000000 0.000000
303 1 43.225731 77.063376 158.550032 1.000000 1.000000 1.000000 0.983094
303 0.000000 0.000000 0.000000
304 1 18.128038 11.125412 44.275507 1.000000 1.000000 1.000000 0.983094
304 0.000000 0.000000 0.000000
305 1 40.778554 18.610149 122.106510 1.000000 1.000000 1.000000 0.983094
305 0.000000 0.000000 0.000000
306 1 35.255945 56.482967 75.975916 1.000000 1.000000 1.000000 0.983094
306 0.000000 0.000000 0.000000
307 1 24.444774 56.398923 125.263156 1.000000 1.000000 1.000000 0.983094
307 0.000000 0.000000 0.000000
308 1 23.248016 98.006302 173.649738 1.000000 1.000000 1.000000 0.983094
308 0.000000 0.000000 0.000000
309 1 2.665599 2.767277 189.908120 1.000000 1.000000 1.000000 0.983094
309 0.000000 0.000000 0.000000
310 1 30.606686 90.733484 131.219162 1.000000 1.000000 1.000000 0.983094
310 0.000000 0.000000 0.000000
311 1 85.798914 86.059520 139.658808 1.000000 1.000000 1.000000 0.983094
311 0.000000 0.000000 0.000000
312 1 37.178957 35.803338 40.597041 1.000000 1.000000 1.000000 0.983094
312 0.000000 0.000000 0.000000
313 1 51.000257 10.636782 151.642834 1.000000 1.000000 1.000000 0.983094
313 0.000000 0.000000 0.000000
314 1 60.512640 88.010219 31.310661 1.000000 1.000000 1.000000 0.983094
314 0.000000 0.000000 0.000000
315 1 43.650292 24.544094 64.580578 1.000000 1.000000 1.000000 0.983094
315 0.000000 0.000000 0.000000
316 1 99.415099 75.038941 169.400147 1.000000 1.000000 1.000000 0.983094
316 0.000000 0.000000 0.000000
317 1 82.823729 71.336974 12.604633 1.000000 1.000000 1.000000 0.983094
317 0.000000 0.000000 0.000000
318 1 1.756656 26.098055 117.933063 1.000000 1.000000 1.000000 0.983094
318 0.000000 0.000000 0.000000
319 1 94.881714 46.586235 130.911869 1.000000 1.000000 1.000000 0.983094
319 0.000000 0.000000 0.000000
320 1 38.329125 36.587468 107.102561 1.000000 1.000000 1.000000 0.983094
320 0.000000 0.000000 0.000000
321 1 7.040180 14.376099 131.599635 1.000000 1.000000 1.000000 0.983094
321 0.000000 0.000000 0.000000
322 1 85.050723 91.553360 2.610371 1.000000 1.000000 1.000000 0.983094
322 0.000000 0.000000 0.000000
323 1 75.720194 39.638974 117.110638 1.000000 1.000000 1.000000 0.983094
323 0.000000 0.000000 0.000000
324 1 67.058955 80.617057 43.453155 1.000000 1.000000 1.000000 0.983094
324 0.000000 0.000000 0.000000
325 1 44.530220 53.197060 94.585069 1.000000 1.000000 1.000000 0.983094
325 0.000000 0.000000 0.000000
326 1 93.480622 56.177419 51.054573 1.000000 1.000000 1.000000 0.983094
326 0.000000 0.000000 0.000000
327 1 94.554983 69.281697 166.658488 1.000000 1.000000 1.000000 0.983094
327 0.000000 0.000000 0.000000
328 1 44.987579 74.836697 165.113896 1.000000 1.000000 1.000000 0.983094
328 0.000000 0.000000 0.000000
329 1 29.077186 95.242905 109.248316 1.000000 1.000000 1.000000 0.983094
329 0.000000 0.000000 0.000000
330 1 36.836277 95.390975 63.101038 1.000000 1.000000 1.000000 0.983094
330 0.000000 0.000000 0.000000
331 1 71.588596 1.754031 51.887491 1.000000 1.000000 1.000000 0.983094
331 0.000000 0.000000 0.000000
332 1 17.732419 48.643771 175.867323 1.000000 1.000000 1.000000 0.983094
332 0.000000 0.000000 0.000000
333 1 72.611781 49.987857 12.072978 1.000000 1.000000 1.000000 0.983094
333 0.000000 0.000000 0.000000
334 1 32.690767 83.104678 85.435925 1.000000 1.000000 1.000000 0.983094
334 0.000000 0.000000 0.000000
335 1 2.105652 57.406778 41.846745 1.000000 1.000000 1.000000 0.983094
335 0.000000 0.000000 0.000000
336 1 64.202048 42.586040 59.668447 1.000000 1.000000 1.000000 0.983094
336 0.000000 0.000000 0.000000
337 1 24.347726 68.185536 116.881354 1.000000 1.000000 1.000000 0.983094
337 0.000000 0.000000 0.000000
338 1 52.248084 32.477201 164.296617 1.000000 1.000000 1.000000 0.983094
338 0.000000 0.000000 0.000000
339 1 98.559892 17.290533 33.886671 1.000000 1.000000 1.000000 0.983094
339 0.000000 0.000000 0.000000
340 1 63.351035 68.752565 177.599858 1.000000 1.000000 1.000000 0.983094
340 0.000000 0.000000 0.000000
341 1 27.128228 3.007352 17.078464 1.000000 1.000000 1.000000 0.983094
341 0.000000 0.000000 0.000000
342 1 78.129418 59.188348 34.398430 1.000000 1.000000 1.000000 0.983094
342 0.000000 0.000000 0.000000
343 1 22.400802 30.295041 87.061319 1.000000 1.000000 1.000000 0.983094
343 0.000000 0.000000 0.000000
344 1 3.514540 80.293004 27.256372 1.000000 1.000000 1.000000 0.983094
344 0.000000 0.000000 0.000000
345 1 40.164205 43.430926 135.051585 1.000000 1.000000 1.000000 0.983094
345 0.000000 0.000000 0.000000
346 1 20.389947 28.382158 47.595245 1.000000 1.000000 1.000000 0.983094
346 0.000000 0.000000 0.000000
347 1 30.761643 88.741107 198.010095 1.000000 1.000000 1.000000 0.983094
347 0.000000 0.000000 0.000000
348 1 76.601670 3.190819 101.480638 1.000000 1.000000 1.000000 0.983094
348 0.000000 0.000000 0.000000
349 1 67.763532 21.725421 141.940642 1.000000 1.000000 1.000000 0.983094
349 0.000000 0.000000 0.000000
350 1 25.616987 46.519265 62.169408 1.000000 1.000000 1.000000 0.983094
350 0.000000 0.000000 0.000000
351 1 33.525613 15.831584 180.649928 1.000000 1.000000 1.000000 0.983094
351 0.000000 0.000000 0.000000
352 1 43.201251 96.813576 148.966548 1.000000 1.000000 1.000000 0.983094
352 0.000000 0.000000 0.000000
353 1 51.327861 62.360076 149.530390 1.000000 1.000000 1.000000 0.983094
353 0.000000 0.000000 0.000000
354 1 52.379603 99.789736 65.197368 1.000000 1.000000 1.000000 0.983094
354 0.000000 0.000000 0.000000
355 1 53.563580 70.838553 120.207985 1.000000 1.000000 1.000000 0.983094
355 0.000000 0.000000 0.000000
356 1 47.661662 97.864642 110.832315 1.000000 1.000000 1.000000 0.983094
356 0.000000 0.000000 0.000000
357 1 40.461788 77.286164 30.246931 1.000000 1.000000 1.000000 0.983094
357 0.000000 0.000000 0.000000
358 1 47.030839 48.571237 117.571471 1.000000 1.000000 1.000000 0.983094
358 0.000000 0.000000 0.000000
359 1 60.254776 57.204039 164.184107 1.000000 1.000000 1.000000 0.983094
359 0.000000 0.000000 0.000000
360 1 92.369982 93.320847 174.795271 1.000000 1.000000 1.000000 0.983094
360 0.000000 0.000000 0.000000
361 1 21.798206 13.783712 97.483225 1.000000 1.000000 1.000000 0.983094
361 0.000000 0.000000 0.000000
362 1 57.423016 74.839246 147.065278 1.000000 1.000000 1.000000 0.983094
362 0.000000 0.000000 0.000000
363 1 8.689055 2.990619 33.349291 1.000000 1.000000 1.000000 0.983094
363 0.000000 0.000000 0.000000
364 1 33.790026 4.636101 107.618694 1.000000 1.000000 1.000000 0.983094
364 0.000000 0.000000 0.000000
365 1 33.049208 67.185499 196.673887 1.000000 1.000000 1.000000 0.983094
365 0.000000 0.000000 0.000000
366 1 81.964776 68.427957 108.701288 1.000000 1.000000 1.000000 0.983094
366 0.000000 0.000000 0.000000
367 1 58.094965 68.171890 60.294128 1.000000 1.000000 1.000000 0.983094
367 0.000000 0.000000 0.000000
368 1 55.298723 89.951488 134.339747 1.000000 1.000000 1.000000 0.983094
368 0.000000 0.000000 0.000000
369 1 7.286031 14.156002 197.667777 1.000000 1.000000 1.000000 0.983094
369 0.000000 0.000000 0.000000
370 1 28.784017 13.900634 130.173202 1.000000 1.000000 1.000000 0.983094
370 0.000000 0.000000 0.000000
371 1 32.809552 81.802511 174.024639 1.000000 1.000000 1.000000 0.983094
371 0.000000 0.000000 0.000000
372 1 87.771954 82.438125 173.105741 1.000000 1.000000 1.000000 0.983094
372 0.000000 0.000000 0.000000
373 1 72.380619 92.980241 125.900982 1.000000 1.000000 1.000000 0.983094
373 0.000000 0.000000 0.000000
374 1 31.410819 87.977846 193.852573 1.000000 1.000000 1.000000 0.983094
374 0.000000 0.000000 0.000000
375 1 73.590556 40.681528 146.633138 1.000000 1.000000 1.000000 0.983094
375 0.000000 0.000000 0.000000
376 1 89.990409 32.633922 161.795464 1.000000 1.000000 1.000000 0.983094
376 0.000000 0.000000 0.000000
377 1 6.215627 75.089722 90.389829 1.000000 1.000000 1.000000 0.983094
377 0.000000 0.000000 0.000000
378 1 29.638870 68.149828 60.398808 1.000000 1.000000 1.000000 0.983094
378 0.000000 0.000000 0.000000
379 1 69.769291 87.741603 83.965436 1.000000 1.000000 1.000000 0.983094
379 0.000000 0.000000 0.000000
380 1 78.887972 75.448020 22.324015 1.000000 1.000000 1.000000 0.983094
380 0.000000 0.000000 0.000000
381 1 19.815907 17.374408 102.279917 1.000000 1.000000 1.000000 0.983094
381 0.000000 0.000000 0.000000
382 1 27.222741 99.804038 161.039415 1.000000 1.000000 1.000000 0.983094
382 0.000000 0.000000 0.000000
383 1 94.052307 3.582789 155.971352 1.000000 1.000000 1.000000 0.983094
383 0.000000 0.000000 0.000000
384 1 40.037411 80.819756 105.806933 1.000000 1.000000 1.000000 0.983094
384 0.000000 0.000000 0.000000
385 1 3.467206 15.318999 155.801806 1.000000 1.000000 1.000000 0.983094
385 0.000000 0.000000 0.000000
386 1 15.486538 0.458286 58.229528 1.000000 1.000000 1.000000 0.983094
386 0.000000 0.000000 0.000000
387 1 64.300210 99.998502 197.796636 1.000000 1.000000 1.000000 0.983094
387 0.000000 0.000000 0.000000
388 1 68.007067 2.679921 168.232965 1.000000 1.000000 1.000000 0.983094
388 0.000000 0.000000 0.000000
389 1 98.952372 75.052738 145.557648 1.000000 1.000000 1.000000 0.983094
389 0.000000 0.000000 0.000000
390 1 45.613467 26.830901 24.804021 1.000000 1.000000 1.000000 0.983094
390 0.000000 0.000000 0.000000
391 1 26.614041 98.937433 48.766879 1.000000 1.000000 1.000000 0.983094
391 0.000000 0.000000 0.000000
392 1 26.703222 96.818727 86.166855 1.000000 1.000000 1.000000 0.983094
392 0.000000 0.000000 0.000000
393 1 96.254399 90.019682 139.571040 1.000000 1.000000 1.000000 0.983094
393 0.000000 0.000000 0.000000
394 1 37.940529 75.387057 180.743259 1.000000 1.000000 1.000000 0.983094
394 0.000000 0.000000 0.000000
395 1 30.804249 66.867886 7.642166 1.000000 1.000000 1.000000 0.983094
395 0.000000 0.000000 0.000000
396 1 53.167664 64.188774 23.642843 1.000000 1.000000 1.000000 0.983094
396 0.000000 0.000000 0.000000
397 1 39.056132 46.424882 48.056880 1.000000 1.000000 1.000000 0.983094
397 0.000000 0.000000 0.000000
398 1 90.973254 96.105201 45.516948 1.000000 1.000000 1.000000 0.983094
398 0.000000 0.000000 0.000000
399 1 54.867775 75.783953 51.144763 1.000000 1.000000 1.000000 0.983094
399 0.000000 0.000000 0.000000
400 1 6.209546 26.645841 17.720977 1.000000 1.000000 1.000000 0.983094
400 0.000000 0.000000 0.000000
401 1 58.451706 7.895431 19.953177 1.000000 1.000000 1.000000 0.983094
401 0.000000 0.000000 0.000000
402 1 71.726524 55.348490 3.495655 1.000000 1.000000 1.000000 0.983094
402 0.000000 0.000000 0.000000
403 1 37.451321 80.924169 128.956128 1.000000 1.000000 1.000000 0.983094
403 0.000000 0.000000 0.000000
404 1 27.649224 16.817864 100.326872 1.000000 1.000000 1.000000 0.983094
404 0.000000 0.000000 0.000000
405 1 87.037122 63.340441 15.681574 1.000000 1.000000 1.000000 0.983094
405 0.000000 0.000000 0.000000
406 1 40.060714 6.537980 137.032202 1.000000 1.000000 1.000000 0.983094
406 0.000000 0.000000 0.000000
407 1 84.637235 15.538585 185.265443 1.000000 1.000000 1.000000 0.983094
407 0.000000 0.000000 0.000000
408 1 79.103641 29.312087 82.818486 1.000000 1.000000 1.000000 0.983094
408 0.000000 0.000000 0.000000
409 1 15.166034 20.594167 141.431299 1.000000 1.000000 1.000000 0.983094
409 0.000000 0.000000 0.000000
410 1 9.780107 14.495162 117.424026 1.000000 1.000000 1.000000 0.983094
410 0.000000 0.000000 0.000000
411 1 42.615821 38.278167 24.825682 1.000000 1.000000 1.000000 0.983094
411 0.000000 0.000000 0.000000
412 1 60.346911 98.474208 152.142803 1.000000 1.000000 1.000000 0.983094
412 0.000000 0.000000 0.000000
413 1 98.774607 54.818864 27.954924 1.000000 1.000000 1.000000 0.983094
413 0.000000 0.000000 0.000000
414 1 0.517286 78.618063 75.183549 1.000000 1.000000 1.000000 0.983094
414 0.000000 0.000000 0.000000
415 1 94.445072 96.762635 67.298950 1.000000 1.000000 1.000000 0.983094
415 0.000000 0.000000 0.000000
416 1 45.990992 84.460998 187.180507 1.000000 1.000000 1.000000 0.983094
416 0.000000 0.000000 0.000000
417 1 84.223541 31.342336 142.773075 1.000000 1.000000 1.000000 0.983094
417 0.000000 0.000000 0.000000
418 1 38.621035 89.762751 32.011161 1.000000 1.000000 1.000000 0.983094
418 0.000000 0.000000 0.000000
419 1 92.779530 86.185197 85.478749 1.000000 1.000000 1.000000 0.983094
419 0.000000 0.000000 0.000000
420 1 95.174265 28.231824 70.056406 1.000000 1.000000 1.000000 0.983094
420 0.000000 0.000000 0.000000
421 1 44.556685 96.956742 197.138644 1.000000 1.000000 1.000000 0.983094
421 0.000000 0.000000 0.000000
422 1 22.538865 7.238020 176.790047 1.000000 1.000000 1.000000 0.983094
422 0.000000 0.000000 0.000000
423 1 37.095433 41.378526 69.853386 1.000000 1.000000 1.000000 0.983094
423 0.000000 0.000000 0.000000
424 1 72.663135 46.336711 152.125557 1.000000 1.000000 1.000000 0.983094
424 0.000000 0.000000 0.000000
425 1 58.904526 47.926461 195.333821 1.000000 1.000000 1.000000 0.983094
425 0.000000 0.000000 0.000000
426 1 22.819734 58.772699 197.845672 1.000000 1.000000 1.000000 0.983094
426 0.000000 0.000000 0.000000
427 1 97.978670 1.587957 172.776992 1.000000 1.000000 1.000000 0.983094
427 0.000000 0.000000 0.000000
428 1 2.639109 35.681023 59.820035 1.000000 1.000000 1.000000 0.983094
428 0.000000 0.000000 0.000000
429 1 44.256571 62.058223 155.817799 1.000000 1.000000 1.000000 0.983094
429 0.000000 0.000000 0.000000
430 1 39.406194 64.926592 15.743233 1.000000 1.000000 1.000000 0.983094
430 0.000000 0.000000 0.000000
431 1 5.131166 30.794616 90.343516 1.000000 1.000000 1.000000 0.983094
431 0.000000 0.000000 0.000000
432 1 65.261759 73.056033 45.348369 1.000000 1.000000 1.000000 0.983094
432 0.000000 0.000000 0.000000
433 1 16.257549 53.241456 151.681672 1.000000 1.000000 1.000000 0.983094
433 0.000000 0.000000 0.000000
434 1 91.705970 31.246357 100.593279 1.000000 1.000000 1.000000 0.983094
434 0.000000 0.000000 0.000000
435 1 29.756356 80.973967 175.594437 1.000000 1.000000 1.000000 0.983094
435 0.000000 0.000000 0.000000
436 1 5.282497 54.999487 56.913012 1.000000 1.000000 1.000000 0.983094
436 0.000000 0.000000 0.000000
437 1 18.495799 27.600698 182.367599 1.000000 1.000000 1.000000 0.983094
437 0.000000 0.000000 0.000000
438 1 93.411854 71.760814 111.501982 1.000000 1.000000 1.000000 0.983094
438 0.000000 0.000000 0.000000
439 1 40.522409 11.091624 60.882636 1.000000 1.000000 1.000000 0.983094
439 0.000000 0.000000 0.000000
440 1 29.541950 77.366807 93.918984 1.000000 1.000000 1.000000 0.983094
440 0.000000 0.000000 0.000000
441 1 87.571278 53.718616 134.586105 1.000000 1.000000 1.000000 0.983094
441 0.000000 0.000000 0.000000
442 1 2.780978 73.908718 117.965652 1.000000 1.000000 1.000000 0.983094
442 0.000000 0.000000 0.000000
443 1 44.092027 68.957339 153.888148 1.000000 1.000000 1.000000 0.983094
443 0.000000 0.000000 0.000000
444 1 29.231086 82.595719 55.708396 1.000000 1.000000 1.000000 0.983094
444 0.000000 0.000000 0.000000
445 1 48.601465 64.583633 41.543111 1.000000 1.000000 1.000000 0.983094
445 0.000000 0.000000 0.000000
446 1 35.360063 46.768876 58.904209 1.000000 1.000000 1.000000 0.983094
446 0.000000 0.000000 0.000000
447 1 7.871235 32.725556 121.308898 1.000000 1.000000 1.000000 0.983094
447 0.000000 0.000000 0.000000
448 1 82.842938 96.828841 107.872337 1.000000 1.000000 1.000000 0.983094
448 0.000000 0.000000 0.000000
449 1 9.226018 44.214576 75.637717 1.000000 1.000000 1.000000 0.983094
449 0.000000 0.000000 0.000000
450 1 39.740325 29.812459 190.578560 1.000000 1.000000 1.000000 0.983094
450 0.000000 0.000000 0.000000
451 1 64.844244 0.876638 194.028790 1.000000 1.000000 1.000000 0.983094
451 0.000000 0.000000 0.000000
452 1 84.001967 1.501550 36.267186 1.000000 1.000000 1.000000 0.983094
452 0.000000 0.000000 0.000000
453 1 88.817523 98.723548 7.753182 1.000000 1.000000 1.000000 0.983094
453 0.000000 0.000000 0.000000
454 1 41.138503 51.913528 142.977410 1.000000 1.000000 1.000000 0.983094
454 0.000000 0.000000 0.000000
455 1 68.676701 56.770124 110.554111 1.000000 1.000000 1.000000 0.983094
455 0.000000 0.000000 0.000000
456 1 92.221776 11.693192 97.873775 1.000000 1.000000 1.000000 0.983094
456 0.000000 0.000000 0.000000
457 1 79.082792 27.546465 171.089669 1.000000 1.000000 1.000000 0.983094
457 0.000000 0.000000 0.000000
458 1 16.913442 89.778633 58.322551 1.000000 1.000000 1.000000 0.983094
458 0.000000 0.000000 0.000000
459 1 72.210385 22.668650 109.374571 1.000000 1.000000 1.000000 0.983094
459 0.000000 0.000000 0.000000
460 1 33.517639 6.560486 47.832731 1.000000 1.000000 1.000000 0.983094
460 0.000000 0.000000 0.000000
461 1 2.337022 96.949831 17.158593 1.000000 1.000000 1.000000 0.983094
461 0.000000 0.000000 0.000000
462 1 12.668064 68.315439 172.271162 1.000000 1.000000 1.000000 0.983094
462 0.000000 0.000000 0.000000
463 1 95.863549 41.289352 153.916939 1.000000 1.000000 1.000000 0.983094
463 0.000000 0.000000 0.000000
464 1 29.100334 55.154499 65.624840 1.000000 1.000000 1.000000 0.983094
464 0.000000 0.000000 0.000000
465 1 97.047753 83.310214 54.831453 1.000000 1.000000 1.000000 0.983094
465 0.000000 0.000000 0.000000
466 1 39.766331 61.712258 199.962606 1.000000 1.000000 1.000000 0.983094
466 0.000000 0.000000 0.000000
467 1 58.914036 92.947873 170.532300 1.000000 1.000000 1.000000 0.983094
467 0.000000 0.000000 0.000000
468 1 54.522524 72.960743 80.966208 1.000000 1.000000 1.000000 0.983094
468 0.000000 0.000000 0.000000
469 1 39.376483 91.160416 0.034330 1.000000 1.000000 1.000000 0.983094
469 0.000000 0.000000 0.000000
470 1 4.693326 21.660567 138.752055 1.000000 1.000000 1.000000 0.983094
470 0.000000 0.000000 0.000000
471 1 83.580195 81.567503 120.030943 1.000000 1.000000 1.000000 0.983094
471 0.000000 0.000000 0.000000
472 1 88.617400 10.357067 132.068421 1.000000 1.000000 1.000000 0.983094
472 0.000000 0.000000 0.000000
473 1 28.397635 74.711609 46.965728 1.000000 1.000000 1.000000 0.983094
473 0.000000 0.000000 0.000000
474 1 5.187922 82.746487 186.580039 1.000000 1.000000 1.000000 0.983094
474 0.000000 0.000000 0.000000
475 1 21.315585 79.766022 61.578946 1.000000 1.000000 1.000000 0.983094
475 0.000000 0.000000 0.000000
476 1 19.256851 83.339697 111.220065 1.000000 1.000000 1.000000 0.983094
476 0.000000 0.000000 0.000000
477 1 75.837931 91.946553 30.268055 1.000000 1.000000 1.000000 0.983094
477 0.000000 0.000000 0.000000
478 1 6.593791 68.013191 113.377310 1.000000 1.000000 1.000000 0.983094
478 0.000000 0.000000 0.000000
479 1 68.707265 83.852028 181.379853 1.000000 1.000000 1.000000 0.983094
479 0.000000 0.000000 0.000000
480 1 41.402325 2.543901 42.343214 1.000000 1.000000 1.000000 0.983094
480 0.000000 0.000000 0.000000
481 1 92.243075 94.851703 177.373695 1.000000 1.000000 1.000000 0.983094
481 0.000000 0.000000 0.000000
482 1 48.242154 86.499317 65.475376 1.000000 1.000000 1.000000 0.983094
482 0.000000 0.000000 0.000000
483 1 80.567167 55.420851 21.446613 1.000000 1.000000 1.000000 0.983094
483 0.000000 0.000000 0.000000
484 1 85.797196 21.607149 54.457321 1.000000 1.000000 1.000000 0.983094
484 0.000000 0.000000 0.000000
485 1 94.295611 4.782744 175.282631 1.000000 1.000000 1.000000 0.983094
485 0.000000 0.000000 0.000000
486 1 40.622754 34.962252 105.970020 1.000000 1.000000 1.000000 0.983094
486 0.000000 0.000000 0.000000
487 1 59.199281 48.646532 194.006647 1.000000 1.000000 1.000000 0.983094
487 0.000000 0.000000 0.000000
488 1 10.627441 58.668468 84.882875 1.000000 1.000000 1.000000 0.983094
488 0.000000 0.000000 0.000000
489 1 82.687746 34.426635 48.131781 1.000000 1.000000 1.000000 0.983094
489 0.000000 0.000000 0.000000
490 1 82.787234 47.095583 153.191037 1.000000 1.000000 1.000000 0.983094
490 0.000000 0.000000 0.000000
491 1 64.230443 9.282625 86.557641 1.000000 1.000000 1.000000 0.983094
491 0.000000 0.000000 0.000000
492 1 78.630111 9.409027 12.013590 1.000000 1.000000 1.000000 0.983094
492 0.000000 0.000000 0.000000
493 1 84.316038 51.566340 22.793178 1.000000 1.000000 1.000000 0.983094
493 0.000000 0.000000 0.000000
494 1 41.516568 11.623818 11.273547 1.000000 1.000000 1.000000 0.983094
494 0.000000 0.000000 0.000000
495 1 37.201808 96.519995 12.380057 1.000000 1.000000 1.000000 0.983094
495 0.000000 0.000000 0.000000
496 1 72.298407 44.318272 175.727192 1.000000 1.000000 1.000000 0.983094
496 0.000000 0.000000 0.000000
497 1 19.386654 92.675713 15.780227 1.000000 1.000000 1.000000 0.983094
497 0.000000 0.000000 0.000000
498 1 10.486734 78.116546 176.206839 1.000000 1.000000 1.000000 0.983094
498 0.000000 0.000000 0.000000
499 1 84.012352 63.886760 88.510979 1.000000 1.000000 1.000000 0.983094
499 0.000000 0.000000 0.000000
