RESTART FILE
Timestep: 600

NUMBER OF PARTICLES
409

SIMULATION BOX
100 100 200

TIMESTEP
0.1

ATTRACTION RADIUS
25
0.983094 1.12781 1.19748 1.23785 1.26372 1.28133 1.2939 1.30312 1.31014 1.31562 1.32005 1.32351 1.32648 1.32881 1.33082 1.33244 1.33389 1.33515 1.3363 1.33723 1.33803 1.33868 1.33937 1.33991 1.34042 

AGGREGATES/BEADS
0 1 91.766849 83.808089 47.355700 1.000000 1.000000 1.000000 0.983094
0 0.000000 0.000000 0.000000
1 1 82.836483 1.096151 144.260546 2.000000 2.000000 1.000000 1.127810
1 0.000000 0.000000 0.000000
3 1 89.738323 71.015243 115.988203 1.000000 1.000000 1.000000 0.983094
3 0.000000 0.000000 0.000000
4 1 43.828757 96.877697 119.881821 1.000000 1.000000 1.000000 0.983094
4 0.000000 0.000000 0.000000
5 1 46.651673 67.950397 198.514741 1.000000 1.000000 1.000000 0.983094
5 0.000000 0.000000 0.000000
6 1 90.188127 2.709886 5.837767 1.000000 1.000000 1.000000 0.983094
6 0.000000 0.000000 0.000000
7 1 60.138113 17.147228 146.334439 1.000000 1.000000 1.000000 0.983094
7 0.000000 0.000000 0.000000
8 1 36.386201 97.689814 107.524268 1.000000 1.000000 1.000000 0.983094
8 0.000000 0.000000 0.000000
9 1 43.046665 35.606303 64.211571 1.000000 1.000000 1.000000 0.983094
9 0.000000 0.000000 0.000000
10 1 87.554890 96.177522 27.743129 1.000000 1.000000 1.000000 0.983094
10 0.000000 0.000000 0.000000
11 1 37.443365 60.537700 28.138641 1.000000 1.000000 1.000000 0.983094
11 0.000000 0.000000 0.000000
13 1 34.146824 69.898116 19.511838 1.000000 1.000000 1.000000 0.983094
13 0.000000 0.000000 0.000000
14 1 32.566146 19.126793 18.808457 4.000000 4.000000 1.000000 1.237850
14 0.000000 0.000000 0.000000
15 1 52.972046 83.447473 194.058652 1.000000 1.000000 1.000000 0.983094
15 0.000000 0.000000 0.000000
16 1 63.177808 82.724394 33.081949 1.000000 1.000000 1.000000 0.983094
16 0.000000 0.000000 0.000000
18 1 69.824330 72.836146 164.678275 1.000000 1.000000 1.000000 0.983094
18 0.000000 0.000000 0.000000
19 1 53.885005 42.669806 181.520693 3.000000 3.000000 1.000000 1.197480
19 0.000000 0.000000 0.000000
20 1 91.281373 8.442956 117.214185 1.000000 1.000000 1.000000 0.983094
20 0.000000 0.000000 0.000000
22 1 84.849610 49.566024 131.897456 2.000000 2.000000 1.000000 1.127810
22 0.000000 0.000000 0.000000
23 1 75.146455 47.432801 108.678389 1.000000 1.000000 1.000000 0.983094
23 0.000000 0.000000 0.000000
24 1 10.912565 67.336997 91.008564 1.000000 1.000000 1.000000 0.983094
24 0.000000 0.000000 0.000000
25 1 90.249258 84.672880 66.667202 1.000000 1.000000 1.000000 0.983094
25 0.000000 0.000000 0.000000
26 1 98.241215 48.666209 60.368518 1.000000 1.000000 1.000000 0.983094
26 0.000000 0.000000 0.000000
29 1 37.230575 31.916227 15.085804 2.000000 2.000000 1.000000 1.127810
29 0.000000 0.000000 0.000000
30 1 15.790747 43.960931 196.387492 1.000000 1.000000 1.000000 0.983094
30 0.000000 0.000000 0.000000
31 1 86.000074 40.972469 23.146605 1.000000 1.000000 1.000000 0.983094
31 0.000000 0.000000 0.000000
32 1 0.828864 66.549459 148.574227 1.000000 1.000000 1.000000 0.983094
32 0.000000 0.000000 0.000000
33 1 56.694629 62.545549 36.593833 2.000000 2.000000 1.000000 1.127810
33 0.000000 0.000000 0.000000
36 1 91.342863 99.659809 52.279699 1.000000 1.000000 1.000000 0.983094
36 0.000000 0.000000 0.000000
37 1 86.624860 16.220983 150.737089 1.000000 1.000000 1.000000 0.983094
37 0.000000 0.000000 0.000000
38 1 75.716970 55.485205 83.780013 1.000000 1.000000 1.000000 0.983094
38 0.000000 0.000000 0.000000
39 1 47.962715 92.718606 36.450602 1.000000 1.000000 1.000000 0.983094
39 0.000000 0.000000 0.000000
40 1 92.899628 91.391298 77.804322 2.000000 2.000000 1.000000 1.127810
40 0.000000 0.000000 0.000000
41 1 77.442515 33.267311 94.840416 1.000000 1.000000 1.000000 0.983094
41 0.000000 0.000000 0.000000
44 1 65.816282 71.557500 111.083166 1.000000 1.000000 1.000000 0.983094
44 0.000000 0.000000 0.000000
45 1 38.973738 20.925453 80.353165 1.000000 1.000000 1.000000 0.983094
45 0.000000 0.000000 0.000000
46 1 48.617431 2.751023 49.248826 1.000000 1.000000 1.000000 0.983094
46 0.000000 0.000000 0.000000
47 1 33.777029 63.267269 21.985099 2.000000 2.000000 1.000000 1.127810
47 0.000000 0.000000 0.000000
48 1 67.408207 37.105163 13.476559 2.000000 2.000000 1.000000 1.127810
48 0.000000 0.000000 0.000000
49 1 91.283952 41.795324 30.455046 1.000000 1.000000 1.000000 0.983094
49 0.000000 0.000000 0.000000
50 1 88.070852 66.421522 14.064049 1.000000 1.000000 1.000000 0.983094
50 0.000000 0.000000 0.000000
51 1 11.523444 43.452797 139.084045 1.000000 1.000000 1.000000 0.983094
51 0.000000 0.000000 0.000000
52 1 88.970030 96.313546 162.244828 1.000000 1.000000 1.000000 0.983094
52 0.000000 0.000000 0.000000
53 1 67.807245 93.252141 58.224137 1.000000 1.000000 1.000000 0.983094
53 0.000000 0.000000 0.000000
54 1 22.302924 36.953893 38.971966 1.000000 1.000000 1.000000 0.983094
54 0.000000 0.000000 0.000000
55 1 40.608012 75.109276 118.912903 1.000000 1.000000 1.000000 0.983094
55 0.000000 0.000000 0.000000
56 1 14.291175 61.263389 6.956750 1.000000 1.000000 1.000000 0.983094
56 0.000000 0.000000 0.000000
57 1 84.782504 98.932536 166.112192 1.000000 1.000000 1.000000 0.983094
57 0.000000 0.000000 0.000000
58 1 43.944740 51.589851 39.674309 2.000000 2.000000 1.000000 1.127810
58 0.000000 0.000000 0.000000
60 1 7.720425 33.545975 33.520614 3.000000 3.000000 1.000000 1.197480
60 0.000000 0.000000 0.000000
61 1 66.255658 8.404882 193.014748 1.000000 1.000000 1.000000 0.983094
61 0.000000 0.000000 0.000000
62 1 56.682599 21.740486 103.819082 2.000000 2.000000 1.000000 1.127810
62 0.000000 0.000000 0.000000
63 1 21.445538 6.288745 44.676667 1.000000 1.000000 1.000000 0.983094
63 0.000000 0.000000 0.000000
64 1 42.938383 82.086035 82.469084 2.000000 2.000000 1.000000 1.127810
64 0.000000 0.000000 0.000000
66 1 0.892608 60.595412 10.119586 1.000000 1.000000 1.000000 0.983094
66 0.000000 0.000000 0.000000
67 1 73.415285 18.235076 8.370335 1.000000 1.000000 1.000000 0.983094
67 0.000000 0.000000 0.000000
68 1 34.389846 32.011982 159.224883 2.000000 2.000000 1.000000 1.127810
68 0.000000 0.000000 0.000000
69 1 82.762050 68.175001 4.919601 1.000000 1.000000 1.000000 0.983094
69 0.000000 0.000000 0.000000
70 1 39.087097 59.357131 109.165381 1.000000 1.000000 1.000000 0.983094
70 0.000000 0.000000 0.000000
72 1 92.635581 92.912984 76.479165 2.000000 2.000000 1.000000 1.127810
72 0.000000 0.000000 0.000000
74 1 49.982873 15.842160 79.090292 1.000000 1.000000 1.000000 0.983094
74 0.000000 0.000000 0.000000
75 1 3.284430 14.712203 110.980886 1.000000 1.000000 1.000000 0.983094
75 0.000000 0.000000 0.000000
76 1 75.998439 47.968986 6.676256 1.000000 1.000000 1.000000 0.983094
76 0.000000 0.000000 0.000000
77 1 88.766331 57.041120 58.821720 1.000000 1.000000 1.000000 0.983094
77 0.000000 0.000000 0.000000
79 1 11.940662 8.677443 192.758426 1.000000 1.000000 1.000000 0.983094
79 0.000000 0.000000 0.000000
81 1 81.162495 12.280381 20.751056 1.000000 1.000000 1.000000 0.983094
81 0.000000 0.000000 0.000000
83 1 31.899511 82.735711 167.772199 1.000000 1.000000 1.000000 0.983094
83 0.000000 0.000000 0.000000
84 1 68.395439 95.991060 193.480738 1.000000 1.000000 1.000000 0.983094
84 0.000000 0.000000 0.000000
85 1 46.480124 3.312915 89.692789 1.000000 1.000000 1.000000 0.983094
85 0.000000 0.000000 0.000000
86 1 94.496633 4.356512 53.758417 1.000000 1.000000 1.000000 0.983094
86 0.000000 0.000000 0.000000
87 1 72.782765 48.741958 94.679429 1.000000 1.000000 1.000000 0.983094
87 0.000000 0.000000 0.000000
88 1 1.543066 81.041891 168.216969 1.000000 1.000000 1.000000 0.983094
88 0.000000 0.000000 0.000000
89 1 33.916926 29.444776 129.154764 1.000000 1.000000 1.000000 0.983094
89 0.000000 0.000000 0.000000
90 1 4.321057 74.855091 40.141594 2.000000 2.000000 1.000000 1.127810
90 0.000000 0.000000 0.000000
91 1 95.604515 89.714186 18.460660 1.000000 1.000000 1.000000 0.983094
91 0.000000 0.000000 0.000000
92 1 98.682302 44.764874 89.740134 1.000000 1.000000 1.000000 0.983094
92 0.000000 0.000000 0.000000
93 1 38.038076 81.144467 170.016841 1.000000 1.000000 1.000000 0.983094
93 0.000000 0.000000 0.000000
94 1 88.825197 82.145462 123.520477 1.000000 1.000000 1.000000 0.983094
94 0.000000 0.000000 0.000000
95 1 55.369646 4.412978 78.863769 1.000000 1.000000 1.000000 0.983094
95 0.000000 0.000000 0.000000
97 1 53.103431 98.075644 33.943693 2.000000 2.000000 1.000000 1.127810
97 0.000000 0.000000 0.000000
98 1 54.562421 38.117870 41.948910 1.000000 1.000000 1.000000 0.983094
98 0.000000 0.000000 0.000000
99 1 52.368241 71.460919 60.364227 1.000000 1.000000 1.000000 0.983094
99 0.000000 0.000000 0.000000
100 1 94.206103 19.158387 199.745455 1.000000 1.000000 1.000000 0.983094
100 0.000000 0.000000 0.000000
101 1 61.725328 7.999153 120.658844 1.000000 1.000000 1.000000 0.983094
101 0.000000 0.000000 0.000000
102 1 38.422597 62.687960 106.488315 2.000000 2.000000 1.000000 1.127810
102 0.000000 0.000000 0.000000
103 1 59.250042 48.529484 135.444332 1.000000 1.000000 1.000000 0.983094
103 0.000000 0.000000 0.000000
104 1 56.058250 3.334828 61.322420 3.000000 3.000000 1.000000 1.197480
104 0.000000 0.000000 0.000000
105 1 78.894432 48.824105 184.190171 1.000000 1.000000 1.000000 0.983094
105 0.000000 0.000000 0.000000
106 1 81.432582 10.810585 163.542202 1.000000 1.000000 1.000000 0.983094
106 0.000000 0.000000 0.000000
108 1 34.573787 33.835539 178.663087 1.000000 1.000000 1.000000 0.983094
108 0.000000 0.000000 0.000000
109 1 5.106645 50.093199 149.493371 1.000000 1.000000 1.000000 0.983094
109 0.000000 0.000000 0.000000
110 1 38.717095 56.171029 162.712607 1.000000 1.000000 1.000000 0.983094
110 0.000000 0.000000 0.000000
111 1 90.356094 12.058248 74.193326 1.000000 1.000000 1.000000 0.983094
111 0.000000 0.000000 0.000000
112 1 40.727358 30.107701 47.435856 2.000000 2.000000 1.000000 1.127810
112 0.000000 0.000000 0.000000
113 1 43.006478 70.891326 128.648162 2.000000 2.000000 1.000000 1.127810
113 0.000000 0.000000 0.000000
115 1 72.565187 43.252741 130.716071 1.000000 1.000000 1.000000 0.983094
115 0.000000 0.000000 0.000000
116 1 45.243627 80.643516 124.692485 1.000000 1.000000 1.000000 0.983094
116 0.000000 0.000000 0.000000
117 1 42.809675 50.467089 179.216773 1.000000 1.000000 1.000000 0.983094
117 0.000000 0.000000 0.000000
118 1 34.390734 10.620430 71.668783 1.000000 1.000000 1.000000 0.983094
118 0.000000 0.000000 0.000000
120 1 94.478991 55.942058 33.531239 4.000000 4.000000 1.000000 1.237850
120 0.000000 0.000000 0.000000
121 1 53.819591 23.921808 67.884661 1.000000 1.000000 1.000000 0.983094
121 0.000000 0.000000 0.000000
122 1 57.314781 23.633782 173.933106 1.000000 1.000000 1.000000 0.983094
122 0.000000 0.000000 0.000000
123 1 87.146759 99.346626 7.151178 1.000000 1.000000 1.000000 0.983094
123 0.000000 0.000000 0.000000
125 1 89.042244 49.068783 80.918934 1.000000 1.000000 1.000000 0.983094
125 0.000000 0.000000 0.000000
126 1 22.636251 76.375528 91.518391 1.000000 1.000000 1.000000 0.983094
126 0.000000 0.000000 0.000000
128 1 50.397728 8.167550 155.831579 1.000000 1.000000 1.000000 0.983094
128 0.000000 0.000000 0.000000
129 1 60.897726 47.187502 160.136335 1.000000 1.000000 1.000000 0.983094
129 0.000000 0.000000 0.000000
130 1 11.385397 23.158161 123.814001 1.000000 1.000000 1.000000 0.983094
130 0.000000 0.000000 0.000000
131 1 68.491713 84.646227 98.636095 1.000000 1.000000 1.000000 0.983094
131 0.000000 0.000000 0.000000
132 1 54.168073 56.213736 29.946147 3.000000 3.000000 1.000000 1.197480
132 0.000000 0.000000 0.000000
133 1 53.817781 84.846932 84.605612 1.000000 1.000000 1.000000 0.983094
133 0.000000 0.000000 0.000000
134 1 66.022912 36.846776 64.753490 1.000000 1.000000 1.000000 0.983094
134 0.000000 0.000000 0.000000
136 1 12.210418 31.141581 80.120488 1.000000 1.000000 1.000000 0.983094
136 0.000000 0.000000 0.000000
137 1 23.164222 67.472148 162.613496 1.000000 1.000000 1.000000 0.983094
137 0.000000 0.000000 0.000000
139 1 22.024753 45.885890 191.172164 1.000000 1.000000 1.000000 0.983094
139 0.000000 0.000000 0.000000
140 1 79.481315 70.714745 137.657294 1.000000 1.000000 1.000000 0.983094
140 0.000000 0.000000 0.000000
141 1 34.326978 62.483041 84.644809 1.000000 1.000000 1.000000 0.983094
141 0.000000 0.000000 0.000000
142 1 80.797223 5.833664 80.418416 1.000000 1.000000 1.000000 0.983094
142 0.000000 0.000000 0.000000
143 1 75.789073 44.408590 167.784431 1.000000 1.000000 1.000000 0.983094
143 0.000000 0.000000 0.000000
144 1 3.286798 43.987722 188.842388 1.000000 1.000000 1.000000 0.983094
144 0.000000 0.000000 0.000000
145 1 81.772294 74.161239 184.047254 1.000000 1.000000 1.000000 0.983094
145 0.000000 0.000000 0.000000
147 1 73.424885 55.158605 124.220012 2.000000 2.000000 1.000000 1.127810
147 0.000000 0.000000 0.000000
148 1 25.913504 12.910077 140.921615 1.000000 1.000000 1.000000 0.983094
148 0.000000 0.000000 0.000000
149 1 40.116034 28.600858 101.931986 1.000000 1.000000 1.000000 0.983094
149 0.000000 0.000000 0.000000
150 1 73.490635 26.210253 33.713661 1.000000 1.000000 1.000000 0.983094
150 0.000000 0.000000 0.000000
151 1 33.592411 37.296261 164.484805 1.000000 1.000000 1.000000 0.983094
151 0.000000 0.000000 0.000000
152 1 41.914569 55.218679 132.865593 1.000000 1.000000 1.000000 0.983094
152 0.000000 0.000000 0.000000
154 1 10.646391 74.648926 122.317498 1.000000 1.000000 1.000000 0.983094
154 0.000000 0.000000 0.000000
156 1 99.827062 91.397453 61.171000 1.000000 1.000000 1.000000 0.983094
156 0.000000 0.000000 0.000000
157 1 34.077323 54.459818 140.073886 1.000000 1.000000 1.000000 0.983094
157 0.000000 0.000000 0.000000
158 1 30.948087 21.709818 196.294896 1.000000 1.000000 1.000000 0.983094
158 0.000000 0.000000 0.000000
159 1 39.080522 14.054046 178.218920 1.000000 1.000000 1.000000 0.983094
159 0.000000 0.000000 0.000000
160 1 23.912999 77.417186 41.768118 1.000000 1.000000 1.000000 0.983094
160 0.000000 0.000000 0.000000
161 1 98.830234 56.459980 111.373765 1.000000 1.000000 1.000000 0.983094
161 0.000000 0.000000 0.000000
163 1 28.926545 77.065937 35.825341 1.000000 1.000000 1.000000 0.983094
163 0.000000 0.000000 0.000000
165 1 98.336614 17.697257 148.952958 2.000000 2.000000 1.000000 1.127810
165 0.000000 0.000000 0.000000
166 1 72.888049 91.405647 87.340303 1.000000 1.000000 1.000000 0.983094
166 0.000000 0.000000 0.000000
168 1 99.769864 7.350052 158.273645 2.000000 2.000000 1.000000 1.127810
168 0.000000 0.000000 0.000000
169 1 48.328367 17.167900 48.541830 2.000000 2.000000 1.000000 1.127810
169 0.000000 0.000000 0.000000
170 1 31.968428 66.669350 187.270066 1.000000 1.000000 1.000000 0.983094
170 0.000000 0.000000 0.000000
171 1 73.227400 89.466897 117.245346 1.000000 1.000000 1.000000 0.983094
171 0.000000 0.000000 0.000000
173 1 41.100726 69.473399 83.398417 1.000000 1.000000 1.000000 0.983094
173 0.000000 0.000000 0.000000
175 1 45.674561 20.013811 105.406349 1.000000 1.000000 1.000000 0.983094
175 0.000000 0.000000 0.000000
176 1 34.649949 99.122465 80.079428 1.000000 1.000000 1.000000 0.983094
176 0.000000 0.000000 0.000000
177 1 56.495448 34.610963 105.057000 1.000000 1.000000 1.000000 0.983094
177 0.000000 0.000000 0.000000
178 1 36.067200 34.734833 17.670497 1.000000 1.000000 1.000000 0.983094
178 0.000000 0.000000 0.000000
179 1 35.818694 76.860615 79.494526 3.000000 3.000000 1.000000 1.197480
179 0.000000 0.000000 0.000000
181 1 27.677302 17.867956 184.903681 1.000000 1.000000 1.000000 0.983094
181 0.000000 0.000000 0.000000
183 1 7.826573 13.599773 123.484887 1.000000 1.000000 1.000000 0.983094
183 0.000000 0.000000 0.000000
184 1 65.654330 99.025742 65.769041 1.000000 1.000000 1.000000 0.983094
184 0.000000 0.000000 0.000000
186 1 80.275829 9.869444 20.065199 1.000000 1.000000 1.000000 0.983094
186 0.000000 0.000000 0.000000
187 1 37.285819 65.005828 52.233073 1.000000 1.000000 1.000000 0.983094
187 0.000000 0.000000 0.000000
188 1 70.336647 4.003647 29.877250 2.000000 2.000000 1.000000 1.127810
188 0.000000 0.000000 0.000000
189 1 75.116409 87.163386 88.134756 1.000000 1.000000 1.000000 0.983094
189 0.000000 0.000000 0.000000
191 1 61.792452 61.961674 93.068271 1.000000 1.000000 1.000000 0.983094
191 0.000000 0.000000 0.000000
192 1 64.227650 77.216346 13.400219 1.000000 1.000000 1.000000 0.983094
192 0.000000 0.000000 0.000000
193 1 23.151327 63.688183 199.826405 1.000000 1.000000 1.000000 0.983094
193 0.000000 0.000000 0.000000
194 1 2.921663 44.323582 180.230172 1.000000 1.000000 1.000000 0.983094
194 0.000000 0.000000 0.000000
195 1 7.437403 34.428519 159.408479 1.000000 1.000000 1.000000 0.983094
195 0.000000 0.000000 0.000000
196 1 60.984060 47.664098 116.642595 1.000000 1.000000 1.000000 0.983094
196 0.000000 0.000000 0.000000
197 1 72.916132 2.247900 96.053197 1.000000 1.000000 1.000000 0.983094
197 0.000000 0.000000 0.000000
198 1 86.084578 86.485467 9.899328 4.000000 4.000000 1.000000 1.237850
198 0.000000 0.000000 0.000000
199 1 23.025394 91.239210 169.137999 1.000000 1.000000 1.000000 0.983094
199 0.000000 0.000000 0.000000
200 1 45.494220 27.923629 152.192723 1.000000 1.000000 1.000000 0.983094
200 0.000000 0.000000 0.000000
201 1 40.674938 29.658930 110.727866 1.000000 1.000000 1.000000 0.983094
201 0.000000 0.000000 0.000000
203 1 59.553120 82.209768 20.529806 1.000000 1.000000 1.000000 0.983094
203 0.000000 0.000000 0.000000
204 1 32.680976 18.790653 121.044204 1.000000 1.000000 1.000000 0.983094
204 0.000000 0.000000 0.000000
205 1 50.021357 87.784554 29.495479 1.000000 1.000000 1.000000 0.983094
205 0.000000 0.000000 0.000000
206 1 43.472304 10.587307 9.148920 1.000000 1.000000 1.000000 0.983094
206 0.000000 0.000000 0.000000
207 1 39.381037 83.041781 132.497306 1.000000 1.000000 1.000000 0.983094
207 0.000000 0.000000 0.000000
208 1 15.643078 92.921902 84.575643 1.000000 1.000000 1.000000 0.983094
208 0.000000 0.000000 0.000000
209 1 61.959448 91.453424 106.819386 1.000000 1.000000 1.000000 0.983094
209 0.000000 0.000000 0.000000
211 1 58.184806 63.386209 71.131429 1.000000 1.000000 1.000000 0.983094
211 0.000000 0.000000 0.000000
212 1 92.637741 24.108156 109.870164 1.000000 1.000000 1.000000 0.983094
212 0.000000 0.000000 0.000000
214 1 35.124311 34.743659 34.744286 1.000000 1.000000 1.000000 0.983094
214 0.000000 0.000000 0.000000
215 1 19.675012 22.605550 58.437140 2.000000 2.000000 1.000000 1.127810
215 0.000000 0.000000 0.000000
216 1 7.834350 50.594762 133.410437 1.000000 1.000000 1.000000 0.983094
216 0.000000 0.000000 0.000000
217 1 29.378543 26.686859 169.729196 1.000000 1.000000 1.000000 0.983094
217 0.000000 0.000000 0.000000
218 1 29.513194 55.795175 109.915033 1.000000 1.000000 1.000000 0.983094
218 0.000000 0.000000 0.000000
219 1 81.806015 67.039209 55.108615 1.000000 1.000000 1.000000 0.983094
219 0.000000 0.000000 0.000000
220 1 90.978876 65.938364 96.622990 1.000000 1.000000 1.000000 0.983094
220 0.000000 0.000000 0.000000
221 1 23.360008 25.440911 163.858796 1.000000 1.000000 1.000000 0.983094
221 0.000000 0.000000 0.000000
222 1 42.246960 39.873140 103.689235 1.000000 1.000000 1.000000 0.983094
222 0.000000 0.000000 0.000000
223 1 84.645454 44.682522 131.217072 1.000000 1.000000 1.000000 0.983094
223 0.000000 0.000000 0.000000
224 1 37.928425 2.715408 197.406626 1.000000 1.000000 1.000000 0.983094
224 0.000000 0.000000 0.000000
225 1 35.538329 24.262754 104.030909 1.000000 1.000000 1.000000 0.983094
225 0.000000 0.000000 0.000000
226 1 6.818784 91.892673 75.164364 1.000000 1.000000 1.000000 0.983094
226 0.000000 0.000000 0.000000
227 1 30.606778 30.231184 174.017216 1.000000 1.000000 1.000000 0.983094
227 0.000000 0.000000 0.000000
228 1 57.238795 55.091167 46.804079 1.000000 1.000000 1.000000 0.983094
228 0.000000 0.000000 0.000000
229 1 24.881064 88.432390 18.955668 1.000000 1.000000 1.000000 0.983094
229 0.000000 0.000000 0.000000
230 1 45.292756 31.504974 192.200034 1.000000 1.000000 1.000000 0.983094
230 0.000000 0.000000 0.000000
231 1 3.174346 34.314281 199.876434 1.000000 1.000000 1.000000 0.983094
231 0.000000 0.000000 0.000000
232 1 16.742620 58.178456 55.219720 1.000000 1.000000 1.000000 0.983094
232 0.000000 0.000000 0.000000
233 1 18.327769 85.832915 26.905859 1.000000 1.000000 1.000000 0.983094
233 0.000000 0.000000 0.000000
235 1 15.667507 80.331924 1.407696 1.000000 1.000000 1.000000 0.983094
235 0.000000 0.000000 0.000000
236 1 67.235638 32.316194 184.313161 1.000000 1.000000 1.000000 0.983094
236 0.000000 0.000000 0.000000
237 1 21.477216 90.113564 59.553761 1.000000 1.000000 1.000000 0.983094
237 0.000000 0.000000 0.000000
238 1 27.127246 39.636925 125.845960 1.000000 1.000000 1.000000 0.983094
238 0.000000 0.000000 0.000000
239 1 16.220743 61.947782 166.623483 1.000000 1.000000 1.000000 0.983094
239 0.000000 0.000000 0.000000
240 1 30.891098 36.336384 55.371286 1.000000 1.000000 1.000000 0.983094
240 0.000000 0.000000 0.000000
242 1 34.940145 88.658320 79.751626 1.000000 1.000000 1.000000 0.983094
242 0.000000 0.000000 0.000000
243 1 98.595878 9.727167 75.172040 1.000000 1.000000 1.000000 0.983094
243 0.000000 0.000000 0.000000
244 1 91.291118 55.892721 58.641724 2.000000 2.000000 1.000000 1.127810
244 0.000000 0.000000 0.000000
245 1 89.800442 39.174164 7.498871 1.000000 1.000000 1.000000 0.983094
245 0.000000 0.000000 0.000000
246 1 61.397118 98.579843 91.298141 1.000000 1.000000 1.000000 0.983094
246 0.000000 0.000000 0.000000
247 1 47.975816 40.440425 112.329251 2.000000 2.000000 1.000000 1.127810
247 0.000000 0.000000 0.000000
248 1 15.907038 31.398486 64.569776 1.000000 1.000000 1.000000 0.983094
248 0.000000 0.000000 0.000000
249 1 62.370693 92.515083 197.639333 1.000000 1.000000 1.000000 0.983094
249 0.000000 0.000000 0.000000
250 1 88.538218 7.049854 103.460112 1.000000 1.000000 1.000000 0.983094
250 0.000000 0.000000 0.000000
251 1 49.853414 4.688593 143.596720 1.000000 1.000000 1.000000 0.983094
251 0.000000 0.000000 0.000000
252 1 92.959852 39.601973 37.616424 1.000000 1.000000 1.000000 0.983094
252 0.000000 0.000000 0.000000
254 1 72.439927 56.950011 174.625381 1.000000 1.000000 1.000000 0.983094
254 0.000000 0.000000 0.000000
255 1 94.283892 24.268090 51.004246 1.000000 1.000000 1.000000 0.983094
255 0.000000 0.000000 0.000000
256 1 39.944702 43.993809 154.423223 1.000000 1.000000 1.000000 0.983094
256 0.000000 0.000000 0.000000
257 1 72.699789 69.039068 6.367419 1.000000 1.000000 1.000000 0.983094
257 0.000000 0.000000 0.000000
258 1 42.199466 0.334365 120.500438 1.000000 1.000000 1.000000 0.983094
258 0.000000 0.000000 0.000000
260 1 88.062796 41.509206 164.484820 1.000000 1.000000 1.000000 0.983094
260 0.000000 0.000000 0.000000
261 1 4.449265 82.616747 198.745362 1.000000 1.000000 1.000000 0.983094
261 0.000000 0.000000 0.000000
262 1 66.540239 46.777512 32.853754 1.000000 1.000000 1.000000 0.983094
262 0.000000 0.000000 0.000000
263 1 40.645995 74.064314 6.496545 2.000000 2.000000 1.000000 1.127810
263 0.000000 0.000000 0.000000
266 1 34.329375 7.569497 158.470738 1.000000 1.000000 1.000000 0.983094
266 0.000000 0.000000 0.000000
267 1 53.080665 45.240130 143.688224 1.000000 1.000000 1.000000 0.983094
267 0.000000 0.000000 0.000000
268 1 92.973178 55.065638 172.896238 1.000000 1.000000 1.000000 0.983094
268 0.000000 0.000000 0.000000
269 1 60.669840 41.708629 84.060950 1.000000 1.000000 1.000000 0.983094
269 0.000000 0.000000 0.000000
270 1 27.187645 6.568591 36.109429 1.000000 1.000000 1.000000 0.983094
270 0.000000 0.000000 0.000000
271 1 97.946151 14.394560 159.522167 1.000000 1.000000 1.000000 0.983094
271 0.000000 0.000000 0.000000
273 1 63.737170 95.886389 199.179363 2.000000 2.000000 1.000000 1.127810
273 0.000000 0.000000 0.000000
274 1 81.915741 83.729254 33.037191 1.000000 1.000000 1.000000 0.983094
274 0.000000 0.000000 0.000000
276 1 61.906296 58.403763 112.204393 1.000000 1.000000 1.000000 0.983094
276 0.000000 0.000000 0.000000
277 1 93.338683 5.463660 128.415760 1.000000 1.000000 1.000000 0.983094
277 0.000000 0.000000 0.000000
278 1 99.174766 77.229479 106.373288 1.000000 1.000000 1.000000 0.983094
278 0.000000 0.000000 0.000000
279 1 25.759224 99.177200 39.520492 1.000000 1.000000 1.000000 0.983094
279 0.000000 0.000000 0.000000
281 1 83.709677 27.584688 155.411566 1.000000 1.000000 1.000000 0.983094
281 0.000000 0.000000 0.000000
282 1 18.172972 52.323114 45.014695 1.000000 1.000000 1.000000 0.983094
282 0.000000 0.000000 0.000000
283 1 64.185970 26.335613 72.549974 1.000000 1.000000 1.000000 0.983094
283 0.000000 0.000000 0.000000
284 1 78.735843 54.771339 187.854707 1.000000 1.000000 1.000000 0.983094
284 0.000000 0.000000 0.000000
285 1 65.462042 66.641499 70.545597 1.000000 1.000000 1.000000 0.983094
285 0.000000 0.000000 0.000000
286 1 58.331091 52.590838 76.917359 2.000000 2.000000 1.000000 1.127810
286 0.000000 0.000000 0.000000
287 1 52.297627 85.020525 35.736261 1.000000 1.000000 1.000000 0.983094
287 0.000000 0.000000 0.000000
288 1 35.295670 38.481261 64.160149 3.000000 3.000000 1.000000 1.197480
288 0.000000 0.000000 0.000000
289 1 12.608099 48.975970 89.743348 1.000000 1.000000 1.000000 0.983094
289 0.000000 0.000000 0.000000
290 1 33.799515 96.327776 88.268475 1.000000 1.000000 1.000000 0.983094
290 0.000000 0.000000 0.000000
292 1 86.627457 90.189663 97.289709 1.000000 1.000000 1.000000 0.983094
292 0.000000 0.000000 0.000000
293 1 13.962953 11.417525 67.056134 3.000000 3.000000 1.000000 1.197480
293 0.000000 0.000000 0.000000
295 1 25.050383 30.620915 102.514724 1.000000 1.000000 1.000000 0.983094
295 0.000000 0.000000 0.000000
296 1 6.492927 89.148527 69.583658 1.000000 1.000000 1.000000 0.983094
296 0.000000 0.000000 0.000000
297 1 29.209298 9.519007 185.145496 1.000000 1.000000 1.000000 0.983094
297 0.000000 0.000000 0.000000
298 1 81.222888 96.876048 108.208371 1.000000 1.000000 1.000000 0.983094
298 0.000000 0.000000 0.000000
299 1 58.483349 42.328007 10.937778 1.000000 1.000000 1.000000 0.983094
299 0.000000 0.000000 0.000000
302 1 63.867478 24.779993 197.254622 1.000000 1.000000 1.000000 0.983094
302 0.000000 0.000000 0.000000
303 1 41.344126 91.970517 152.717433 1.000000 1.000000 1.000000 0.983094
303 0.000000 0.000000 0.000000
304 1 33.224291 13.834051 24.263621 1.000000 1.000000 1.000000 0.983094
304 0.000000 0.000000 0.000000
305 1 52.569678 7.984803 138.095890 1.000000 1.000000 1.000000 0.983094
305 0.000000 0.000000 0.000000
306 1 52.600307 61.411289 69.599197 1.000000 1.000000 1.000000 0.983094
306 0.000000 0.000000 0.000000
307 1 20.800651 43.190028 133.616541 1.000000 1.000000 1.000000 0.983094
307 0.000000 0.000000 0.000000
308 1 23.275546 94.886883 164.607416 1.000000 1.000000 1.000000 0.983094
308 0.000000 0.000000 0.000000
309 1 8.259637 25.658989 180.859833 1.000000 1.000000 1.000000 0.983094
309 0.000000 0.000000 0.000000
310 1 40.108137 92.751350 123.222307 1.000000 1.000000 1.000000 0.983094
310 0.000000 0.000000 0.000000
311 1 88.271641 78.061953 146.889952 2.000000 2.000000 1.000000 1.127810
311 0.000000 0.000000 0.000000
313 1 56.553657 4.236794 162.191752 2.000000 2.000000 1.000000 1.127810
313 0.000000 0.000000 0.000000
314 1 61.663223 74.512836 21.803903 1.000000 1.000000 1.000000 0.983094
314 0.000000 0.000000 0.000000
315 1 38.766932 37.436541 52.758957 1.000000 1.000000 1.000000 0.983094
315 0.000000 0.000000 0.000000
317 1 68.623515 91.038611 7.802323 1.000000 1.000000 1.000000 0.983094
317 0.000000 0.000000 0.000000
318 1 22.316468 36.254658 104.570605 1.000000 1.000000 1.000000 0.983094
318 0.000000 0.000000 0.000000
319 1 93.931571 56.943247 129.218759 1.000000 1.000000 1.000000 0.983094
319 0.000000 0.000000 0.000000
320 1 34.013589 46.837206 103.339082 1.000000 1.000000 1.000000 0.983094
320 0.000000 0.000000 0.000000
321 1 93.755638 21.446996 132.552354 1.000000 1.000000 1.000000 0.983094
321 0.000000 0.000000 0.000000
323 1 82.158148 43.941578 127.754313 1.000000 1.000000 1.000000 0.983094
323 0.000000 0.000000 0.000000
324 1 63.970748 99.154105 52.387718 2.000000 2.000000 1.000000 1.127810
324 0.000000 0.000000 0.000000
325 1 51.853954 62.231703 102.944157 1.000000 1.000000 1.000000 0.983094
325 0.000000 0.000000 0.000000
326 1 97.744364 58.048188 51.199807 1.000000 1.000000 1.000000 0.983094
326 0.000000 0.000000 0.000000
328 1 31.443937 62.982013 159.324395 1.000000 1.000000 1.000000 0.983094
328 0.000000 0.000000 0.000000
329 1 29.011115 81.872580 121.058704 1.000000 1.000000 1.000000 0.983094
329 0.000000 0.000000 0.000000
330 1 30.854889 74.031559 62.137696 1.000000 1.000000 1.000000 0.983094
330 0.000000 0.000000 0.000000
331 1 72.878807 4.503421 59.302969 1.000000 1.000000 1.000000 0.983094
331 0.000000 0.000000 0.000000
332 1 15.041200 43.967059 179.456181 3.000000 3.000000 1.000000 1.197480
332 0.000000 0.000000 0.000000
333 1 68.475424 48.932355 193.948058 1.000000 1.000000 1.000000 0.983094
333 0.000000 0.000000 0.000000
335 1 20.131442 47.084508 64.776172 1.000000 1.000000 1.000000 0.983094
335 0.000000 0.000000 0.000000
336 1 55.385419 42.718054 51.213586 1.000000 1.000000 1.000000 0.983094
336 0.000000 0.000000 0.000000
337 1 23.481981 49.010460 113.810007 1.000000 1.000000 1.000000 0.983094
337 0.000000 0.000000 0.000000
338 1 58.262521 21.994357 154.040008 1.000000 1.000000 1.000000 0.983094
338 0.000000 0.000000 0.000000
340 1 72.015131 84.654979 189.860145 1.000000 1.000000 1.000000 0.983094
340 0.000000 0.000000 0.000000
341 1 38.770580 1.109613 12.274504 1.000000 1.000000 1.000000 0.983094
341 0.000000 0.000000 0.000000
342 1 51.149919 60.790518 37.584177 1.000000 1.000000 1.000000 0.983094
342 0.000000 0.000000 0.000000
343 1 1.493197 34.312121 94.931734 1.000000 1.000000 1.000000 0.983094
343 0.000000 0.000000 0.000000
344 1 1.010876 82.682514 24.312647 1.000000 1.000000 1.000000 0.983094
344 0.000000 0.000000 0.000000
345 1 43.112945 57.502897 150.288508 2.000000 2.000000 1.000000 1.127810
345 0.000000 0.000000 0.000000
348 1 68.455190 10.225419 81.369496 1.000000 1.000000 1.000000 0.983094
348 0.000000 0.000000 0.000000
349 1 75.888213 31.749392 136.199381 2.000000 2.000000 1.000000 1.127810
349 0.000000 0.000000 0.000000
350 1 41.383900 53.855475 66.586846 1.000000 1.000000 1.000000 0.983094
350 0.000000 0.000000 0.000000
351 1 49.705664 10.537675 176.269920 2.000000 2.000000 1.000000 1.127810
351 0.000000 0.000000 0.000000
352 1 49.039094 67.718725 148.923777 1.000000 1.000000 1.000000 0.983094
352 0.000000 0.000000 0.000000
353 1 55.098376 62.065789 157.641612 1.000000 1.000000 1.000000 0.983094
353 0.000000 0.000000 0.000000
355 1 59.949781 70.732802 119.046163 1.000000 1.000000 1.000000 0.983094
355 0.000000 0.000000 0.000000
356 1 39.763856 9.990679 114.506435 2.000000 2.000000 1.000000 1.127810
356 0.000000 0.000000 0.000000
357 1 47.022870 9.727795 17.378652 1.000000 1.000000 1.000000 0.983094
357 0.000000 0.000000 0.000000
358 1 60.399239 29.072868 112.557113 1.000000 1.000000 1.000000 0.983094
358 0.000000 0.000000 0.000000
359 1 50.398556 63.126888 160.963349 1.000000 1.000000 1.000000 0.983094
359 0.000000 0.000000 0.000000
360 1 96.588457 87.142082 162.063454 1.000000 1.000000 1.000000 0.983094
360 0.000000 0.000000 0.000000
361 1 26.479265 30.694435 113.374273 1.000000 1.000000 1.000000 0.983094
361 0.000000 0.000000 0.000000
362 1 45.236503 80.590301 151.999173 1.000000 1.000000 1.000000 0.983094
362 0.000000 0.000000 0.000000
363 1 97.070192 3.666442 42.694488 1.000000 1.000000 1.000000 0.983094
363 0.000000 0.000000 0.000000
364 1 42.900585 5.020504 101.759973 1.000000 1.000000 1.000000 0.983094
364 0.000000 0.000000 0.000000
366 1 66.246470 73.232755 114.967158 1.000000 1.000000 1.000000 0.983094
366 0.000000 0.000000 0.000000
367 1 42.315583 65.029456 68.152426 1.000000 1.000000 1.000000 0.983094
367 0.000000 0.000000 0.000000
368 1 51.786273 80.185177 124.552596 2.000000 2.000000 1.000000 1.127810
368 0.000000 0.000000 0.000000
369 1 11.856826 9.462700 184.223432 1.000000 1.000000 1.000000 0.983094
369 0.000000 0.000000 0.000000
370 1 34.429426 19.551629 114.077491 1.000000 1.000000 1.000000 0.983094
370 0.000000 0.000000 0.000000
371 1 25.570253 92.771727 162.842186 1.000000 1.000000 1.000000 0.983094
371 0.000000 0.000000 0.000000
372 1 83.181565 59.621567 167.208895 1.000000 1.000000 1.000000 0.983094
372 0.000000 0.000000 0.000000
373 1 84.267274 87.513268 123.882420 1.000000 1.000000 1.000000 0.983094
373 0.000000 0.000000 0.000000
375 1 85.580577 37.766215 159.095303 1.000000 1.000000 1.000000 0.983094
375 0.000000 0.000000 0.000000
376 1 96.828137 53.731052 162.438083 1.000000 1.000000 1.000000 0.983094
376 0.000000 0.000000 0.000000
377 1 1.942421 51.463735 111.260953 1.000000 1.000000 1.000000 0.983094
377 0.000000 0.000000 0.000000
378 1 7.878168 73.995492 68.560482 2.000000 2.000000 1.000000 1.127810
378 0.000000 0.000000 0.000000
379 1 75.316535 87.364337 82.397941 1.000000 1.000000 1.000000 0.983094
379 0.000000 0.000000 0.000000
380 1 81.362048 77.089398 27.622078 1.000000 1.000000 1.000000 0.983094
380 0.000000 0.000000 0.000000
381 1 29.534432 24.442072 101.442955 1.000000 1.000000 1.000000 0.983094
381 0.000000 0.000000 0.000000
382 1 54.892790 17.626134 164.767664 1.000000 1.000000 1.000000 0.983094
382 0.000000 0.000000 0.000000
383 1 3.750303 9.024614 144.509663 1.000000 1.000000 1.000000 0.983094
383 0.000000 0.000000 0.000000
384 1 57.410084 66.446202 109.345524 1.000000 1.000000 1.000000 0.983094
384 0.000000 0.000000 0.000000
385 1 26.425763 14.005721 165.503344 2.000000 2.000000 1.000000 1.127810
385 0.000000 0.000000 0.000000
387 1 59.594959 17.572223 18.223036 1.000000 1.000000 1.000000 0.983094
387 0.000000 0.000000 0.000000
388 1 66.734731 9.493060 148.637793 1.000000 1.000000 1.000000 0.983094
388 0.000000 0.000000 0.000000
389 1 8.227984 62.776537 156.720811 1.000000 1.000000 1.000000 0.983094
389 0.000000 0.000000 0.000000
391 1 24.889630 14.251413 64.373137 1.000000 1.000000 1.000000 0.983094
391 0.000000 0.000000 0.000000
392 1 24.294586 85.751341 97.770940 2.000000 2.000000 1.000000 1.127810
392 0.000000 0.000000 0.000000
394 1 41.770539 73.760189 179.424309 4.000000 4.000000 1.000000 1.237850
394 0.000000 0.000000 0.000000
396 1 46.089160 45.824725 20.625273 1.000000 1.000000 1.000000 0.983094
396 0.000000 0.000000 0.000000
397 1 62.826146 61.719718 45.669883 1.000000 1.000000 1.000000 0.983094
397 0.000000 0.000000 0.000000
398 1 76.873516 84.376477 44.406041 1.000000 1.000000 1.000000 0.983094
398 0.000000 0.000000 0.000000
399 1 41.325883 69.934754 66.172563 1.000000 1.000000 1.000000 0.983094
399 0.000000 0.000000 0.000000
400 1 97.460891 7.812061 9.916535 1.000000 1.000000 1.000000 0.983094
400 0.000000 0.000000 0.000000
401 1 66.490021 97.623313 12.637595 1.000000 1.000000 1.000000 0.983094
401 0.000000 0.000000 0.000000
402 1 72.117544 50.262068 199.080680 1.000000 1.000000 1.000000 0.983094
402 0.000000 0.000000 0.000000
403 1 25.164350 67.857301 143.532137 1.000000 1.000000 1.000000 0.983094
403 0.000000 0.000000 0.000000
404 1 21.369012 28.314391 86.390405 1.000000 1.000000 1.000000 0.983094
404 0.000000 0.000000 0.000000
405 1 95.332591 53.581136 22.229889 1.000000 1.000000 1.000000 0.983094
405 0.000000 0.000000 0.000000
406 1 43.506406 87.692015 130.616000 1.000000 1.000000 1.000000 0.983094
406 0.000000 0.000000 0.000000
407 1 66.790071 21.597573 175.814096 1.000000 1.000000 1.000000 0.983094
407 0.000000 0.000000 0.000000
408 1 78.902803 26.964725 78.300187 1.000000 1.000000 1.000000 0.983094
408 0.000000 0.000000 0.000000
409 1 8.736786 16.547033 130.617885 1.000000 1.000000 1.000000 0.983094
409 0.000000 0.000000 0.000000
410 1 0.202576 26.935152 111.879500 1.000000 1.000000 1.000000 0.983094
410 0.000000 0.000000 0.000000
411 1 47.004168 29.899894 23.731576 1.000000 1.000000 1.000000 0.983094
411 0.000000 0.000000 0.000000
412 1 70.012151 90.563271 158.575669 1.000000 1.000000 1.000000 0.983094
412 0.000000 0.000000 0.000000
414 1 5.895139 75.054090 75.326676 1.000000 1.000000 1.000000 0.983094
414 0.000000 0.000000 0.000000
415 1 12.417582 93.840022 65.134438 1.000000 1.000000 1.000000 0.983094
415 0.000000 0.000000 0.000000
416 1 58.094974 90.997482 186.637101 3.000000 3.000000 1.000000 1.197480
416 0.000000 0.000000 0.000000
417 1 2.691999 43.617694 123.930180 1.000000 1.000000 1.000000 0.983094
417 0.000000 0.000000 0.000000
418 1 21.868030 97.574919 41.064915 2.000000 2.000000 1.000000 1.127810
418 0.000000 0.000000 0.000000
420 1 7.952905 17.459351 70.702098 1.000000 1.000000 1.000000 0.983094
420 0.000000 0.000000 0.000000
421 1 49.493583 93.492322 5.702382 1.000000 1.000000 1.000000 0.983094
421 0.000000 0.000000 0.000000
424 1 67.047974 50.562940 144.825494 1.000000 1.000000 1.000000 0.983094
424 0.000000 0.000000 0.000000
426 1 22.374426 38.945017 28.448579 2.000000 2.000000 1.000000 1.127810
426 0.000000 0.000000 0.000000
427 1 10.308524 98.820942 166.964606 1.000000 1.000000 1.000000 0.983094
427 0.000000 0.000000 0.000000
428 1 9.396013 43.673606 71.116256 1.000000 1.000000 1.000000 0.983094
428 0.000000 0.000000 0.000000
429 1 34.522998 74.953831 159.851223 2.000000 2.000000 1.000000 1.127810
429 0.000000 0.000000 0.000000
430 1 37.622470 57.575591 12.275646 3.000000 3.000000 1.000000 1.197480
430 0.000000 0.000000 0.000000
431 1 5.077894 32.104743 91.536137 1.000000 1.000000 1.000000 0.983094
431 0.000000 0.000000 0.000000
432 1 81.153709 80.590295 60.308930 3.000000 3.000000 1.000000 1.197480
432 0.000000 0.000000 0.000000
433 1 32.404354 59.253270 167.502515 2.000000 2.000000 1.000000 1.127810
433 0.000000 0.000000 0.000000
434 1 10.019084 21.964041 81.677723 1.000000 1.000000 1.000000 0.983094
434 0.000000 0.000000 0.000000
436 1 91.230467 51.191457 48.214535 1.000000 1.000000 1.000000 0.983094
436 0.000000 0.000000 0.000000
439 1 48.499075 12.189871 74.260245 1.000000 1.000000 1.000000 0.983094
439 0.000000 0.000000 0.000000
441 1 66.225100 57.883629 147.530296 1.000000 1.000000 1.000000 0.983094
441 0.000000 0.000000 0.000000
442 1 88.215687 84.163908 112.827495 1.000000 1.000000 1.000000 0.983094
442 0.000000 0.000000 0.000000
446 1 17.097797 49.172642 59.671213 1.000000 1.000000 1.000000 0.983094
446 0.000000 0.000000 0.000000
447 1 96.802494 39.777866 125.321779 1.000000 1.000000 1.000000 0.983094
447 0.000000 0.000000 0.000000
448 1 61.888007 1.096164 110.720250 1.000000 1.000000 1.000000 0.983094
448 0.000000 0.000000 0.000000
449 1 14.485516 37.034870 74.789191 1.000000 1.000000 1.000000 0.983094
449 0.000000 0.000000 0.000000
450 1 40.465486 47.502166 169.408666 1.000000 1.000000 1.000000 0.983094
450 0.000000 0.000000 0.000000
451 1 66.158225 88.867984 199.392343 1.000000 1.000000 1.000000 0.983094
451 0.000000 0.000000 0.000000
452 1 66.850897 1.287543 52.890216 1.000000 1.000000 1.000000 0.983094
452 0.000000 0.000000 0.000000
453 1 85.226149 96.831148 182.518401 2.000000 2.000000 1.000000 1.127810
453 0.000000 0.000000 0.000000
456 1 12.687465 8.068990 109.872551 1.000000 1.000000 1.000000 0.983094
456 0.000000 0.000000 0.000000
457 1 82.040370 26.082664 168.470319 1.000000 1.000000 1.000000 0.983094
457 0.000000 0.000000 0.000000
458 1 8.733424 95.983757 64.226813 1.000000 1.000000 1.000000 0.983094
458 0.000000 0.000000 0.000000
459 1 61.562158 29.643006 104.479371 1.000000 1.000000 1.000000 0.983094
459 0.000000 0.000000 0.000000
460 1 55.068821 15.199927 52.423900 1.000000 1.000000 1.000000 0.983094
460 0.000000 0.000000 0.000000
461 1 90.361952 83.715072 18.952212 1.000000 1.000000 1.000000 0.983094
461 0.000000 0.000000 0.000000
462 1 2.270315 69.608442 165.862035 3.000000 3.000000 1.000000 1.197480
462 0.000000 0.000000 0.000000
463 1 82.484429 26.839166 164.071544 1.000000 1.000000 1.000000 0.983094
463 0.000000 0.000000 0.000000
464 1 43.968949 72.082888 69.646539 1.000000 1.000000 1.000000 0.983094
464 0.000000 0.000000 0.000000
465 1 1.985365 6.106663 51.901020 1.000000 1.000000 1.000000 0.983094
465 0.000000 0.000000 0.000000
466 1 54.943006 57.581045 196.579130 3.000000 3.000000 1.000000 1.197480
466 0.000000 0.000000 0.000000
467 1 71.135166 82.371799 165.615501 1.000000 1.000000 1.000000 0.983094
467 0.000000 0.000000 0.000000
469 1 12.910404 84.503931 197.295939 1.000000 1.000000 1.000000 0.983094
469 0.000000 0.000000 0.000000
470 1 95.622164 33.331913 133.674704 1.000000 1.000000 1.000000 0.983094
470 0.000000 0.000000 0.000000
471 1 82.871896 69.455519 125.852550 2.000000 2.000000 1.000000 1.127810
471 0.000000 0.000000 0.000000
473 1 27.016073 65.169587 26.644434 1.000000 1.000000 1.000000 0.983094
473 0.000000 0.000000 0.000000
474 1 26.033390 87.347653 179.873180 2.000000 2.000000 1.000000 1.127810
474 0.000000 0.000000 0.000000
475 1 16.380394 96.320388 70.917177 1.000000 1.000000 1.000000 0.983094
475 0.000000 0.000000 0.000000
477 1 65.636914 84.315095 25.999826 1.000000 1.000000 1.000000 0.983094
477 0.000000 0.000000 0.000000
478 1 26.020984 76.306192 113.102638 1.000000 1.000000 1.000000 0.983094
478 0.000000 0.000000 0.000000
481 1 4.771033 3.543113 192.075288 1.000000 1.000000 1.000000 0.983094
481 0.000000 0.000000 0.000000
482 1 45.594455 82.316467 47.777129 2.000000 2.000000 1.000000 1.127810
482 0.000000 0.000000 0.000000
483 1 98.779771 68.290030 13.786845 1.000000 1.000000 1.000000 0.983094
483 0.000000 0.000000 0.000000
484 1 70.938659 4.612412 47.226220 1.000000 1.000000 1.000000 0.983094
484 0.000000 0.000000 0.000000
486 1 46.379352 48.192793 98.027902 1.000000 1.000000 1.000000 0.983094
486 0.000000 0.000000 0.000000
488 1 3.489864 55.456367 83.753864 1.000000 1.000000 1.000000 0.983094
488 0.000000 0.000000 0.000000
489 1 92.330970 31.787489 38.918854 3.000000 3.000000 1.000000 1.197480
489 0.000000 0.000000 0.000000
491 1 66.261492 99.067930 76.064326 1.000000 1.000000 1.000000 0.983094
491 0.000000 0.000000 0.000000
492 1 81.795217 15.266964 11.886566 1.000000 1.000000 1.000000 0.983094
492 0.000000 0.000000 0.000000
493 1 84.376666 57.953630 36.347183 1.000000 1.000000 1.000000 0.983094
493 0.000000 0.000000 0.000000
495 1 59.516122 2.830020 13.738061 1.000000 1.000000 1.000000 0.983094
495 0.000000 0.000000 0.000000
496 1 75.524067 41.098439 174.624750 1.000000 1.000000 1.000000 0.983094
496 0.000000 0.000000 0.000000
497 1 7.287577 87.905269 1.041508 1.000000 1.000000 1.000000 0.983094
497 0.000000 0.000000 0.000000
498 1 95.029376 84.137200 183.925494 1.000000 1.000000 1.000000 0.983094
498 0.000000 0.000000 0.000000
499 1 95.239933 60.210595 100.269485 5.000000 5.000000 1.000000 1.263720
499 0.000000 0.000000 0.000000
