RESTART FILE
Timestep: 100

NUMBER OF PARTICLES
477

SIMULATION BOX
100 100 200

TIMESTEP
0.1

ATTRACTION RADIUS
25
0.983094 1.12781 1.19748 1.23785 1.26372 1.28133 1.2939 1.30312 1.31014 1.31562 1.32005 1.32351 1.32648 1.32881 1.33082 1.33244 1.33389 1.33515 1.3363 1.33723 1.33803 1.33868 1.33937 1.33991 1.34042 

AGGREGATES/BEADS
0 1 97.206133 78.003082 45.908092 1.000000 1.000000 1.000000 0.983094
0 0.000000 0.000000 0.000000
1 1 80.677141 4.815956 131.498539 1.000000 1.000000 1.000000 0.983094
1 0.000000 0.000000 0.000000
3 1 92.499955 73.833813 117.620368 1.000000 1.000000 1.000000 0.983094
3 0.000000 0.000000 0.000000
4 1 38.128577 85.324357 103.477285 1.000000 1.000000 1.000000 0.983094
4 0.000000 0.000000 0.000000
5 1 31.870408 63.528900 199.813691 1.000000 1.000000 1.000000 0.983094
5 0.000000 0.000000 0.000000
6 1 83.885258 4.260246 1.918577 1.000000 1.000000 1.000000 0.983094
6 0.000000 0.000000 0.000000
7 1 61.554902 19.170761 145.725490 1.000000 1.000000 1.000000 0.983094
7 0.000000 0.000000 0.000000
8 1 51.109063 96.745929 103.772742 1.000000 1.000000 1.000000 0.983094
8 0.000000 0.000000 0.000000
9 1 44.485831 25.370330 52.680291 1.000000 1.000000 1.000000 0.983094
9 0.000000 0.000000 0.000000
10 1 88.529482 0.115683 29.497373 1.000000 1.000000 1.000000 0.983094
10 0.000000 0.000000 0.000000
11 1 30.240955 51.485331 14.847155 1.000000 1.000000 1.000000 0.983094
11 0.000000 0.000000 0.000000
12 1 75.150992 81.423454 73.600839 1.000000 1.000000 1.000000 0.983094
12 0.000000 0.000000 0.000000
13 1 50.884947 56.925093 22.083841 1.000000 1.000000 1.000000 0.983094
13 0.000000 0.000000 0.000000
14 1 38.921076 24.585329 24.778607 1.000000 1.000000 1.000000 0.983094
14 0.000000 0.000000 0.000000
15 1 52.556697 64.304321 187.806378 1.000000 1.000000 1.000000 0.983094
15 0.000000 0.000000 0.000000
16 1 55.601676 72.030357 8.141228 1.000000 1.000000 1.000000 0.983094
16 0.000000 0.000000 0.000000
17 1 92.097531 79.554541 89.521730 2.000000 2.000000 1.000000 1.127810
17 0.000000 0.000000 0.000000
18 1 75.799630 79.341327 169.880392 1.000000 1.000000 1.000000 0.983094
18 0.000000 0.000000 0.000000
19 1 50.686469 55.989588 187.788880 1.000000 1.000000 1.000000 0.983094
19 0.000000 0.000000 0.000000
20 1 81.362534 11.447995 114.496959 1.000000 1.000000 1.000000 0.983094
20 0.000000 0.000000 0.000000
21 1 10.110479 43.458086 41.597891 1.000000 1.000000 1.000000 0.983094
21 0.000000 0.000000 0.000000
22 1 71.031006 31.604415 137.465598 1.000000 1.000000 1.000000 0.983094
22 0.000000 0.000000 0.000000
23 1 80.413077 45.960174 108.612789 1.000000 1.000000 1.000000 0.983094
23 0.000000 0.000000 0.000000
24 1 29.735786 72.181720 80.041532 1.000000 1.000000 1.000000 0.983094
24 0.000000 0.000000 0.000000
25 1 80.749408 88.526146 74.948382 1.000000 1.000000 1.000000 0.983094
25 0.000000 0.000000 0.000000
26 1 95.780297 41.033989 53.613909 1.000000 1.000000 1.000000 0.983094
26 0.000000 0.000000 0.000000
29 1 39.643403 35.312660 11.790978 1.000000 1.000000 1.000000 0.983094
29 0.000000 0.000000 0.000000
30 1 13.616245 39.865625 0.251061 1.000000 1.000000 1.000000 0.983094
30 0.000000 0.000000 0.000000
31 1 98.463871 37.151680 3.360769 1.000000 1.000000 1.000000 0.983094
31 0.000000 0.000000 0.000000
32 1 6.198071 56.233765 159.279365 1.000000 1.000000 1.000000 0.983094
32 0.000000 0.000000 0.000000
33 1 65.341776 54.708973 27.305452 1.000000 1.000000 1.000000 0.983094
33 0.000000 0.000000 0.000000
34 1 19.196751 6.079094 61.247116 1.000000 1.000000 1.000000 0.983094
34 0.000000 0.000000 0.000000
35 1 27.706936 20.766341 27.009055 1.000000 1.000000 1.000000 0.983094
35 0.000000 0.000000 0.000000
36 1 74.627217 90.494509 47.863441 1.000000 1.000000 1.000000 0.983094
36 0.000000 0.000000 0.000000
37 1 8.290207 9.636392 143.326377 1.000000 1.000000 1.000000 0.983094
37 0.000000 0.000000 0.000000
38 1 68.558390 59.535607 68.778864 1.000000 1.000000 1.000000 0.983094
38 0.000000 0.000000 0.000000
39 1 48.133135 1.994137 20.134137 1.000000 1.000000 1.000000 0.983094
39 0.000000 0.000000 0.000000
40 1 94.868688 0.091344 75.009747 2.000000 2.000000 1.000000 1.127810
40 0.000000 0.000000 0.000000
41 1 71.791660 26.249351 100.898731 1.000000 1.000000 1.000000 0.983094
41 0.000000 0.000000 0.000000
42 1 25.865185 80.281867 134.943911 1.000000 1.000000 1.000000 0.983094
42 0.000000 0.000000 0.000000
44 1 68.900424 78.015080 107.648551 1.000000 1.000000 1.000000 0.983094
44 0.000000 0.000000 0.000000
45 1 49.076894 1.361659 83.662356 1.000000 1.000000 1.000000 0.983094
45 0.000000 0.000000 0.000000
46 1 40.198765 88.292745 49.183131 1.000000 1.000000 1.000000 0.983094
46 0.000000 0.000000 0.000000
47 1 22.804359 60.717685 23.764894 2.000000 2.000000 1.000000 1.127810
47 0.000000 0.000000 0.000000
48 1 53.393476 34.433778 13.070725 1.000000 1.000000 1.000000 0.983094
48 0.000000 0.000000 0.000000
49 1 78.740941 45.498482 36.741586 1.000000 1.000000 1.000000 0.983094
49 0.000000 0.000000 0.000000
50 1 99.992212 80.469607 11.764299 1.000000 1.000000 1.000000 0.983094
50 0.000000 0.000000 0.000000
51 1 13.710090 44.777847 124.570394 1.000000 1.000000 1.000000 0.983094
51 0.000000 0.000000 0.000000
52 1 62.851679 96.179724 161.952707 1.000000 1.000000 1.000000 0.983094
52 0.000000 0.000000 0.000000
53 1 65.753243 86.066527 67.768568 1.000000 1.000000 1.000000 0.983094
53 0.000000 0.000000 0.000000
54 1 34.790300 60.694226 42.437376 1.000000 1.000000 1.000000 0.983094
54 0.000000 0.000000 0.000000
55 1 51.668956 72.338548 122.509627 1.000000 1.000000 1.000000 0.983094
55 0.000000 0.000000 0.000000
56 1 22.638683 71.306354 194.290863 1.000000 1.000000 1.000000 0.983094
56 0.000000 0.000000 0.000000
57 1 73.567676 2.710963 164.244457 1.000000 1.000000 1.000000 0.983094
57 0.000000 0.000000 0.000000
58 1 25.693674 43.464717 44.248845 1.000000 1.000000 1.000000 0.983094
58 0.000000 0.000000 0.000000
59 1 58.352218 95.361398 18.050599 1.000000 1.000000 1.000000 0.983094
59 0.000000 0.000000 0.000000
60 1 4.743104 31.539524 34.299057 1.000000 1.000000 1.000000 0.983094
60 0.000000 0.000000 0.000000
61 1 73.235810 2.505293 187.322342 1.000000 1.000000 1.000000 0.983094
61 0.000000 0.000000 0.000000
62 1 49.186858 18.348948 110.562444 1.000000 1.000000 1.000000 0.983094
62 0.000000 0.000000 0.000000
63 1 17.685104 11.773200 38.188729 1.000000 1.000000 1.000000 0.983094
63 0.000000 0.000000 0.000000
64 1 51.904911 76.204065 84.872671 1.000000 1.000000 1.000000 0.983094
64 0.000000 0.000000 0.000000
65 1 95.204145 72.930266 93.958712 1.000000 1.000000 1.000000 0.983094
65 0.000000 0.000000 0.000000
66 1 88.992913 61.541726 193.171561 1.000000 1.000000 1.000000 0.983094
66 0.000000 0.000000 0.000000
67 1 69.375413 30.464616 16.135662 1.000000 1.000000 1.000000 0.983094
67 0.000000 0.000000 0.000000
68 1 6.764550 39.202982 147.430633 1.000000 1.000000 1.000000 0.983094
68 0.000000 0.000000 0.000000
69 1 84.147352 71.830261 197.852795 1.000000 1.000000 1.000000 0.983094
69 0.000000 0.000000 0.000000
70 1 45.264756 46.845989 95.035944 1.000000 1.000000 1.000000 0.983094
70 0.000000 0.000000 0.000000
71 1 66.635022 68.764999 8.335478 2.000000 2.000000 1.000000 1.127810
71 0.000000 0.000000 0.000000
72 1 84.172027 87.896446 66.643887 1.000000 1.000000 1.000000 0.983094
72 0.000000 0.000000 0.000000
73 1 54.780033 61.253219 71.880961 1.000000 1.000000 1.000000 0.983094
73 0.000000 0.000000 0.000000
74 1 43.318753 19.149295 81.561417 1.000000 1.000000 1.000000 0.983094
74 0.000000 0.000000 0.000000
75 1 2.252892 27.128693 109.736990 1.000000 1.000000 1.000000 0.983094
75 0.000000 0.000000 0.000000
76 1 69.632067 48.323538 15.593121 1.000000 1.000000 1.000000 0.983094
76 0.000000 0.000000 0.000000
77 1 86.962135 56.651207 63.731177 1.000000 1.000000 1.000000 0.983094
77 0.000000 0.000000 0.000000
78 1 96.555969 25.149049 163.805935 1.000000 1.000000 1.000000 0.983094
78 0.000000 0.000000 0.000000
79 1 20.031996 92.505185 195.787875 1.000000 1.000000 1.000000 0.983094
79 0.000000 0.000000 0.000000
80 1 9.148627 74.990580 41.354440 1.000000 1.000000 1.000000 0.983094
80 0.000000 0.000000 0.000000
81 1 72.491398 18.556124 18.923159 1.000000 1.000000 1.000000 0.983094
81 0.000000 0.000000 0.000000
83 1 44.899817 99.518470 173.579021 1.000000 1.000000 1.000000 0.983094
83 0.000000 0.000000 0.000000
84 1 71.700538 24.109673 173.821102 1.000000 1.000000 1.000000 0.983094
84 0.000000 0.000000 0.000000
85 1 38.662929 9.843327 87.142649 1.000000 1.000000 1.000000 0.983094
85 0.000000 0.000000 0.000000
86 1 96.895997 12.723584 61.313053 1.000000 1.000000 1.000000 0.983094
86 0.000000 0.000000 0.000000
87 1 77.890799 48.816482 82.791124 1.000000 1.000000 1.000000 0.983094
87 0.000000 0.000000 0.000000
88 1 8.999944 80.962459 160.120639 1.000000 1.000000 1.000000 0.983094
88 0.000000 0.000000 0.000000
89 1 25.254321 30.428315 121.465665 1.000000 1.000000 1.000000 0.983094
89 0.000000 0.000000 0.000000
90 1 8.950465 83.993761 32.676888 1.000000 1.000000 1.000000 0.983094
90 0.000000 0.000000 0.000000
91 1 94.388650 6.377913 12.240161 1.000000 1.000000 1.000000 0.983094
91 0.000000 0.000000 0.000000
92 1 12.828849 38.539875 77.318349 1.000000 1.000000 1.000000 0.983094
92 0.000000 0.000000 0.000000
93 1 41.632260 83.629109 183.759218 1.000000 1.000000 1.000000 0.983094
93 0.000000 0.000000 0.000000
94 1 81.556610 83.522900 111.953676 1.000000 1.000000 1.000000 0.983094
94 0.000000 0.000000 0.000000
95 1 62.797949 13.715760 63.737068 1.000000 1.000000 1.000000 0.983094
95 0.000000 0.000000 0.000000
96 1 70.243926 33.257439 26.779513 1.000000 1.000000 1.000000 0.983094
96 0.000000 0.000000 0.000000
97 1 45.591191 3.551786 23.980145 1.000000 1.000000 1.000000 0.983094
97 0.000000 0.000000 0.000000
98 1 61.455074 27.513911 40.177035 1.000000 1.000000 1.000000 0.983094
98 0.000000 0.000000 0.000000
99 1 67.837846 81.604431 62.734324 1.000000 1.000000 1.000000 0.983094
99 0.000000 0.000000 0.000000
100 1 86.196424 23.580697 0.793262 1.000000 1.000000 1.000000 0.983094
100 0.000000 0.000000 0.000000
101 1 57.609845 5.411963 120.039825 1.000000 1.000000 1.000000 0.983094
101 0.000000 0.000000 0.000000
102 1 29.374046 65.298253 110.174931 1.000000 1.000000 1.000000 0.983094
102 0.000000 0.000000 0.000000
103 1 68.104438 53.746323 139.444236 1.000000 1.000000 1.000000 0.983094
103 0.000000 0.000000 0.000000
104 1 54.006935 95.825110 66.518065 3.000000 3.000000 1.000000 1.197480
104 0.000000 0.000000 0.000000
105 1 82.329081 56.055146 184.935711 1.000000 1.000000 1.000000 0.983094
105 0.000000 0.000000 0.000000
106 1 71.344417 29.283555 156.745131 1.000000 1.000000 1.000000 0.983094
106 0.000000 0.000000 0.000000
108 1 26.941896 33.966444 169.814808 1.000000 1.000000 1.000000 0.983094
108 0.000000 0.000000 0.000000
109 1 2.282616 27.308211 169.977356 1.000000 1.000000 1.000000 0.983094
109 0.000000 0.000000 0.000000
110 1 37.641175 47.694593 172.229830 1.000000 1.000000 1.000000 0.983094
110 0.000000 0.000000 0.000000
111 1 78.452100 12.646361 74.031694 1.000000 1.000000 1.000000 0.983094
111 0.000000 0.000000 0.000000
112 1 30.206744 17.649216 45.947319 1.000000 1.000000 1.000000 0.983094
112 0.000000 0.000000 0.000000
113 1 24.205546 73.663396 136.597665 1.000000 1.000000 1.000000 0.983094
113 0.000000 0.000000 0.000000
114 1 64.612837 65.264301 131.663613 1.000000 1.000000 1.000000 0.983094
114 0.000000 0.000000 0.000000
115 1 77.031981 30.483631 147.137984 1.000000 1.000000 1.000000 0.983094
115 0.000000 0.000000 0.000000
116 1 50.152048 81.450730 119.368786 1.000000 1.000000 1.000000 0.983094
116 0.000000 0.000000 0.000000
117 1 32.206772 72.729173 4.475529 1.000000 1.000000 1.000000 0.983094
117 0.000000 0.000000 0.000000
118 1 42.479993 2.913105 59.547500 1.000000 1.000000 1.000000 0.983094
118 0.000000 0.000000 0.000000
119 1 33.612509 56.650673 169.888816 1.000000 1.000000 1.000000 0.983094
119 0.000000 0.000000 0.000000
120 1 2.270653 55.497325 29.620711 3.000000 3.000000 1.000000 1.197480
120 0.000000 0.000000 0.000000
121 1 49.502268 32.739735 60.929565 1.000000 1.000000 1.000000 0.983094
121 0.000000 0.000000 0.000000
122 1 58.220316 14.169069 170.617972 1.000000 1.000000 1.000000 0.983094
122 0.000000 0.000000 0.000000
123 1 2.426005 80.911461 15.769251 1.000000 1.000000 1.000000 0.983094
123 0.000000 0.000000 0.000000
124 1 53.724826 82.054514 185.369660 1.000000 1.000000 1.000000 0.983094
124 0.000000 0.000000 0.000000
125 1 83.982530 41.475395 74.334603 1.000000 1.000000 1.000000 0.983094
125 0.000000 0.000000 0.000000
126 1 7.188462 85.370344 90.955383 1.000000 1.000000 1.000000 0.983094
126 0.000000 0.000000 0.000000
127 1 59.584046 20.946596 175.079635 1.000000 1.000000 1.000000 0.983094
127 0.000000 0.000000 0.000000
128 1 55.799309 16.636708 141.293691 1.000000 1.000000 1.000000 0.983094
128 0.000000 0.000000 0.000000
129 1 63.496126 50.769407 165.076101 1.000000 1.000000 1.000000 0.983094
129 0.000000 0.000000 0.000000
130 1 1.967862 21.152079 133.889001 1.000000 1.000000 1.000000 0.983094
130 0.000000 0.000000 0.000000
131 1 58.725089 89.796796 101.501539 1.000000 1.000000 1.000000 0.983094
131 0.000000 0.000000 0.000000
132 1 50.889712 42.049653 37.339486 1.000000 1.000000 1.000000 0.983094
132 0.000000 0.000000 0.000000
133 1 46.929446 94.326939 71.700628 1.000000 1.000000 1.000000 0.983094
133 0.000000 0.000000 0.000000
134 1 61.809490 33.165458 49.707241 1.000000 1.000000 1.000000 0.983094
134 0.000000 0.000000 0.000000
136 1 19.794176 38.737833 84.795615 1.000000 1.000000 1.000000 0.983094
136 0.000000 0.000000 0.000000
137 1 28.392074 67.696016 160.795448 1.000000 1.000000 1.000000 0.983094
137 0.000000 0.000000 0.000000
139 1 20.986517 45.528374 173.717013 1.000000 1.000000 1.000000 0.983094
139 0.000000 0.000000 0.000000
140 1 69.533215 71.300808 168.930085 1.000000 1.000000 1.000000 0.983094
140 0.000000 0.000000 0.000000
141 1 41.281971 75.734419 95.841733 1.000000 1.000000 1.000000 0.983094
141 0.000000 0.000000 0.000000
142 1 10.221090 3.651327 92.578677 1.000000 1.000000 1.000000 0.983094
142 0.000000 0.000000 0.000000
143 1 76.013824 35.843920 159.009402 1.000000 1.000000 1.000000 0.983094
143 0.000000 0.000000 0.000000
144 1 10.232415 42.277723 176.330667 1.000000 1.000000 1.000000 0.983094
144 0.000000 0.000000 0.000000
145 1 70.069912 76.959661 184.563577 1.000000 1.000000 1.000000 0.983094
145 0.000000 0.000000 0.000000
146 1 50.774871 56.413110 42.475206 2.000000 2.000000 1.000000 1.127810
146 0.000000 0.000000 0.000000
147 1 71.728452 51.270980 105.976894 1.000000 1.000000 1.000000 0.983094
147 0.000000 0.000000 0.000000
148 1 19.943656 4.869521 147.195044 1.000000 1.000000 1.000000 0.983094
148 0.000000 0.000000 0.000000
149 1 22.171823 32.219335 91.781024 1.000000 1.000000 1.000000 0.983094
149 0.000000 0.000000 0.000000
150 1 58.590862 25.223902 31.987989 1.000000 1.000000 1.000000 0.983094
150 0.000000 0.000000 0.000000
151 1 22.291134 39.841752 153.479329 1.000000 1.000000 1.000000 0.983094
151 0.000000 0.000000 0.000000
152 1 47.036102 64.354310 111.802677 1.000000 1.000000 1.000000 0.983094
152 0.000000 0.000000 0.000000
153 1 37.789923 85.130268 191.892536 1.000000 1.000000 1.000000 0.983094
153 0.000000 0.000000 0.000000
154 1 2.782720 71.509556 111.531683 1.000000 1.000000 1.000000 0.983094
154 0.000000 0.000000 0.000000
155 1 27.920815 35.024050 10.321428 1.000000 1.000000 1.000000 0.983094
155 0.000000 0.000000 0.000000
156 1 95.518400 95.228445 74.781042 1.000000 1.000000 1.000000 0.983094
156 0.000000 0.000000 0.000000
157 1 20.957884 61.621290 136.129434 1.000000 1.000000 1.000000 0.983094
157 0.000000 0.000000 0.000000
158 1 26.653112 23.127806 173.988961 1.000000 1.000000 1.000000 0.983094
158 0.000000 0.000000 0.000000
159 1 46.924995 27.051785 181.091200 1.000000 1.000000 1.000000 0.983094
159 0.000000 0.000000 0.000000
160 1 23.871830 90.720814 39.304799 1.000000 1.000000 1.000000 0.983094
160 0.000000 0.000000 0.000000
161 1 97.640911 45.591586 119.314800 1.000000 1.000000 1.000000 0.983094
161 0.000000 0.000000 0.000000
162 1 42.134533 1.293320 117.231834 1.000000 1.000000 1.000000 0.983094
162 0.000000 0.000000 0.000000
163 1 25.572144 84.031982 29.208772 1.000000 1.000000 1.000000 0.983094
163 0.000000 0.000000 0.000000
164 1 17.348439 27.674911 171.796134 2.000000 2.000000 1.000000 1.127810
164 0.000000 0.000000 0.000000
165 1 97.978528 26.682935 162.944219 1.000000 1.000000 1.000000 0.983094
165 0.000000 0.000000 0.000000
166 1 65.964183 85.732985 93.102780 1.000000 1.000000 1.000000 0.983094
166 0.000000 0.000000 0.000000
167 1 46.221815 95.628504 23.023477 1.000000 1.000000 1.000000 0.983094
167 0.000000 0.000000 0.000000
168 1 98.002589 14.479165 151.640829 1.000000 1.000000 1.000000 0.983094
168 0.000000 0.000000 0.000000
169 1 53.945762 18.663769 45.848943 1.000000 1.000000 1.000000 0.983094
169 0.000000 0.000000 0.000000
170 1 17.775849 65.409139 182.250518 1.000000 1.000000 1.000000 0.983094
170 0.000000 0.000000 0.000000
171 1 78.530900 86.256154 114.133625 1.000000 1.000000 1.000000 0.983094
171 0.000000 0.000000 0.000000
172 1 22.933267 48.043259 67.117881 1.000000 1.000000 1.000000 0.983094
172 0.000000 0.000000 0.000000
173 1 46.524911 72.241778 88.193524 1.000000 1.000000 1.000000 0.983094
173 0.000000 0.000000 0.000000
175 1 43.339150 15.300416 125.477214 1.000000 1.000000 1.000000 0.983094
175 0.000000 0.000000 0.000000
176 1 21.768742 99.575035 76.176451 1.000000 1.000000 1.000000 0.983094
176 0.000000 0.000000 0.000000
177 1 53.930195 23.543364 119.695420 1.000000 1.000000 1.000000 0.983094
177 0.000000 0.000000 0.000000
178 1 44.602388 23.587493 10.780230 1.000000 1.000000 1.000000 0.983094
178 0.000000 0.000000 0.000000
179 1 32.981349 80.555505 96.894631 2.000000 2.000000 1.000000 1.127810
179 0.000000 0.000000 0.000000
180 1 39.156780 19.993352 3.492743 1.000000 1.000000 1.000000 0.983094
180 0.000000 0.000000 0.000000
181 1 30.486963 24.039489 190.452822 1.000000 1.000000 1.000000 0.983094
181 0.000000 0.000000 0.000000
182 1 67.617657 61.338267 31.221085 1.000000 1.000000 1.000000 0.983094
182 0.000000 0.000000 0.000000
183 1 0.717255 11.552057 125.843422 1.000000 1.000000 1.000000 0.983094
183 0.000000 0.000000 0.000000
184 1 62.668465 4.977655 68.576450 1.000000 1.000000 1.000000 0.983094
184 0.000000 0.000000 0.000000
185 1 53.167932 6.294760 164.924826 1.000000 1.000000 1.000000 0.983094
185 0.000000 0.000000 0.000000
186 1 83.220141 19.815688 32.338363 1.000000 1.000000 1.000000 0.983094
186 0.000000 0.000000 0.000000
187 1 32.218396 72.666760 54.292184 1.000000 1.000000 1.000000 0.983094
187 0.000000 0.000000 0.000000
188 1 55.566061 96.682281 20.063153 1.000000 1.000000 1.000000 0.983094
188 0.000000 0.000000 0.000000
189 1 81.396536 80.507416 101.308729 1.000000 1.000000 1.000000 0.983094
189 0.000000 0.000000 0.000000
190 1 15.166020 49.774256 33.578064 1.000000 1.000000 1.000000 0.983094
190 0.000000 0.000000 0.000000
191 1 51.206629 69.641813 90.549387 1.000000 1.000000 1.000000 0.983094
191 0.000000 0.000000 0.000000
192 1 55.440592 76.564875 21.927277 1.000000 1.000000 1.000000 0.983094
192 0.000000 0.000000 0.000000
193 1 28.790729 76.546035 191.920504 1.000000 1.000000 1.000000 0.983094
193 0.000000 0.000000 0.000000
194 1 87.995495 43.229061 171.108368 1.000000 1.000000 1.000000 0.983094
194 0.000000 0.000000 0.000000
195 1 14.918313 30.774470 172.793234 1.000000 1.000000 1.000000 0.983094
195 0.000000 0.000000 0.000000
196 1 60.084327 57.740653 113.900790 1.000000 1.000000 1.000000 0.983094
196 0.000000 0.000000 0.000000
197 1 64.136598 9.111483 103.248299 1.000000 1.000000 1.000000 0.983094
197 0.000000 0.000000 0.000000
198 1 2.763937 86.822531 6.632769 1.000000 1.000000 1.000000 0.983094
198 0.000000 0.000000 0.000000
199 1 21.593773 94.401000 177.800793 1.000000 1.000000 1.000000 0.983094
199 0.000000 0.000000 0.000000
200 1 34.541012 25.065667 149.188270 1.000000 1.000000 1.000000 0.983094
200 0.000000 0.000000 0.000000
201 1 28.776450 37.189102 106.447458 1.000000 1.000000 1.000000 0.983094
201 0.000000 0.000000 0.000000
202 1 86.946049 84.283480 199.663246 1.000000 1.000000 1.000000 0.983094
202 0.000000 0.000000 0.000000
203 1 53.780937 83.878554 33.919764 1.000000 1.000000 1.000000 0.983094
203 0.000000 0.000000 0.000000
204 1 32.003295 9.546823 132.313941 1.000000 1.000000 1.000000 0.983094
204 0.000000 0.000000 0.000000
205 1 49.471537 85.193876 29.901229 1.000000 1.000000 1.000000 0.983094
205 0.000000 0.000000 0.000000
206 1 52.267242 14.312303 1.929478 1.000000 1.000000 1.000000 0.983094
206 0.000000 0.000000 0.000000
207 1 23.919693 86.191923 160.600723 1.000000 1.000000 1.000000 0.983094
207 0.000000 0.000000 0.000000
208 1 15.196042 90.882264 94.278000 1.000000 1.000000 1.000000 0.983094
208 0.000000 0.000000 0.000000
209 1 51.247104 72.408136 108.339522 1.000000 1.000000 1.000000 0.983094
209 0.000000 0.000000 0.000000
210 1 6.829150 45.422421 34.885137 1.000000 1.000000 1.000000 0.983094
210 0.000000 0.000000 0.000000
211 1 52.742078 63.343111 76.413257 1.000000 1.000000 1.000000 0.983094
211 0.000000 0.000000 0.000000
212 1 87.669709 21.172700 112.944510 1.000000 1.000000 1.000000 0.983094
212 0.000000 0.000000 0.000000
213 1 14.776743 31.103759 158.735337 1.000000 1.000000 1.000000 0.983094
213 0.000000 0.000000 0.000000
214 1 55.756914 35.404622 27.184793 1.000000 1.000000 1.000000 0.983094
214 0.000000 0.000000 0.000000
215 1 20.260142 31.262717 50.311093 2.000000 2.000000 1.000000 1.127810
215 0.000000 0.000000 0.000000
216 1 3.121149 58.869359 115.049956 1.000000 1.000000 1.000000 0.983094
216 0.000000 0.000000 0.000000
217 1 43.781222 27.311191 162.557783 1.000000 1.000000 1.000000 0.983094
217 0.000000 0.000000 0.000000
218 1 45.959360 60.151376 107.999709 1.000000 1.000000 1.000000 0.983094
218 0.000000 0.000000 0.000000
219 1 78.046733 78.376509 51.828860 1.000000 1.000000 1.000000 0.983094
219 0.000000 0.000000 0.000000
220 1 77.637731 60.947717 89.496318 1.000000 1.000000 1.000000 0.983094
220 0.000000 0.000000 0.000000
221 1 31.226274 18.742413 152.218046 1.000000 1.000000 1.000000 0.983094
221 0.000000 0.000000 0.000000
222 1 58.630417 29.037573 96.494226 1.000000 1.000000 1.000000 0.983094
222 0.000000 0.000000 0.000000
223 1 89.337604 64.429887 135.557716 1.000000 1.000000 1.000000 0.983094
223 0.000000 0.000000 0.000000
224 1 51.654014 2.267431 187.332370 1.000000 1.000000 1.000000 0.983094
224 0.000000 0.000000 0.000000
225 1 32.133573 22.680018 105.756101 1.000000 1.000000 1.000000 0.983094
225 0.000000 0.000000 0.000000
226 1 14.621336 97.919656 56.431092 1.000000 1.000000 1.000000 0.983094
226 0.000000 0.000000 0.000000
227 1 35.168415 16.802147 175.583254 1.000000 1.000000 1.000000 0.983094
227 0.000000 0.000000 0.000000
228 1 63.997929 49.598756 40.937456 1.000000 1.000000 1.000000 0.983094
228 0.000000 0.000000 0.000000
229 1 42.291745 76.281652 22.951889 1.000000 1.000000 1.000000 0.983094
229 0.000000 0.000000 0.000000
230 1 25.674214 24.013036 197.641106 1.000000 1.000000 1.000000 0.983094
230 0.000000 0.000000 0.000000
231 1 90.136794 29.970646 15.257910 1.000000 1.000000 1.000000 0.983094
231 0.000000 0.000000 0.000000
232 1 99.153215 65.940853 72.583215 1.000000 1.000000 1.000000 0.983094
232 0.000000 0.000000 0.000000
233 1 16.948317 72.695211 32.063817 1.000000 1.000000 1.000000 0.983094
233 0.000000 0.000000 0.000000
234 1 31.690217 39.313165 126.275323 1.000000 1.000000 1.000000 0.983094
234 0.000000 0.000000 0.000000
235 1 22.047847 74.421605 12.186129 1.000000 1.000000 1.000000 0.983094
235 0.000000 0.000000 0.000000
236 1 53.650382 29.991276 1.625702 1.000000 1.000000 1.000000 0.983094
236 0.000000 0.000000 0.000000
237 1 20.667988 76.204384 54.553371 1.000000 1.000000 1.000000 0.983094
237 0.000000 0.000000 0.000000
238 1 24.958106 44.956926 106.233797 1.000000 1.000000 1.000000 0.983094
238 0.000000 0.000000 0.000000
239 1 97.550015 73.708576 171.882836 1.000000 1.000000 1.000000 0.983094
239 0.000000 0.000000 0.000000
240 1 39.825465 26.580803 52.513683 1.000000 1.000000 1.000000 0.983094
240 0.000000 0.000000 0.000000
242 1 26.914560 91.229815 68.644499 1.000000 1.000000 1.000000 0.983094
242 0.000000 0.000000 0.000000
243 1 1.284455 16.302665 77.759195 1.000000 1.000000 1.000000 0.983094
243 0.000000 0.000000 0.000000
244 1 96.681551 59.463405 59.660248 1.000000 1.000000 1.000000 0.983094
244 0.000000 0.000000 0.000000
245 1 85.559839 20.818049 19.383730 1.000000 1.000000 1.000000 0.983094
245 0.000000 0.000000 0.000000
246 1 45.030170 12.784009 103.522419 1.000000 1.000000 1.000000 0.983094
246 0.000000 0.000000 0.000000
247 1 23.287738 30.338468 132.126296 1.000000 1.000000 1.000000 0.983094
247 0.000000 0.000000 0.000000
248 1 94.205943 34.026673 70.613608 1.000000 1.000000 1.000000 0.983094
248 0.000000 0.000000 0.000000
249 1 59.483740 87.947711 9.701995 1.000000 1.000000 1.000000 0.983094
249 0.000000 0.000000 0.000000
250 1 90.715157 6.353174 113.733769 1.000000 1.000000 1.000000 0.983094
250 0.000000 0.000000 0.000000
251 1 60.892221 10.787354 133.242825 1.000000 1.000000 1.000000 0.983094
251 0.000000 0.000000 0.000000
252 1 99.963224 51.807330 56.750369 1.000000 1.000000 1.000000 0.983094
252 0.000000 0.000000 0.000000
254 1 71.880350 62.515807 174.284875 1.000000 1.000000 1.000000 0.983094
254 0.000000 0.000000 0.000000
255 1 9.545422 24.621336 49.886520 1.000000 1.000000 1.000000 0.983094
255 0.000000 0.000000 0.000000
256 1 57.479397 43.736101 149.384396 1.000000 1.000000 1.000000 0.983094
256 0.000000 0.000000 0.000000
257 1 76.595524 76.168628 11.981961 1.000000 1.000000 1.000000 0.983094
257 0.000000 0.000000 0.000000
258 1 40.432040 88.265483 131.198705 1.000000 1.000000 1.000000 0.983094
258 0.000000 0.000000 0.000000
259 1 51.566453 19.190629 109.880148 1.000000 1.000000 1.000000 0.983094
259 0.000000 0.000000 0.000000
260 1 88.401140 55.128594 174.220814 1.000000 1.000000 1.000000 0.983094
260 0.000000 0.000000 0.000000
261 1 7.511530 77.083825 198.754511 1.000000 1.000000 1.000000 0.983094
261 0.000000 0.000000 0.000000
262 1 74.085315 46.110923 43.386559 1.000000 1.000000 1.000000 0.983094
262 0.000000 0.000000 0.000000
263 1 48.988273 80.939806 198.359267 2.000000 2.000000 1.000000 1.127810
263 0.000000 0.000000 0.000000
265 1 62.003859 65.991586 49.407355 1.000000 1.000000 1.000000 0.983094
265 0.000000 0.000000 0.000000
266 1 20.277287 20.704902 155.672606 1.000000 1.000000 1.000000 0.983094
266 0.000000 0.000000 0.000000
267 1 54.140985 49.984636 134.593546 1.000000 1.000000 1.000000 0.983094
267 0.000000 0.000000 0.000000
268 1 86.231811 54.916571 184.157383 1.000000 1.000000 1.000000 0.983094
268 0.000000 0.000000 0.000000
269 1 56.378298 33.757465 85.393745 1.000000 1.000000 1.000000 0.983094
269 0.000000 0.000000 0.000000
270 1 42.073224 20.669629 38.657417 1.000000 1.000000 1.000000 0.983094
270 0.000000 0.000000 0.000000
271 1 92.661703 27.151195 157.680022 1.000000 1.000000 1.000000 0.983094
271 0.000000 0.000000 0.000000
272 1 22.968017 41.211851 50.480006 1.000000 1.000000 1.000000 0.983094
272 0.000000 0.000000 0.000000
273 1 42.794030 91.138920 190.202177 1.000000 1.000000 1.000000 0.983094
273 0.000000 0.000000 0.000000
274 1 87.168024 68.917880 39.168957 1.000000 1.000000 1.000000 0.983094
274 0.000000 0.000000 0.000000
276 1 55.915794 61.961834 99.106785 1.000000 1.000000 1.000000 0.983094
276 0.000000 0.000000 0.000000
277 1 74.678700 89.646851 124.547557 1.000000 1.000000 1.000000 0.983094
277 0.000000 0.000000 0.000000
278 1 97.951461 84.369076 95.664741 1.000000 1.000000 1.000000 0.983094
278 0.000000 0.000000 0.000000
279 1 21.504111 5.870558 53.066401 1.000000 1.000000 1.000000 0.983094
279 0.000000 0.000000 0.000000
280 1 73.468702 21.716560 132.762060 1.000000 1.000000 1.000000 0.983094
280 0.000000 0.000000 0.000000
281 1 86.354833 26.322573 139.546740 1.000000 1.000000 1.000000 0.983094
281 0.000000 0.000000 0.000000
282 1 6.793488 53.936809 48.567450 1.000000 1.000000 1.000000 0.983094
282 0.000000 0.000000 0.000000
283 1 47.159458 23.815751 63.219170 1.000000 1.000000 1.000000 0.983094
283 0.000000 0.000000 0.000000
284 1 88.978132 46.719289 193.829429 1.000000 1.000000 1.000000 0.983094
284 0.000000 0.000000 0.000000
285 1 52.312063 78.581603 61.806340 1.000000 1.000000 1.000000 0.983094
285 0.000000 0.000000 0.000000
286 1 55.722135 64.211936 69.530135 1.000000 1.000000 1.000000 0.983094
286 0.000000 0.000000 0.000000
287 1 52.440487 71.502798 44.422505 1.000000 1.000000 1.000000 0.983094
287 0.000000 0.000000 0.000000
288 1 27.602963 33.541655 68.801325 1.000000 1.000000 1.000000 0.983094
288 0.000000 0.000000 0.000000
289 1 4.714831 62.062794 93.081584 1.000000 1.000000 1.000000 0.983094
289 0.000000 0.000000 0.000000
290 1 50.559517 7.723040 100.022735 1.000000 1.000000 1.000000 0.983094
290 0.000000 0.000000 0.000000
291 1 55.977048 20.401282 45.016176 1.000000 1.000000 1.000000 0.983094
291 0.000000 0.000000 0.000000
292 1 93.815332 87.940244 98.736148 1.000000 1.000000 1.000000 0.983094
292 0.000000 0.000000 0.000000
293 1 12.806778 4.505455 69.024094 1.000000 1.000000 1.000000 0.983094
293 0.000000 0.000000 0.000000
294 1 31.307996 58.962208 102.518525 1.000000 1.000000 1.000000 0.983094
294 0.000000 0.000000 0.000000
295 1 28.966446 28.241576 106.435691 1.000000 1.000000 1.000000 0.983094
295 0.000000 0.000000 0.000000
296 1 2.763884 80.487149 59.535761 1.000000 1.000000 1.000000 0.983094
296 0.000000 0.000000 0.000000
297 1 23.199716 99.316585 191.175050 1.000000 1.000000 1.000000 0.983094
297 0.000000 0.000000 0.000000
298 1 71.070044 99.774400 110.301942 1.000000 1.000000 1.000000 0.983094
298 0.000000 0.000000 0.000000
299 1 47.585068 45.684048 14.084805 1.000000 1.000000 1.000000 0.983094
299 0.000000 0.000000 0.000000
300 1 85.510724 68.264455 47.756120 1.000000 1.000000 1.000000 0.983094
300 0.000000 0.000000 0.000000
301 1 77.416964 31.429883 67.250504 1.000000 1.000000 1.000000 0.983094
301 0.000000 0.000000 0.000000
302 1 66.928859 30.759954 188.431473 1.000000 1.000000 1.000000 0.983094
302 0.000000 0.000000 0.000000
303 1 39.206734 80.670379 159.662450 1.000000 1.000000 1.000000 0.983094
303 0.000000 0.000000 0.000000
304 1 20.935442 12.241827 42.449182 1.000000 1.000000 1.000000 0.983094
304 0.000000 0.000000 0.000000
305 1 49.928041 19.793779 127.618648 1.000000 1.000000 1.000000 0.983094
305 0.000000 0.000000 0.000000
306 1 36.245538 60.343011 75.617602 1.000000 1.000000 1.000000 0.983094
306 0.000000 0.000000 0.000000
307 1 24.041078 49.390443 127.177293 1.000000 1.000000 1.000000 0.983094
307 0.000000 0.000000 0.000000
308 1 27.498691 3.716488 172.380102 1.000000 1.000000 1.000000 0.983094
308 0.000000 0.000000 0.000000
309 1 6.018815 2.566016 188.051286 1.000000 1.000000 1.000000 0.983094
309 0.000000 0.000000 0.000000
310 1 28.013107 89.271621 126.040216 1.000000 1.000000 1.000000 0.983094
310 0.000000 0.000000 0.000000
311 1 82.579624 83.833089 133.741727 1.000000 1.000000 1.000000 0.983094
311 0.000000 0.000000 0.000000
312 1 37.308062 45.326252 37.358571 1.000000 1.000000 1.000000 0.983094
312 0.000000 0.000000 0.000000
313 1 49.789659 14.312061 157.342483 1.000000 1.000000 1.000000 0.983094
313 0.000000 0.000000 0.000000
314 1 61.835571 91.257411 26.141364 1.000000 1.000000 1.000000 0.983094
314 0.000000 0.000000 0.000000
315 1 39.521326 26.792415 70.209502 1.000000 1.000000 1.000000 0.983094
315 0.000000 0.000000 0.000000
316 1 92.218162 64.997991 168.947325 2.000000 2.000000 1.000000 1.127810
316 0.000000 0.000000 0.000000
317 1 80.888842 77.524852 4.910066 1.000000 1.000000 1.000000 0.983094
317 0.000000 0.000000 0.000000
318 1 1.431817 23.233277 116.139024 1.000000 1.000000 1.000000 0.983094
318 0.000000 0.000000 0.000000
319 1 94.839497 45.993601 126.987550 1.000000 1.000000 1.000000 0.983094
319 0.000000 0.000000 0.000000
320 1 37.136588 41.174151 105.203796 1.000000 1.000000 1.000000 0.983094
320 0.000000 0.000000 0.000000
321 1 0.942569 14.187310 130.146391 1.000000 1.000000 1.000000 0.983094
321 0.000000 0.000000 0.000000
322 1 86.834901 87.186893 6.625614 2.000000 2.000000 1.000000 1.127810
322 0.000000 0.000000 0.000000
323 1 74.907513 39.709698 121.839457 1.000000 1.000000 1.000000 0.983094
323 0.000000 0.000000 0.000000
324 1 72.284614 85.732144 39.646197 2.000000 2.000000 1.000000 1.127810
324 0.000000 0.000000 0.000000
325 1 50.852226 57.909997 96.631156 1.000000 1.000000 1.000000 0.983094
325 0.000000 0.000000 0.000000
326 1 92.551235 59.104424 50.366358 1.000000 1.000000 1.000000 0.983094
326 0.000000 0.000000 0.000000
328 1 43.186413 66.802716 156.537111 1.000000 1.000000 1.000000 0.983094
328 0.000000 0.000000 0.000000
329 1 28.007774 89.976577 109.199789 1.000000 1.000000 1.000000 0.983094
329 0.000000 0.000000 0.000000
330 1 36.833209 95.490151 59.913536 1.000000 1.000000 1.000000 0.983094
330 0.000000 0.000000 0.000000
331 1 66.323998 8.410894 54.964793 1.000000 1.000000 1.000000 0.983094
331 0.000000 0.000000 0.000000
332 1 16.184859 43.301482 174.693012 1.000000 1.000000 1.000000 0.983094
332 0.000000 0.000000 0.000000
333 1 76.572157 52.791691 10.584712 1.000000 1.000000 1.000000 0.983094
333 0.000000 0.000000 0.000000
334 1 30.329584 79.550114 83.812296 1.000000 1.000000 1.000000 0.983094
334 0.000000 0.000000 0.000000
335 1 3.673044 49.820313 45.406588 1.000000 1.000000 1.000000 0.983094
335 0.000000 0.000000 0.000000
336 1 73.355734 50.623851 58.561852 1.000000 1.000000 1.000000 0.983094
336 0.000000 0.000000 0.000000
337 1 24.762731 69.382096 107.030940 1.000000 1.000000 1.000000 0.983094
337 0.000000 0.000000 0.000000
338 1 54.691712 31.653953 159.034271 1.000000 1.000000 1.000000 0.983094
338 0.000000 0.000000 0.000000
339 1 97.947352 15.097176 35.867088 2.000000 2.000000 1.000000 1.127810
339 0.000000 0.000000 0.000000
340 1 68.823687 72.044841 177.788106 1.000000 1.000000 1.000000 0.983094
340 0.000000 0.000000 0.000000
341 1 27.307562 6.745579 19.573946 1.000000 1.000000 1.000000 0.983094
341 0.000000 0.000000 0.000000
342 1 76.805663 60.039617 37.556059 1.000000 1.000000 1.000000 0.983094
342 0.000000 0.000000 0.000000
343 1 20.613114 22.315411 84.214187 1.000000 1.000000 1.000000 0.983094
343 0.000000 0.000000 0.000000
344 1 99.771279 78.282916 23.649453 1.000000 1.000000 1.000000 0.983094
344 0.000000 0.000000 0.000000
345 1 36.049611 45.713397 136.247932 1.000000 1.000000 1.000000 0.983094
345 0.000000 0.000000 0.000000
347 1 32.012580 79.963036 194.328801 2.000000 2.000000 1.000000 1.127810
347 0.000000 0.000000 0.000000
348 1 76.773542 5.521968 94.643591 1.000000 1.000000 1.000000 0.983094
348 0.000000 0.000000 0.000000
349 1 72.596280 20.528060 133.998520 1.000000 1.000000 1.000000 0.983094
349 0.000000 0.000000 0.000000
350 1 28.670656 43.542639 67.040639 1.000000 1.000000 1.000000 0.983094
350 0.000000 0.000000 0.000000
351 1 37.141533 20.187871 184.062561 1.000000 1.000000 1.000000 0.983094
351 0.000000 0.000000 0.000000
352 1 46.460162 93.944681 144.550376 1.000000 1.000000 1.000000 0.983094
352 0.000000 0.000000 0.000000
353 1 53.869413 71.204203 158.612002 1.000000 1.000000 1.000000 0.983094
353 0.000000 0.000000 0.000000
355 1 40.507930 76.300661 119.333357 1.000000 1.000000 1.000000 0.983094
355 0.000000 0.000000 0.000000
356 1 45.060839 97.168658 105.031242 1.000000 1.000000 1.000000 0.983094
356 0.000000 0.000000 0.000000
357 1 36.082293 83.044227 28.351821 1.000000 1.000000 1.000000 0.983094
357 0.000000 0.000000 0.000000
358 1 42.123956 48.888018 124.366019 1.000000 1.000000 1.000000 0.983094
358 0.000000 0.000000 0.000000
359 1 57.053547 54.204167 163.539508 1.000000 1.000000 1.000000 0.983094
359 0.000000 0.000000 0.000000
360 1 90.828649 96.309103 170.177649 1.000000 1.000000 1.000000 0.983094
360 0.000000 0.000000 0.000000
361 1 20.186343 16.120713 103.378207 1.000000 1.000000 1.000000 0.983094
361 0.000000 0.000000 0.000000
362 1 55.765911 71.217024 148.499285 1.000000 1.000000 1.000000 0.983094
362 0.000000 0.000000 0.000000
363 1 7.736214 7.660380 34.059122 1.000000 1.000000 1.000000 0.983094
363 0.000000 0.000000 0.000000
364 1 36.198380 99.718580 106.622444 1.000000 1.000000 1.000000 0.983094
364 0.000000 0.000000 0.000000
365 1 34.509983 77.679649 190.159242 1.000000 1.000000 1.000000 0.983094
365 0.000000 0.000000 0.000000
366 1 78.703152 77.868650 111.840717 1.000000 1.000000 1.000000 0.983094
366 0.000000 0.000000 0.000000
367 1 54.438944 62.369447 60.764320 1.000000 1.000000 1.000000 0.983094
367 0.000000 0.000000 0.000000
368 1 56.850951 87.271776 131.575891 2.000000 2.000000 1.000000 1.127810
368 0.000000 0.000000 0.000000
369 1 13.731196 7.920885 197.744651 1.000000 1.000000 1.000000 0.983094
369 0.000000 0.000000 0.000000
370 1 31.472022 16.305764 121.980597 1.000000 1.000000 1.000000 0.983094
370 0.000000 0.000000 0.000000
371 1 29.607020 85.130533 168.810628 1.000000 1.000000 1.000000 0.983094
371 0.000000 0.000000 0.000000
372 1 90.726709 76.027704 162.959235 1.000000 1.000000 1.000000 0.983094
372 0.000000 0.000000 0.000000
373 1 77.654984 92.863079 121.465285 1.000000 1.000000 1.000000 0.983094
373 0.000000 0.000000 0.000000
375 1 71.073520 42.668781 149.376171 1.000000 1.000000 1.000000 0.983094
375 0.000000 0.000000 0.000000
376 1 93.803170 34.719255 165.168259 1.000000 1.000000 1.000000 0.983094
376 0.000000 0.000000 0.000000
377 1 5.756829 73.054349 90.337154 1.000000 1.000000 1.000000 0.983094
377 0.000000 0.000000 0.000000
378 1 26.988386 68.004727 56.988645 1.000000 1.000000 1.000000 0.983094
378 0.000000 0.000000 0.000000
379 1 73.931862 83.747563 89.206275 1.000000 1.000000 1.000000 0.983094
379 0.000000 0.000000 0.000000
380 1 81.915511 81.177808 27.567871 1.000000 1.000000 1.000000 0.983094
380 0.000000 0.000000 0.000000
381 1 20.152972 25.024284 96.324419 1.000000 1.000000 1.000000 0.983094
381 0.000000 0.000000 0.000000
382 1 24.378494 95.624510 160.176525 1.000000 1.000000 1.000000 0.983094
382 0.000000 0.000000 0.000000
383 1 96.134795 2.740734 155.050531 1.000000 1.000000 1.000000 0.983094
383 0.000000 0.000000 0.000000
384 1 43.364648 66.931409 105.678395 1.000000 1.000000 1.000000 0.983094
384 0.000000 0.000000 0.000000
385 1 8.533665 19.857656 156.847184 1.000000 1.000000 1.000000 0.983094
385 0.000000 0.000000 0.000000
386 1 25.942451 4.395188 61.965769 1.000000 1.000000 1.000000 0.983094
386 0.000000 0.000000 0.000000
387 1 63.802157 3.615722 0.940418 1.000000 1.000000 1.000000 0.983094
387 0.000000 0.000000 0.000000
388 1 65.945404 3.169882 166.590872 1.000000 1.000000 1.000000 0.983094
388 0.000000 0.000000 0.000000
389 1 99.102461 75.969570 142.899202 1.000000 1.000000 1.000000 0.983094
389 0.000000 0.000000 0.000000
390 1 41.368717 23.529049 27.905023 1.000000 1.000000 1.000000 0.983094
390 0.000000 0.000000 0.000000
391 1 23.045790 0.951188 51.635179 1.000000 1.000000 1.000000 0.983094
391 0.000000 0.000000 0.000000
392 1 30.479845 96.843218 90.617894 1.000000 1.000000 1.000000 0.983094
392 0.000000 0.000000 0.000000
393 1 97.070630 87.897734 140.420166 1.000000 1.000000 1.000000 0.983094
393 0.000000 0.000000 0.000000
394 1 35.394970 75.496843 181.660772 1.000000 1.000000 1.000000 0.983094
394 0.000000 0.000000 0.000000
395 1 31.098709 65.378539 9.711490 1.000000 1.000000 1.000000 0.983094
395 0.000000 0.000000 0.000000
396 1 48.460572 64.672049 19.190851 1.000000 1.000000 1.000000 0.983094
396 0.000000 0.000000 0.000000
397 1 49.597372 43.572580 46.715165 1.000000 1.000000 1.000000 0.983094
397 0.000000 0.000000 0.000000
398 1 80.841377 4.912964 48.563768 1.000000 1.000000 1.000000 0.983094
398 0.000000 0.000000 0.000000
399 1 49.447945 76.471122 51.002888 1.000000 1.000000 1.000000 0.983094
399 0.000000 0.000000 0.000000
400 1 3.321747 19.022231 15.739600 1.000000 1.000000 1.000000 0.983094
400 0.000000 0.000000 0.000000
401 1 61.774661 12.171722 19.323560 1.000000 1.000000 1.000000 0.983094
401 0.000000 0.000000 0.000000
402 1 73.444543 56.001759 198.833991 1.000000 1.000000 1.000000 0.983094
402 0.000000 0.000000 0.000000
403 1 44.164936 73.923825 136.885412 1.000000 1.000000 1.000000 0.983094
403 0.000000 0.000000 0.000000
404 1 25.415372 19.307964 101.409740 1.000000 1.000000 1.000000 0.983094
404 0.000000 0.000000 0.000000
405 1 86.896035 55.607269 14.701021 1.000000 1.000000 1.000000 0.983094
405 0.000000 0.000000 0.000000
406 1 37.299675 93.957812 138.809717 1.000000 1.000000 1.000000 0.983094
406 0.000000 0.000000 0.000000
407 1 86.399628 23.223025 189.861471 1.000000 1.000000 1.000000 0.983094
407 0.000000 0.000000 0.000000
408 1 80.060316 29.596638 80.950352 1.000000 1.000000 1.000000 0.983094
408 0.000000 0.000000 0.000000
409 1 15.292258 20.292158 145.934293 1.000000 1.000000 1.000000 0.983094
409 0.000000 0.000000 0.000000
410 1 15.216744 14.603952 111.271209 1.000000 1.000000 1.000000 0.983094
410 0.000000 0.000000 0.000000
411 1 49.508321 35.984884 22.651529 1.000000 1.000000 1.000000 0.983094
411 0.000000 0.000000 0.000000
412 1 70.768219 93.950178 145.419181 1.000000 1.000000 1.000000 0.983094
412 0.000000 0.000000 0.000000
414 1 5.235816 81.992485 74.290703 1.000000 1.000000 1.000000 0.983094
414 0.000000 0.000000 0.000000
415 1 94.744164 97.853110 65.847333 1.000000 1.000000 1.000000 0.983094
415 0.000000 0.000000 0.000000
416 1 50.474134 83.260270 187.841682 1.000000 1.000000 1.000000 0.983094
416 0.000000 0.000000 0.000000
417 1 92.129422 29.523684 134.481055 1.000000 1.000000 1.000000 0.983094
417 0.000000 0.000000 0.000000
418 1 28.904492 97.705067 36.765178 2.000000 2.000000 1.000000 1.127810
418 0.000000 0.000000 0.000000
420 1 97.606507 23.733665 70.724905 1.000000 1.000000 1.000000 0.983094
420 0.000000 0.000000 0.000000
421 1 48.993116 1.616361 198.937907 1.000000 1.000000 1.000000 0.983094
421 0.000000 0.000000 0.000000
422 1 21.257255 6.697014 179.324295 1.000000 1.000000 1.000000 0.983094
422 0.000000 0.000000 0.000000
423 1 34.477806 35.486371 69.877253 1.000000 1.000000 1.000000 0.983094
423 0.000000 0.000000 0.000000
424 1 78.563694 48.907427 147.047415 1.000000 1.000000 1.000000 0.983094
424 0.000000 0.000000 0.000000
426 1 16.019649 54.465677 8.505183 1.000000 1.000000 1.000000 0.983094
426 0.000000 0.000000 0.000000
427 1 0.249229 3.421285 170.687391 1.000000 1.000000 1.000000 0.983094
427 0.000000 0.000000 0.000000
428 1 8.974203 27.517027 57.156461 1.000000 1.000000 1.000000 0.983094
428 0.000000 0.000000 0.000000
429 1 46.839191 63.113717 153.145809 1.000000 1.000000 1.000000 0.983094
429 0.000000 0.000000 0.000000
430 1 42.318469 63.265728 12.498048 2.000000 2.000000 1.000000 1.127810
430 0.000000 0.000000 0.000000
431 1 0.595689 27.537772 87.478063 1.000000 1.000000 1.000000 0.983094
431 0.000000 0.000000 0.000000
432 1 65.290061 68.734414 44.607615 1.000000 1.000000 1.000000 0.983094
432 0.000000 0.000000 0.000000
433 1 24.018759 53.187840 157.523357 1.000000 1.000000 1.000000 0.983094
433 0.000000 0.000000 0.000000
434 1 89.547957 26.055767 95.508445 1.000000 1.000000 1.000000 0.983094
434 0.000000 0.000000 0.000000
435 1 28.451672 80.384465 184.296636 1.000000 1.000000 1.000000 0.983094
435 0.000000 0.000000 0.000000
436 1 10.605334 56.637801 54.718868 1.000000 1.000000 1.000000 0.983094
436 0.000000 0.000000 0.000000
438 1 94.736001 68.489324 109.930613 1.000000 1.000000 1.000000 0.983094
438 0.000000 0.000000 0.000000
439 1 40.247182 10.918705 57.903999 1.000000 1.000000 1.000000 0.983094
439 0.000000 0.000000 0.000000
441 1 82.917945 56.573611 136.139158 1.000000 1.000000 1.000000 0.983094
441 0.000000 0.000000 0.000000
442 1 97.501682 70.488896 114.915338 1.000000 1.000000 1.000000 0.983094
442 0.000000 0.000000 0.000000
443 1 46.560557 65.432754 154.231235 1.000000 1.000000 1.000000 0.983094
443 0.000000 0.000000 0.000000
444 1 20.958389 77.591386 61.645800 1.000000 1.000000 1.000000 0.983094
444 0.000000 0.000000 0.000000
446 1 42.793375 46.774483 60.931132 1.000000 1.000000 1.000000 0.983094
446 0.000000 0.000000 0.000000
447 1 4.615797 26.331535 128.318008 1.000000 1.000000 1.000000 0.983094
447 0.000000 0.000000 0.000000
448 1 81.957751 94.000821 98.329181 1.000000 1.000000 1.000000 0.983094
448 0.000000 0.000000 0.000000
449 1 4.446880 40.186786 72.753946 1.000000 1.000000 1.000000 0.983094
449 0.000000 0.000000 0.000000
450 1 40.388202 38.533680 191.957484 1.000000 1.000000 1.000000 0.983094
450 0.000000 0.000000 0.000000
451 1 69.881038 97.457781 1.290575 1.000000 1.000000 1.000000 0.983094
451 0.000000 0.000000 0.000000
452 1 77.615716 96.876845 41.942995 1.000000 1.000000 1.000000 0.983094
452 0.000000 0.000000 0.000000
453 1 83.370123 3.053421 8.503663 2.000000 2.000000 1.000000 1.127810
453 0.000000 0.000000 0.000000
454 1 33.512613 46.700157 134.107078 1.000000 1.000000 1.000000 0.983094
454 0.000000 0.000000 0.000000
455 1 66.508297 60.954709 111.071935 1.000000 1.000000 1.000000 0.983094
455 0.000000 0.000000 0.000000
456 1 3.761638 17.842786 97.517361 1.000000 1.000000 1.000000 0.983094
456 0.000000 0.000000 0.000000
457 1 80.266797 26.803804 162.668745 1.000000 1.000000 1.000000 0.983094
457 0.000000 0.000000 0.000000
458 1 22.728308 94.398705 53.826775 1.000000 1.000000 1.000000 0.983094
458 0.000000 0.000000 0.000000
459 1 79.252417 25.760511 109.547083 1.000000 1.000000 1.000000 0.983094
459 0.000000 0.000000 0.000000
460 1 38.078372 10.316112 44.805443 1.000000 1.000000 1.000000 0.983094
460 0.000000 0.000000 0.000000
461 1 2.600824 86.042072 14.307688 1.000000 1.000000 1.000000 0.983094
461 0.000000 0.000000 0.000000
462 1 14.244227 69.533094 171.068548 1.000000 1.000000 1.000000 0.983094
462 0.000000 0.000000 0.000000
463 1 94.872805 43.914566 156.739663 1.000000 1.000000 1.000000 0.983094
463 0.000000 0.000000 0.000000
464 1 32.541274 66.665918 64.475932 1.000000 1.000000 1.000000 0.983094
464 0.000000 0.000000 0.000000
465 1 93.046629 95.291010 50.949539 1.000000 1.000000 1.000000 0.983094
465 0.000000 0.000000 0.000000
466 1 40.356823 61.248315 195.911254 1.000000 1.000000 1.000000 0.983094
466 0.000000 0.000000 0.000000
467 1 53.173395 90.756598 175.718356 1.000000 1.000000 1.000000 0.983094
467 0.000000 0.000000 0.000000
468 1 55.378950 77.371906 78.843641 1.000000 1.000000 1.000000 0.983094
468 0.000000 0.000000 0.000000
469 1 37.382104 88.422953 2.110505 1.000000 1.000000 1.000000 0.983094
469 0.000000 0.000000 0.000000
470 1 97.500523 20.300541 141.561753 1.000000 1.000000 1.000000 0.983094
470 0.000000 0.000000 0.000000
471 1 77.397100 79.729125 130.446998 1.000000 1.000000 1.000000 0.983094
471 0.000000 0.000000 0.000000
472 1 92.195879 7.025175 126.679228 1.000000 1.000000 1.000000 0.983094
472 0.000000 0.000000 0.000000
473 1 28.012766 71.863705 39.527144 1.000000 1.000000 1.000000 0.983094
473 0.000000 0.000000 0.000000
474 1 9.938351 83.308398 189.648296 1.000000 1.000000 1.000000 0.983094
474 0.000000 0.000000 0.000000
475 1 27.969429 80.449207 62.103249 1.000000 1.000000 1.000000 0.983094
475 0.000000 0.000000 0.000000
476 1 23.441360 86.040173 107.922900 1.000000 1.000000 1.000000 0.983094
476 0.000000 0.000000 0.000000
477 1 80.525227 90.074357 29.423677 1.000000 1.000000 1.000000 0.983094
477 0.000000 0.000000 0.000000
478 1 10.324810 68.692921 118.890236 1.000000 1.000000 1.000000 0.983094
478 0.000000 0.000000 0.000000
479 1 71.401782 80.306809 188.242498 1.000000 1.000000 1.000000 0.983094
479 0.000000 0.000000 0.000000
480 1 44.039418 94.867228 42.402517 1.000000 1.000000 1.000000 0.983094
480 0.000000 0.000000 0.000000
481 1 95.466976 99.738849 180.205823 1.000000 1.000000 1.000000 0.983094
481 0.000000 0.000000 0.000000
482 1 57.926212 90.900844 63.016764 1.000000 1.000000 1.000000 0.983094
482 0.000000 0.000000 0.000000
483 1 79.234613 56.849256 9.795903 1.000000 1.000000 1.000000 0.983094
483 0.000000 0.000000 0.000000
484 1 82.028668 19.127381 50.551085 1.000000 1.000000 1.000000 0.983094
484 0.000000 0.000000 0.000000
485 1 90.717296 8.477383 170.224981 1.000000 1.000000 1.000000 0.983094
485 0.000000 0.000000 0.000000
486 1 39.661149 38.804737 98.725749 1.000000 1.000000 1.000000 0.983094
486 0.000000 0.000000 0.000000
487 1 61.434165 53.469079 187.993161 2.000000 2.000000 1.000000 1.127810
487 0.000000 0.000000 0.000000
488 1 8.928984 51.678428 83.397333 1.000000 1.000000 1.000000 0.983094
488 0.000000 0.000000 0.000000
489 1 81.843652 36.390910 46.141388 1.000000 1.000000 1.000000 0.983094
489 0.000000 0.000000 0.000000
490 1 83.183137 54.583422 149.192222 1.000000 1.000000 1.000000 0.983094
490 0.000000 0.000000 0.000000
491 1 57.836866 9.267048 83.744966 1.000000 1.000000 1.000000 0.983094
491 0.000000 0.000000 0.000000
492 1 78.924011 5.645930 12.462953 1.000000 1.000000 1.000000 0.983094
492 0.000000 0.000000 0.000000
493 1 94.101488 43.226981 29.411810 1.000000 1.000000 1.000000 0.983094
493 0.000000 0.000000 0.000000
494 1 33.453653 9.728035 19.002127 1.000000 1.000000 1.000000 0.983094
494 0.000000 0.000000 0.000000
495 1 41.611286 96.165100 11.552660 1.000000 1.000000 1.000000 0.983094
495 0.000000 0.000000 0.000000
496 1 70.989467 45.316020 173.988355 1.000000 1.000000 1.000000 0.983094
496 0.000000 0.000000 0.000000
497 1 14.097389 85.990789 8.511931 1.000000 1.000000 1.000000 0.983094
497 0.000000 0.000000 0.000000
498 1 10.418428 80.621890 177.852116 1.000000 1.000000 1.000000 0.983094
498 0.000000 0.000000 0.000000
499 1 84.794943 62.846894 86.244802 1.000000 1.000000 1.000000 0.983094
499 0.000000 0.000000 0.000000
