RESTART FILE
Timestep: 900

NUMBER OF PARTICLES
372

SIMULATION BOX
100 100 200

TIMESTEP
0.1

ATTRACTION RADIUS
25
0.983094 1.12781 1.19748 1.23785 1.26372 1.28133 1.2939 1.30312 1.31014 1.31562 1.32005 1.32351 1.32648 1.32881 1.33082 1.33244 1.33389 1.33515 1.3363 1.33723 1.33803 1.33868 1.33937 1.33991 1.34042 

AGGREGATES/BEADS
0 1 94.019558 92.673859 52.831068 1.000000 1.000000 1.000000 0.983094
0 0.000000 0.000000 0.000000
1 1 87.989809 2.895568 150.218365 2.000000 2.000000 1.000000 1.127810
1 0.000000 0.000000 0.000000
3 1 99.887150 63.205582 116.498535 1.000000 1.000000 1.000000 0.983094
3 0.000000 0.000000 0.000000
4 1 30.808596 91.377720 111.670367 2.000000 2.000000 1.000000 1.127810
4 0.000000 0.000000 0.000000
5 1 45.228246 67.842847 198.491503 1.000000 1.000000 1.000000 0.983094
5 0.000000 0.000000 0.000000
6 1 73.089205 9.167234 12.341933 1.000000 1.000000 1.000000 0.983094
6 0.000000 0.000000 0.000000
7 1 61.748851 5.223628 148.754699 1.000000 1.000000 1.000000 0.983094
7 0.000000 0.000000 0.000000
8 1 48.347107 99.630315 110.254509 1.000000 1.000000 1.000000 0.983094
8 0.000000 0.000000 0.000000
9 1 42.404824 34.825962 68.718807 1.000000 1.000000 1.000000 0.983094
9 0.000000 0.000000 0.000000
10 1 99.184280 90.098776 26.205259 1.000000 1.000000 1.000000 0.983094
10 0.000000 0.000000 0.000000
11 1 41.183717 46.409093 41.862210 1.000000 1.000000 1.000000 0.983094
11 0.000000 0.000000 0.000000
13 1 43.481843 72.347282 19.158458 1.000000 1.000000 1.000000 0.983094
13 0.000000 0.000000 0.000000
14 1 20.753772 19.242647 14.575047 4.000000 4.000000 1.000000 1.237850
14 0.000000 0.000000 0.000000
15 1 60.917192 71.538999 10.071417 1.000000 1.000000 1.000000 0.983094
15 0.000000 0.000000 0.000000
16 1 62.673096 86.255192 29.425349 2.000000 2.000000 1.000000 1.127810
16 0.000000 0.000000 0.000000
18 1 72.714446 85.229206 158.273605 1.000000 1.000000 1.000000 0.983094
18 0.000000 0.000000 0.000000
19 1 48.984303 53.668144 178.605777 3.000000 3.000000 1.000000 1.197480
19 0.000000 0.000000 0.000000
20 1 95.689875 4.816370 121.347178 1.000000 1.000000 1.000000 0.983094
20 0.000000 0.000000 0.000000
22 1 69.243770 42.921524 140.603718 2.000000 2.000000 1.000000 1.127810
22 0.000000 0.000000 0.000000
23 1 74.706339 34.143723 108.704773 1.000000 1.000000 1.000000 0.983094
23 0.000000 0.000000 0.000000
24 1 16.569568 57.756786 91.541213 1.000000 1.000000 1.000000 0.983094
24 0.000000 0.000000 0.000000
25 1 77.346066 91.446652 70.209931 4.000000 4.000000 1.000000 1.237850
25 0.000000 0.000000 0.000000
26 1 85.408348 36.537072 64.969049 1.000000 1.000000 1.000000 0.983094
26 0.000000 0.000000 0.000000
29 1 36.446537 30.955959 16.351451 3.000000 3.000000 1.000000 1.197480
29 0.000000 0.000000 0.000000
30 1 22.239898 41.222258 7.546591 1.000000 1.000000 1.000000 0.983094
30 0.000000 0.000000 0.000000
31 1 77.141240 32.011881 31.756242 2.000000 2.000000 1.000000 1.127810
31 0.000000 0.000000 0.000000
32 1 5.677780 62.749349 146.636922 2.000000 2.000000 1.000000 1.127810
32 0.000000 0.000000 0.000000
33 1 63.297232 66.896738 27.933873 2.000000 2.000000 1.000000 1.127810
33 0.000000 0.000000 0.000000
36 1 2.586919 97.087801 38.574465 3.000000 3.000000 1.000000 1.197480
36 0.000000 0.000000 0.000000
37 1 86.472329 22.343206 146.660119 1.000000 1.000000 1.000000 0.983094
37 0.000000 0.000000 0.000000
38 1 88.412692 62.990985 83.820448 1.000000 1.000000 1.000000 0.983094
38 0.000000 0.000000 0.000000
39 1 51.813859 1.612963 35.932371 1.000000 1.000000 1.000000 0.983094
39 0.000000 0.000000 0.000000
41 1 80.162853 14.487839 87.854596 1.000000 1.000000 1.000000 0.983094
41 0.000000 0.000000 0.000000
44 1 54.976217 68.155300 116.830371 2.000000 2.000000 1.000000 1.127810
44 0.000000 0.000000 0.000000
45 1 37.433893 35.940642 87.290153 1.000000 1.000000 1.000000 0.983094
45 0.000000 0.000000 0.000000
46 1 34.861941 13.756785 61.740295 1.000000 1.000000 1.000000 0.983094
46 0.000000 0.000000 0.000000
47 1 31.465309 61.513025 17.843839 2.000000 2.000000 1.000000 1.127810
47 0.000000 0.000000 0.000000
48 1 68.499146 38.039651 27.476956 2.000000 2.000000 1.000000 1.127810
48 0.000000 0.000000 0.000000
49 1 88.727968 28.420634 21.527578 1.000000 1.000000 1.000000 0.983094
49 0.000000 0.000000 0.000000
50 1 92.852789 57.495888 6.673597 1.000000 1.000000 1.000000 0.983094
50 0.000000 0.000000 0.000000
51 1 19.451791 35.920317 148.287082 1.000000 1.000000 1.000000 0.983094
51 0.000000 0.000000 0.000000
53 1 65.220084 84.942617 53.872971 1.000000 1.000000 1.000000 0.983094
53 0.000000 0.000000 0.000000
54 1 20.026460 46.870540 36.465533 1.000000 1.000000 1.000000 0.983094
54 0.000000 0.000000 0.000000
55 1 37.555970 75.402141 115.601155 1.000000 1.000000 1.000000 0.983094
55 0.000000 0.000000 0.000000
56 1 22.633129 76.542282 194.322309 1.000000 1.000000 1.000000 0.983094
56 0.000000 0.000000 0.000000
57 1 82.092550 89.683860 166.443876 1.000000 1.000000 1.000000 0.983094
57 0.000000 0.000000 0.000000
58 1 55.023188 59.508089 30.277943 2.000000 2.000000 1.000000 1.127810
58 0.000000 0.000000 0.000000
60 1 2.846982 43.203863 29.764356 3.000000 3.000000 1.000000 1.197480
60 0.000000 0.000000 0.000000
61 1 71.366181 12.810487 181.035412 1.000000 1.000000 1.000000 0.983094
61 0.000000 0.000000 0.000000
62 1 62.814297 10.040084 115.568824 2.000000 2.000000 1.000000 1.127810
62 0.000000 0.000000 0.000000
63 1 13.985846 99.583895 48.117808 1.000000 1.000000 1.000000 0.983094
63 0.000000 0.000000 0.000000
64 1 45.669810 84.946179 85.855032 2.000000 2.000000 1.000000 1.127810
64 0.000000 0.000000 0.000000
66 1 96.274882 64.023259 24.335867 1.000000 1.000000 1.000000 0.983094
66 0.000000 0.000000 0.000000
68 1 38.306094 31.268788 163.094892 2.000000 2.000000 1.000000 1.127810
68 0.000000 0.000000 0.000000
69 1 82.397208 52.759025 1.760863 1.000000 1.000000 1.000000 0.983094
69 0.000000 0.000000 0.000000
70 1 45.993783 56.823309 114.423684 1.000000 1.000000 1.000000 0.983094
70 0.000000 0.000000 0.000000
72 1 89.396283 86.236787 73.804234 4.000000 4.000000 1.000000 1.237850
72 0.000000 0.000000 0.000000
74 1 53.055324 12.152321 75.373912 1.000000 1.000000 1.000000 0.983094
74 0.000000 0.000000 0.000000
75 1 85.914930 16.700875 95.578130 1.000000 1.000000 1.000000 0.983094
75 0.000000 0.000000 0.000000
76 1 88.587328 53.799366 193.431735 1.000000 1.000000 1.000000 0.983094
76 0.000000 0.000000 0.000000
77 1 91.633285 66.224780 51.499549 1.000000 1.000000 1.000000 0.983094
77 0.000000 0.000000 0.000000
79 1 14.730908 3.207914 186.998404 1.000000 1.000000 1.000000 0.983094
79 0.000000 0.000000 0.000000
83 1 34.702989 80.570169 165.889728 1.000000 1.000000 1.000000 0.983094
83 0.000000 0.000000 0.000000
84 1 70.531458 91.124126 197.873377 1.000000 1.000000 1.000000 0.983094
84 0.000000 0.000000 0.000000
85 1 42.382782 4.476695 89.428160 1.000000 1.000000 1.000000 0.983094
85 0.000000 0.000000 0.000000
86 1 79.126166 83.386765 53.373800 1.000000 1.000000 1.000000 0.983094
86 0.000000 0.000000 0.000000
87 1 86.616059 36.857446 91.578103 1.000000 1.000000 1.000000 0.983094
87 0.000000 0.000000 0.000000
88 1 3.732800 80.964016 160.925056 1.000000 1.000000 1.000000 0.983094
88 0.000000 0.000000 0.000000
89 1 32.373731 34.348370 142.029152 1.000000 1.000000 1.000000 0.983094
89 0.000000 0.000000 0.000000
90 1 94.022172 75.145056 39.181157 2.000000 2.000000 1.000000 1.127810
90 0.000000 0.000000 0.000000
91 1 96.713795 6.268966 22.804967 2.000000 2.000000 1.000000 1.127810
91 0.000000 0.000000 0.000000
92 1 90.785096 49.957276 86.865959 1.000000 1.000000 1.000000 0.983094
92 0.000000 0.000000 0.000000
94 1 86.622928 72.861480 130.757992 1.000000 1.000000 1.000000 0.983094
94 0.000000 0.000000 0.000000
95 1 56.202793 17.938378 87.208766 1.000000 1.000000 1.000000 0.983094
95 0.000000 0.000000 0.000000
97 1 34.759440 89.359201 25.047786 2.000000 2.000000 1.000000 1.127810
97 0.000000 0.000000 0.000000
98 1 58.827278 33.227077 44.550331 1.000000 1.000000 1.000000 0.983094
98 0.000000 0.000000 0.000000
99 1 51.137323 75.940033 62.046435 1.000000 1.000000 1.000000 0.983094
99 0.000000 0.000000 0.000000
100 1 88.900396 20.878245 14.765064 1.000000 1.000000 1.000000 0.983094
100 0.000000 0.000000 0.000000
101 1 56.464068 2.631589 125.945889 1.000000 1.000000 1.000000 0.983094
101 0.000000 0.000000 0.000000
102 1 42.795476 64.018512 110.913313 2.000000 2.000000 1.000000 1.127810
102 0.000000 0.000000 0.000000
103 1 59.340224 66.885828 137.089945 1.000000 1.000000 1.000000 0.983094
103 0.000000 0.000000 0.000000
104 1 55.685044 7.098442 59.724862 3.000000 3.000000 1.000000 1.197480
104 0.000000 0.000000 0.000000
105 1 84.244372 53.068836 183.936453 1.000000 1.000000 1.000000 0.983094
105 0.000000 0.000000 0.000000
106 1 78.960656 6.789231 166.695385 2.000000 2.000000 1.000000 1.127810
106 0.000000 0.000000 0.000000
108 1 52.523228 38.412686 189.247516 1.000000 1.000000 1.000000 0.983094
108 0.000000 0.000000 0.000000
109 1 4.567712 33.407726 142.252892 1.000000 1.000000 1.000000 0.983094
109 0.000000 0.000000 0.000000
110 1 49.068493 54.788760 154.890724 1.000000 1.000000 1.000000 0.983094
110 0.000000 0.000000 0.000000
111 1 82.166759 18.435664 79.183860 1.000000 1.000000 1.000000 0.983094
111 0.000000 0.000000 0.000000
112 1 32.653415 41.639557 45.662963 2.000000 2.000000 1.000000 1.127810
112 0.000000 0.000000 0.000000
113 1 42.595382 67.673563 128.887041 2.000000 2.000000 1.000000 1.127810
113 0.000000 0.000000 0.000000
115 1 81.909246 45.791987 127.163893 1.000000 1.000000 1.000000 0.983094
115 0.000000 0.000000 0.000000
117 1 32.648892 63.014511 178.374676 1.000000 1.000000 1.000000 0.983094
117 0.000000 0.000000 0.000000
118 1 47.173304 3.235351 80.756322 1.000000 1.000000 1.000000 0.983094
118 0.000000 0.000000 0.000000
120 1 4.258432 55.877558 35.545494 4.000000 4.000000 1.000000 1.237850
120 0.000000 0.000000 0.000000
121 1 59.824405 29.870715 62.018970 1.000000 1.000000 1.000000 0.983094
121 0.000000 0.000000 0.000000
122 1 60.364421 27.975335 183.585235 2.000000 2.000000 1.000000 1.127810
122 0.000000 0.000000 0.000000
123 1 79.541174 13.838840 1.525871 1.000000 1.000000 1.000000 0.983094
123 0.000000 0.000000 0.000000
125 1 87.402913 35.588565 72.454399 1.000000 1.000000 1.000000 0.983094
125 0.000000 0.000000 0.000000
126 1 17.375425 82.401240 87.288885 1.000000 1.000000 1.000000 0.983094
126 0.000000 0.000000 0.000000
128 1 52.475464 6.031640 151.497769 3.000000 3.000000 1.000000 1.197480
128 0.000000 0.000000 0.000000
129 1 73.508796 42.837561 162.852718 1.000000 1.000000 1.000000 0.983094
129 0.000000 0.000000 0.000000
130 1 1.856216 23.755911 118.647163 1.000000 1.000000 1.000000 0.983094
130 0.000000 0.000000 0.000000
131 1 67.268096 87.866110 95.396082 1.000000 1.000000 1.000000 0.983094
131 0.000000 0.000000 0.000000
132 1 59.409659 56.404851 32.795605 3.000000 3.000000 1.000000 1.197480
132 0.000000 0.000000 0.000000
133 1 51.312423 76.615143 81.423142 1.000000 1.000000 1.000000 0.983094
133 0.000000 0.000000 0.000000
134 1 65.033075 29.268311 60.649915 1.000000 1.000000 1.000000 0.983094
134 0.000000 0.000000 0.000000
136 1 10.161375 27.805193 72.056969 1.000000 1.000000 1.000000 0.983094
136 0.000000 0.000000 0.000000
137 1 24.119220 63.062541 137.113157 1.000000 1.000000 1.000000 0.983094
137 0.000000 0.000000 0.000000
139 1 19.747331 40.221223 1.762521 1.000000 1.000000 1.000000 0.983094
139 0.000000 0.000000 0.000000
140 1 76.967117 64.791578 135.633875 1.000000 1.000000 1.000000 0.983094
140 0.000000 0.000000 0.000000
141 1 42.981934 77.903393 94.688847 1.000000 1.000000 1.000000 0.983094
141 0.000000 0.000000 0.000000
142 1 82.145388 12.435764 83.708009 1.000000 1.000000 1.000000 0.983094
142 0.000000 0.000000 0.000000
143 1 73.322005 38.167137 163.970708 1.000000 1.000000 1.000000 0.983094
143 0.000000 0.000000 0.000000
144 1 92.406319 50.660784 181.403769 1.000000 1.000000 1.000000 0.983094
144 0.000000 0.000000 0.000000
145 1 91.906194 74.403100 180.345831 1.000000 1.000000 1.000000 0.983094
145 0.000000 0.000000 0.000000
147 1 72.017428 53.435819 127.672941 2.000000 2.000000 1.000000 1.127810
147 0.000000 0.000000 0.000000
148 1 15.340929 5.879001 142.507601 1.000000 1.000000 1.000000 0.983094
148 0.000000 0.000000 0.000000
149 1 33.276465 21.289003 113.726441 1.000000 1.000000 1.000000 0.983094
149 0.000000 0.000000 0.000000
151 1 26.830832 34.315846 163.647287 2.000000 2.000000 1.000000 1.127810
151 0.000000 0.000000 0.000000
152 1 45.195973 54.334237 142.742496 2.000000 2.000000 1.000000 1.127810
152 0.000000 0.000000 0.000000
154 1 18.421874 70.300718 130.536172 1.000000 1.000000 1.000000 0.983094
154 0.000000 0.000000 0.000000
158 1 33.983626 12.745373 195.100114 1.000000 1.000000 1.000000 0.983094
158 0.000000 0.000000 0.000000
159 1 32.959552 16.537183 180.710101 1.000000 1.000000 1.000000 0.983094
159 0.000000 0.000000 0.000000
161 1 12.176085 55.361530 96.466817 1.000000 1.000000 1.000000 0.983094
161 0.000000 0.000000 0.000000
165 1 5.025901 21.849377 155.394786 2.000000 2.000000 1.000000 1.127810
165 0.000000 0.000000 0.000000
166 1 81.338919 93.035518 91.586864 2.000000 2.000000 1.000000 1.127810
166 0.000000 0.000000 0.000000
168 1 4.531757 5.180822 152.744182 2.000000 2.000000 1.000000 1.127810
168 0.000000 0.000000 0.000000
169 1 49.515847 7.476739 40.093957 2.000000 2.000000 1.000000 1.127810
169 0.000000 0.000000 0.000000
170 1 31.439109 60.016028 199.160832 1.000000 1.000000 1.000000 0.983094
170 0.000000 0.000000 0.000000
171 1 67.173822 94.258959 120.775927 1.000000 1.000000 1.000000 0.983094
171 0.000000 0.000000 0.000000
173 1 49.415756 68.412210 78.333965 1.000000 1.000000 1.000000 0.983094
173 0.000000 0.000000 0.000000
175 1 44.122834 9.812083 116.639596 1.000000 1.000000 1.000000 0.983094
175 0.000000 0.000000 0.000000
176 1 33.996769 7.951123 84.251185 1.000000 1.000000 1.000000 0.983094
176 0.000000 0.000000 0.000000
177 1 38.940741 31.972192 93.017200 1.000000 1.000000 1.000000 0.983094
177 0.000000 0.000000 0.000000
179 1 37.692446 78.043071 77.797945 3.000000 3.000000 1.000000 1.197480
179 0.000000 0.000000 0.000000
181 1 30.763386 19.303365 177.241896 1.000000 1.000000 1.000000 0.983094
181 0.000000 0.000000 0.000000
183 1 16.612797 99.484943 126.648049 1.000000 1.000000 1.000000 0.983094
183 0.000000 0.000000 0.000000
184 1 69.204096 1.152338 59.599326 2.000000 2.000000 1.000000 1.127810
184 0.000000 0.000000 0.000000
186 1 93.593416 12.087065 26.066555 1.000000 1.000000 1.000000 0.983094
186 0.000000 0.000000 0.000000
187 1 37.424851 66.781294 57.939652 1.000000 1.000000 1.000000 0.983094
187 0.000000 0.000000 0.000000
188 1 75.033209 5.459826 31.755065 2.000000 2.000000 1.000000 1.127810
188 0.000000 0.000000 0.000000
189 1 61.290914 86.800622 98.149252 1.000000 1.000000 1.000000 0.983094
189 0.000000 0.000000 0.000000
191 1 59.994544 65.526426 114.054093 1.000000 1.000000 1.000000 0.983094
191 0.000000 0.000000 0.000000
192 1 61.662893 76.021353 36.105669 1.000000 1.000000 1.000000 0.983094
192 0.000000 0.000000 0.000000
193 1 23.117906 45.973727 3.702039 1.000000 1.000000 1.000000 0.983094
193 0.000000 0.000000 0.000000
194 1 7.100958 53.466913 189.967424 1.000000 1.000000 1.000000 0.983094
194 0.000000 0.000000 0.000000
196 1 61.551691 47.660123 127.893122 1.000000 1.000000 1.000000 0.983094
196 0.000000 0.000000 0.000000
197 1 74.092931 2.648727 101.388060 1.000000 1.000000 1.000000 0.983094
197 0.000000 0.000000 0.000000
198 1 91.086702 80.880133 8.000072 4.000000 4.000000 1.000000 1.237850
198 0.000000 0.000000 0.000000
199 1 30.308113 0.329547 179.774404 1.000000 1.000000 1.000000 0.983094
199 0.000000 0.000000 0.000000
200 1 50.046049 19.763533 155.617465 1.000000 1.000000 1.000000 0.983094
200 0.000000 0.000000 0.000000
203 1 60.333089 71.262736 15.125482 1.000000 1.000000 1.000000 0.983094
203 0.000000 0.000000 0.000000
204 1 36.594852 26.494186 128.903877 1.000000 1.000000 1.000000 0.983094
204 0.000000 0.000000 0.000000
205 1 58.120294 0.367689 36.369425 1.000000 1.000000 1.000000 0.983094
205 0.000000 0.000000 0.000000
207 1 42.474696 80.174657 137.269535 1.000000 1.000000 1.000000 0.983094
207 0.000000 0.000000 0.000000
208 1 29.669494 94.367205 97.983338 1.000000 1.000000 1.000000 0.983094
208 0.000000 0.000000 0.000000
209 1 58.091797 92.199108 119.176889 1.000000 1.000000 1.000000 0.983094
209 0.000000 0.000000 0.000000
212 1 12.017296 19.476964 102.893031 1.000000 1.000000 1.000000 0.983094
212 0.000000 0.000000 0.000000
214 1 32.330754 38.399568 31.906720 1.000000 1.000000 1.000000 0.983094
214 0.000000 0.000000 0.000000
215 1 12.225650 33.059305 57.658497 2.000000 2.000000 1.000000 1.127810
215 0.000000 0.000000 0.000000
216 1 9.134583 50.040981 135.328259 1.000000 1.000000 1.000000 0.983094
216 0.000000 0.000000 0.000000
217 1 36.421210 22.039372 172.340016 1.000000 1.000000 1.000000 0.983094
217 0.000000 0.000000 0.000000
218 1 19.989266 48.976315 112.667755 1.000000 1.000000 1.000000 0.983094
218 0.000000 0.000000 0.000000
219 1 73.204081 67.901328 38.644510 1.000000 1.000000 1.000000 0.983094
219 0.000000 0.000000 0.000000
220 1 82.052929 68.713275 89.953411 1.000000 1.000000 1.000000 0.983094
220 0.000000 0.000000 0.000000
221 1 17.995588 27.178256 165.009884 1.000000 1.000000 1.000000 0.983094
221 0.000000 0.000000 0.000000
222 1 52.305502 40.954359 87.835524 1.000000 1.000000 1.000000 0.983094
222 0.000000 0.000000 0.000000
223 1 80.864169 41.281729 110.151428 1.000000 1.000000 1.000000 0.983094
223 0.000000 0.000000 0.000000
224 1 42.548231 97.040006 196.557399 1.000000 1.000000 1.000000 0.983094
224 0.000000 0.000000 0.000000
225 1 42.651979 26.959991 98.739930 2.000000 2.000000 1.000000 1.127810
225 0.000000 0.000000 0.000000
226 1 95.103272 71.606883 59.091650 1.000000 1.000000 1.000000 0.983094
226 0.000000 0.000000 0.000000
227 1 34.903007 34.672901 167.105429 2.000000 2.000000 1.000000 1.127810
227 0.000000 0.000000 0.000000
228 1 66.738965 62.512686 48.397126 1.000000 1.000000 1.000000 0.983094
228 0.000000 0.000000 0.000000
229 1 13.345563 0.165624 25.403335 1.000000 1.000000 1.000000 0.983094
229 0.000000 0.000000 0.000000
230 1 37.458028 39.516395 1.672447 1.000000 1.000000 1.000000 0.983094
230 0.000000 0.000000 0.000000
231 1 97.739511 24.539025 192.884826 1.000000 1.000000 1.000000 0.983094
231 0.000000 0.000000 0.000000
232 1 26.098748 48.657197 67.562884 1.000000 1.000000 1.000000 0.983094
232 0.000000 0.000000 0.000000
233 1 24.951173 92.595295 28.484672 3.000000 3.000000 1.000000 1.197480
233 0.000000 0.000000 0.000000
237 1 15.991418 81.465025 66.828862 1.000000 1.000000 1.000000 0.983094
237 0.000000 0.000000 0.000000
238 1 30.627243 23.550439 137.751068 1.000000 1.000000 1.000000 0.983094
238 0.000000 0.000000 0.000000
239 1 21.158982 58.485454 156.635958 1.000000 1.000000 1.000000 0.983094
239 0.000000 0.000000 0.000000
240 1 33.603213 42.785311 59.344989 4.000000 4.000000 1.000000 1.237850
240 0.000000 0.000000 0.000000
242 1 27.456380 83.995196 72.352460 1.000000 1.000000 1.000000 0.983094
242 0.000000 0.000000 0.000000
243 1 7.067205 22.306922 80.421557 1.000000 1.000000 1.000000 0.983094
243 0.000000 0.000000 0.000000
244 1 99.123419 68.731657 61.753702 2.000000 2.000000 1.000000 1.127810
244 0.000000 0.000000 0.000000
245 1 89.647888 42.010287 27.222665 1.000000 1.000000 1.000000 0.983094
245 0.000000 0.000000 0.000000
246 1 56.875371 7.009991 79.462710 1.000000 1.000000 1.000000 0.983094
246 0.000000 0.000000 0.000000
247 1 52.904053 42.277746 116.570615 2.000000 2.000000 1.000000 1.127810
247 0.000000 0.000000 0.000000
248 1 10.114799 36.710044 65.256168 1.000000 1.000000 1.000000 0.983094
248 0.000000 0.000000 0.000000
249 1 53.558244 93.710466 184.694880 1.000000 1.000000 1.000000 0.983094
249 0.000000 0.000000 0.000000
250 1 81.982778 2.506190 104.826552 1.000000 1.000000 1.000000 0.983094
250 0.000000 0.000000 0.000000
252 1 99.326969 44.067330 52.833561 1.000000 1.000000 1.000000 0.983094
252 0.000000 0.000000 0.000000
254 1 65.903863 47.340648 189.775141 1.000000 1.000000 1.000000 0.983094
254 0.000000 0.000000 0.000000
255 1 7.472768 25.517979 53.476457 1.000000 1.000000 1.000000 0.983094
255 0.000000 0.000000 0.000000
257 1 65.080387 64.000685 194.720977 1.000000 1.000000 1.000000 0.983094
257 0.000000 0.000000 0.000000
258 1 47.143695 6.055653 113.796493 1.000000 1.000000 1.000000 0.983094
258 0.000000 0.000000 0.000000
260 1 99.443107 40.194980 156.563845 1.000000 1.000000 1.000000 0.983094
260 0.000000 0.000000 0.000000
261 1 94.477577 83.094857 5.592525 1.000000 1.000000 1.000000 0.983094
261 0.000000 0.000000 0.000000
262 1 70.607424 42.560039 35.116109 1.000000 1.000000 1.000000 0.983094
262 0.000000 0.000000 0.000000
263 1 36.395285 75.488311 17.464713 2.000000 2.000000 1.000000 1.127810
263 0.000000 0.000000 0.000000
266 1 24.642918 8.489580 157.083474 1.000000 1.000000 1.000000 0.983094
266 0.000000 0.000000 0.000000
267 1 53.766242 53.024658 143.650412 1.000000 1.000000 1.000000 0.983094
267 0.000000 0.000000 0.000000
268 1 87.093731 54.188290 172.627476 1.000000 1.000000 1.000000 0.983094
268 0.000000 0.000000 0.000000
269 1 54.083076 40.866512 83.167395 1.000000 1.000000 1.000000 0.983094
269 0.000000 0.000000 0.000000
270 1 23.410622 11.388027 45.389734 1.000000 1.000000 1.000000 0.983094
270 0.000000 0.000000 0.000000
271 1 89.074791 10.443365 152.549851 1.000000 1.000000 1.000000 0.983094
271 0.000000 0.000000 0.000000
273 1 64.713647 92.315146 196.506931 2.000000 2.000000 1.000000 1.127810
273 0.000000 0.000000 0.000000
274 1 89.363403 75.160421 35.030698 1.000000 1.000000 1.000000 0.983094
274 0.000000 0.000000 0.000000
276 1 59.981478 45.252930 115.772641 1.000000 1.000000 1.000000 0.983094
276 0.000000 0.000000 0.000000
277 1 90.941348 7.518871 135.996789 1.000000 1.000000 1.000000 0.983094
277 0.000000 0.000000 0.000000
278 1 6.082997 76.615587 114.064849 1.000000 1.000000 1.000000 0.983094
278 0.000000 0.000000 0.000000
279 1 40.690426 93.623452 42.057395 1.000000 1.000000 1.000000 0.983094
279 0.000000 0.000000 0.000000
281 1 83.866872 43.379488 152.084039 1.000000 1.000000 1.000000 0.983094
281 0.000000 0.000000 0.000000
282 1 16.698311 60.411704 51.021318 1.000000 1.000000 1.000000 0.983094
282 0.000000 0.000000 0.000000
283 1 59.414002 37.679777 87.638217 1.000000 1.000000 1.000000 0.983094
283 0.000000 0.000000 0.000000
284 1 76.778534 47.180262 174.881790 1.000000 1.000000 1.000000 0.983094
284 0.000000 0.000000 0.000000
285 1 66.199968 56.333072 79.776375 2.000000 2.000000 1.000000 1.127810
285 0.000000 0.000000 0.000000
286 1 59.821977 60.017169 87.097461 2.000000 2.000000 1.000000 1.127810
286 0.000000 0.000000 0.000000
287 1 50.065144 92.122222 47.788562 1.000000 1.000000 1.000000 0.983094
287 0.000000 0.000000 0.000000
289 1 97.849691 52.264085 93.852389 1.000000 1.000000 1.000000 0.983094
289 0.000000 0.000000 0.000000
290 1 42.775248 89.828951 87.621983 1.000000 1.000000 1.000000 0.983094
290 0.000000 0.000000 0.000000
292 1 81.505757 93.056800 98.741301 1.000000 1.000000 1.000000 0.983094
292 0.000000 0.000000 0.000000
295 1 31.255223 37.225364 103.298103 1.000000 1.000000 1.000000 0.983094
295 0.000000 0.000000 0.000000
296 1 93.827948 74.587802 75.495979 1.000000 1.000000 1.000000 0.983094
296 0.000000 0.000000 0.000000
297 1 22.511940 11.362527 187.584177 1.000000 1.000000 1.000000 0.983094
297 0.000000 0.000000 0.000000
298 1 74.891499 82.827140 97.695423 1.000000 1.000000 1.000000 0.983094
298 0.000000 0.000000 0.000000
299 1 64.376536 46.766482 14.262980 1.000000 1.000000 1.000000 0.983094
299 0.000000 0.000000 0.000000
302 1 67.886918 16.401969 8.767784 2.000000 2.000000 1.000000 1.127810
302 0.000000 0.000000 0.000000
303 1 39.050599 88.036066 160.904122 1.000000 1.000000 1.000000 0.983094
303 0.000000 0.000000 0.000000
304 1 15.708128 29.482346 25.342140 1.000000 1.000000 1.000000 0.983094
304 0.000000 0.000000 0.000000
305 1 49.111746 13.566980 146.189222 2.000000 2.000000 1.000000 1.127810
305 0.000000 0.000000 0.000000
306 1 51.745716 67.052006 75.406299 1.000000 1.000000 1.000000 0.983094
306 0.000000 0.000000 0.000000
307 1 14.181757 44.745017 135.543043 1.000000 1.000000 1.000000 0.983094
307 0.000000 0.000000 0.000000
308 1 32.756469 92.235487 150.595735 1.000000 1.000000 1.000000 0.983094
308 0.000000 0.000000 0.000000
309 1 14.465033 22.276333 191.999933 1.000000 1.000000 1.000000 0.983094
309 0.000000 0.000000 0.000000
311 1 90.027350 86.164633 147.340122 2.000000 2.000000 1.000000 1.127810
311 0.000000 0.000000 0.000000
314 1 69.323108 54.962175 16.934206 1.000000 1.000000 1.000000 0.983094
314 0.000000 0.000000 0.000000
315 1 44.120987 50.779499 57.373994 1.000000 1.000000 1.000000 0.983094
315 0.000000 0.000000 0.000000
317 1 70.366712 4.403830 20.709900 1.000000 1.000000 1.000000 0.983094
317 0.000000 0.000000 0.000000
318 1 17.758774 35.195136 111.077949 1.000000 1.000000 1.000000 0.983094
318 0.000000 0.000000 0.000000
319 1 3.122709 57.771965 143.488273 1.000000 1.000000 1.000000 0.983094
319 0.000000 0.000000 0.000000
320 1 33.245499 51.372921 102.517036 1.000000 1.000000 1.000000 0.983094
320 0.000000 0.000000 0.000000
321 1 86.966065 13.695836 136.131644 1.000000 1.000000 1.000000 0.983094
321 0.000000 0.000000 0.000000
323 1 76.022768 53.076428 123.782140 1.000000 1.000000 1.000000 0.983094
323 0.000000 0.000000 0.000000
325 1 56.590004 59.018469 108.726227 1.000000 1.000000 1.000000 0.983094
325 0.000000 0.000000 0.000000
326 1 91.828695 61.575861 61.790593 1.000000 1.000000 1.000000 0.983094
326 0.000000 0.000000 0.000000
328 1 40.569890 57.940681 162.507109 1.000000 1.000000 1.000000 0.983094
328 0.000000 0.000000 0.000000
329 1 26.023137 82.249701 124.624282 1.000000 1.000000 1.000000 0.983094
329 0.000000 0.000000 0.000000
330 1 27.838931 82.926118 63.672721 1.000000 1.000000 1.000000 0.983094
330 0.000000 0.000000 0.000000
331 1 71.233651 1.631315 63.203268 1.000000 1.000000 1.000000 0.983094
331 0.000000 0.000000 0.000000
332 1 15.716355 39.031721 163.763723 3.000000 3.000000 1.000000 1.197480
332 0.000000 0.000000 0.000000
333 1 74.550854 43.907241 189.656364 1.000000 1.000000 1.000000 0.983094
333 0.000000 0.000000 0.000000
335 1 31.554957 50.910670 67.099946 1.000000 1.000000 1.000000 0.983094
335 0.000000 0.000000 0.000000
336 1 66.802999 31.864581 56.385601 1.000000 1.000000 1.000000 0.983094
336 0.000000 0.000000 0.000000
337 1 22.573665 55.255886 125.391229 1.000000 1.000000 1.000000 0.983094
337 0.000000 0.000000 0.000000
338 1 70.846999 31.150690 153.574695 1.000000 1.000000 1.000000 0.983094
338 0.000000 0.000000 0.000000
340 1 80.789194 89.449230 192.823832 1.000000 1.000000 1.000000 0.983094
340 0.000000 0.000000 0.000000
341 1 42.976273 16.324280 4.593257 2.000000 2.000000 1.000000 1.127810
341 0.000000 0.000000 0.000000
342 1 50.531624 68.678374 36.059812 1.000000 1.000000 1.000000 0.983094
342 0.000000 0.000000 0.000000
343 1 3.143250 29.141004 109.197268 1.000000 1.000000 1.000000 0.983094
343 0.000000 0.000000 0.000000
344 1 83.032348 74.445148 33.886611 1.000000 1.000000 1.000000 0.983094
344 0.000000 0.000000 0.000000
348 1 74.608661 18.011499 73.671055 1.000000 1.000000 1.000000 0.983094
348 0.000000 0.000000 0.000000
349 1 82.053339 34.446200 139.092712 2.000000 2.000000 1.000000 1.127810
349 0.000000 0.000000 0.000000
350 1 48.982655 58.833938 67.223798 1.000000 1.000000 1.000000 0.983094
350 0.000000 0.000000 0.000000
351 1 42.360328 12.388629 170.992014 2.000000 2.000000 1.000000 1.127810
351 0.000000 0.000000 0.000000
352 1 39.038720 60.348639 147.414402 3.000000 3.000000 1.000000 1.197480
352 0.000000 0.000000 0.000000
353 1 56.562859 62.275530 161.574318 1.000000 1.000000 1.000000 0.983094
353 0.000000 0.000000 0.000000
355 1 58.459312 70.254820 122.185261 1.000000 1.000000 1.000000 0.983094
355 0.000000 0.000000 0.000000
356 1 32.971800 14.941416 112.662492 2.000000 2.000000 1.000000 1.127810
356 0.000000 0.000000 0.000000
357 1 61.189247 16.673177 18.621868 1.000000 1.000000 1.000000 0.983094
357 0.000000 0.000000 0.000000
358 1 68.761014 29.413753 112.675139 1.000000 1.000000 1.000000 0.983094
358 0.000000 0.000000 0.000000
359 1 48.954518 69.934594 151.780517 1.000000 1.000000 1.000000 0.983094
359 0.000000 0.000000 0.000000
360 1 94.708412 79.579629 165.398323 1.000000 1.000000 1.000000 0.983094
360 0.000000 0.000000 0.000000
361 1 29.093127 16.206245 115.259299 1.000000 1.000000 1.000000 0.983094
361 0.000000 0.000000 0.000000
362 1 35.364537 80.074144 149.703958 1.000000 1.000000 1.000000 0.983094
362 0.000000 0.000000 0.000000
363 1 13.310931 17.740148 41.005827 1.000000 1.000000 1.000000 0.983094
363 0.000000 0.000000 0.000000
364 1 39.762217 5.282926 98.379936 1.000000 1.000000 1.000000 0.983094
364 0.000000 0.000000 0.000000
367 1 36.538213 67.921937 73.238737 1.000000 1.000000 1.000000 0.983094
367 0.000000 0.000000 0.000000
368 1 44.522264 81.932377 121.645898 3.000000 3.000000 1.000000 1.197480
368 0.000000 0.000000 0.000000
369 1 19.182416 11.450229 181.844112 1.000000 1.000000 1.000000 0.983094
369 0.000000 0.000000 0.000000
370 1 44.423437 29.831447 104.026494 1.000000 1.000000 1.000000 0.983094
370 0.000000 0.000000 0.000000
371 1 30.802476 83.886729 156.230297 1.000000 1.000000 1.000000 0.983094
371 0.000000 0.000000 0.000000
372 1 87.956501 58.883161 169.006768 1.000000 1.000000 1.000000 0.983094
372 0.000000 0.000000 0.000000
373 1 82.910444 90.748779 131.557475 1.000000 1.000000 1.000000 0.983094
373 0.000000 0.000000 0.000000
375 1 97.246550 33.675233 153.952770 1.000000 1.000000 1.000000 0.983094
375 0.000000 0.000000 0.000000
376 1 5.573401 35.544083 162.241480 1.000000 1.000000 1.000000 0.983094
376 0.000000 0.000000 0.000000
377 1 97.854208 51.768134 114.692682 1.000000 1.000000 1.000000 0.983094
377 0.000000 0.000000 0.000000
378 1 6.408651 71.909771 67.340631 2.000000 2.000000 1.000000 1.127810
378 0.000000 0.000000 0.000000
380 1 97.808526 89.179533 24.545127 1.000000 1.000000 1.000000 0.983094
380 0.000000 0.000000 0.000000
381 1 30.040379 23.638960 104.654122 1.000000 1.000000 1.000000 0.983094
381 0.000000 0.000000 0.000000
382 1 55.694121 11.025436 158.265838 1.000000 1.000000 1.000000 0.983094
382 0.000000 0.000000 0.000000
383 1 94.386797 2.999563 148.828170 1.000000 1.000000 1.000000 0.983094
383 0.000000 0.000000 0.000000
384 1 56.127691 81.326698 103.494953 1.000000 1.000000 1.000000 0.983094
384 0.000000 0.000000 0.000000
385 1 16.302688 16.484160 155.324419 2.000000 2.000000 1.000000 1.127810
385 0.000000 0.000000 0.000000
387 1 59.513190 21.704566 12.190379 1.000000 1.000000 1.000000 0.983094
387 0.000000 0.000000 0.000000
388 1 58.014310 8.453749 158.032729 1.000000 1.000000 1.000000 0.983094
388 0.000000 0.000000 0.000000
391 1 23.501276 15.225600 60.134106 4.000000 4.000000 1.000000 1.237850
391 0.000000 0.000000 0.000000
392 1 42.295062 79.582195 102.377332 2.000000 2.000000 1.000000 1.127810
392 0.000000 0.000000 0.000000
394 1 48.588141 67.447910 180.094660 4.000000 4.000000 1.000000 1.237850
394 0.000000 0.000000 0.000000
396 1 50.860011 46.321138 19.985932 1.000000 1.000000 1.000000 0.983094
396 0.000000 0.000000 0.000000
397 1 60.011946 57.355449 41.349258 1.000000 1.000000 1.000000 0.983094
397 0.000000 0.000000 0.000000
398 1 76.443907 93.832573 48.364146 1.000000 1.000000 1.000000 0.983094
398 0.000000 0.000000 0.000000
399 1 32.770367 75.411197 67.292436 1.000000 1.000000 1.000000 0.983094
399 0.000000 0.000000 0.000000
400 1 99.448959 12.804901 10.866501 1.000000 1.000000 1.000000 0.983094
400 0.000000 0.000000 0.000000
401 1 76.154583 96.714893 13.267747 1.000000 1.000000 1.000000 0.983094
401 0.000000 0.000000 0.000000
402 1 78.141862 48.882441 195.082131 1.000000 1.000000 1.000000 0.983094
402 0.000000 0.000000 0.000000
403 1 27.373651 73.236028 133.393160 1.000000 1.000000 1.000000 0.983094
403 0.000000 0.000000 0.000000
404 1 32.848589 31.731495 80.401154 1.000000 1.000000 1.000000 0.983094
404 0.000000 0.000000 0.000000
405 1 89.983592 46.517731 12.188471 1.000000 1.000000 1.000000 0.983094
405 0.000000 0.000000 0.000000
406 1 54.862322 98.786826 125.829497 1.000000 1.000000 1.000000 0.983094
406 0.000000 0.000000 0.000000
407 1 74.740428 14.428802 169.886624 1.000000 1.000000 1.000000 0.983094
407 0.000000 0.000000 0.000000
408 1 78.829407 18.886179 82.377422 1.000000 1.000000 1.000000 0.983094
408 0.000000 0.000000 0.000000
409 1 13.056428 21.252589 130.204620 1.000000 1.000000 1.000000 0.983094
409 0.000000 0.000000 0.000000
410 1 92.821219 29.034578 107.862235 1.000000 1.000000 1.000000 0.983094
410 0.000000 0.000000 0.000000
411 1 59.464950 40.202781 36.593298 1.000000 1.000000 1.000000 0.983094
411 0.000000 0.000000 0.000000
412 1 67.418951 86.787992 147.569125 1.000000 1.000000 1.000000 0.983094
412 0.000000 0.000000 0.000000
414 1 97.727983 57.425442 71.478284 1.000000 1.000000 1.000000 0.983094
414 0.000000 0.000000 0.000000
415 1 6.944775 79.971372 61.913696 1.000000 1.000000 1.000000 0.983094
415 0.000000 0.000000 0.000000
416 1 71.120253 85.730011 192.042624 3.000000 3.000000 1.000000 1.197480
416 0.000000 0.000000 0.000000
418 1 13.096250 78.918008 46.175686 2.000000 2.000000 1.000000 1.127810
418 0.000000 0.000000 0.000000
420 1 0.239440 4.619939 72.227719 1.000000 1.000000 1.000000 0.983094
420 0.000000 0.000000 0.000000
421 1 34.485488 87.316351 193.415510 1.000000 1.000000 1.000000 0.983094
421 0.000000 0.000000 0.000000
424 1 73.594428 46.537850 153.171908 1.000000 1.000000 1.000000 0.983094
424 0.000000 0.000000 0.000000
426 1 14.922166 40.955198 26.069402 2.000000 2.000000 1.000000 1.127810
426 0.000000 0.000000 0.000000
427 1 97.437091 91.406248 166.203774 1.000000 1.000000 1.000000 0.983094
427 0.000000 0.000000 0.000000
428 1 4.527819 50.342253 79.640182 1.000000 1.000000 1.000000 0.983094
428 0.000000 0.000000 0.000000
429 1 41.713309 75.419147 161.369455 3.000000 3.000000 1.000000 1.197480
429 0.000000 0.000000 0.000000
430 1 43.466236 64.595251 20.127480 3.000000 3.000000 1.000000 1.197480
430 0.000000 0.000000 0.000000
431 1 96.255775 29.593709 82.445870 1.000000 1.000000 1.000000 0.983094
431 0.000000 0.000000 0.000000
433 1 34.463659 65.317787 174.299399 2.000000 2.000000 1.000000 1.127810
433 0.000000 0.000000 0.000000
434 1 10.729083 33.915862 83.696534 1.000000 1.000000 1.000000 0.983094
434 0.000000 0.000000 0.000000
436 1 87.261403 45.634785 42.816142 1.000000 1.000000 1.000000 0.983094
436 0.000000 0.000000 0.000000
439 1 58.423343 17.109678 81.542602 1.000000 1.000000 1.000000 0.983094
439 0.000000 0.000000 0.000000
441 1 79.841987 68.569017 151.705037 1.000000 1.000000 1.000000 0.983094
441 0.000000 0.000000 0.000000
442 1 92.678565 77.809914 108.213404 1.000000 1.000000 1.000000 0.983094
442 0.000000 0.000000 0.000000
446 1 26.341524 40.598840 43.922180 1.000000 1.000000 1.000000 0.983094
446 0.000000 0.000000 0.000000
447 1 0.392955 47.444134 126.479800 2.000000 2.000000 1.000000 1.127810
447 0.000000 0.000000 0.000000
448 1 61.610368 94.789026 115.829836 1.000000 1.000000 1.000000 0.983094
448 0.000000 0.000000 0.000000
449 1 17.007363 36.218654 82.080414 1.000000 1.000000 1.000000 0.983094
449 0.000000 0.000000 0.000000
450 1 42.592249 61.431862 165.200063 1.000000 1.000000 1.000000 0.983094
450 0.000000 0.000000 0.000000
451 1 62.702676 96.832427 192.108845 1.000000 1.000000 1.000000 0.983094
451 0.000000 0.000000 0.000000
452 1 72.521989 2.374840 52.054204 4.000000 4.000000 1.000000 1.237850
452 0.000000 0.000000 0.000000
453 1 78.503885 4.092280 184.000381 2.000000 2.000000 1.000000 1.127810
453 0.000000 0.000000 0.000000
456 1 4.772588 1.096298 107.636915 1.000000 1.000000 1.000000 0.983094
456 0.000000 0.000000 0.000000
457 1 76.296551 9.088793 169.636107 2.000000 2.000000 1.000000 1.127810
457 0.000000 0.000000 0.000000
459 1 63.431107 32.069493 104.090213 1.000000 1.000000 1.000000 0.983094
459 0.000000 0.000000 0.000000
461 1 96.050613 95.034198 5.065930 1.000000 1.000000 1.000000 0.983094
461 0.000000 0.000000 0.000000
462 1 9.650677 58.685214 159.135928 3.000000 3.000000 1.000000 1.197480
462 0.000000 0.000000 0.000000
464 1 56.083457 64.385298 62.559818 1.000000 1.000000 1.000000 0.983094
464 0.000000 0.000000 0.000000
465 1 93.594228 8.952600 50.244505 1.000000 1.000000 1.000000 0.983094
465 0.000000 0.000000 0.000000
466 1 53.140921 55.402342 198.695452 3.000000 3.000000 1.000000 1.197480
466 0.000000 0.000000 0.000000
467 1 69.237599 80.795850 173.735443 1.000000 1.000000 1.000000 0.983094
467 0.000000 0.000000 0.000000
469 1 12.244960 84.821927 187.875723 3.000000 3.000000 1.000000 1.197480
469 0.000000 0.000000 0.000000
470 1 2.992941 40.455017 124.556739 1.000000 1.000000 1.000000 0.983094
470 0.000000 0.000000 0.000000
471 1 79.579983 80.809152 127.973696 2.000000 2.000000 1.000000 1.127810
471 0.000000 0.000000 0.000000
473 1 17.697412 51.395220 21.558042 1.000000 1.000000 1.000000 0.983094
473 0.000000 0.000000 0.000000
474 1 25.211879 0.801454 172.145648 2.000000 2.000000 1.000000 1.127810
474 0.000000 0.000000 0.000000
475 1 13.409707 90.135831 74.666098 1.000000 1.000000 1.000000 0.983094
475 0.000000 0.000000 0.000000
478 1 17.244904 70.995061 124.008522 1.000000 1.000000 1.000000 0.983094
478 0.000000 0.000000 0.000000
481 1 10.735823 7.348794 184.623245 1.000000 1.000000 1.000000 0.983094
481 0.000000 0.000000 0.000000
482 1 48.409196 76.382393 60.573282 2.000000 2.000000 1.000000 1.127810
482 0.000000 0.000000 0.000000
483 1 93.760691 76.268852 18.291117 1.000000 1.000000 1.000000 0.983094
483 0.000000 0.000000 0.000000
486 1 42.225138 38.566595 103.479704 1.000000 1.000000 1.000000 0.983094
486 0.000000 0.000000 0.000000
488 1 3.542925 57.186460 83.423071 1.000000 1.000000 1.000000 0.983094
488 0.000000 0.000000 0.000000
489 1 95.069887 35.901628 46.688805 3.000000 3.000000 1.000000 1.197480
489 0.000000 0.000000 0.000000
491 1 74.027267 90.200551 74.567483 1.000000 1.000000 1.000000 0.983094
491 0.000000 0.000000 0.000000
492 1 82.757768 14.668857 16.830395 1.000000 1.000000 1.000000 0.983094
492 0.000000 0.000000 0.000000
493 1 83.048866 63.731454 52.903672 1.000000 1.000000 1.000000 0.983094
493 0.000000 0.000000 0.000000
495 1 53.625068 5.009876 10.793702 1.000000 1.000000 1.000000 0.983094
495 0.000000 0.000000 0.000000
496 1 76.869481 38.094304 158.407320 1.000000 1.000000 1.000000 0.983094
496 0.000000 0.000000 0.000000
498 1 85.141956 76.579415 178.876455 1.000000 1.000000 1.000000 0.983094
498 0.000000 0.000000 0.000000
499 1 4.290057 51.827779 104.970493 5.000000 5.000000 1.000000 1.263720
499 0.000000 0.000000 0.000000
