RESTART FILE
Timestep: 400

NUMBER OF PARTICLES
434

SIMULATION BOX
100 100 200

TIMESTEP
0.1

ATTRACTION RADIUS
25
0.983094 1.12781 1.19748 1.23785 1.26372 1.28133 1.2939 1.30312 1.31014 1.31562 1.32005 1.32351 1.32648 1.32881 1.33082 1.33244 1.33389 1.33515 1.3363 1.33723 1.33803 1.33868 1.33937 1.33991 1.34042 

AGGREGATES/BEADS
0 1 90.812049 77.533467 44.739531 1.000000 1.000000 1.000000 0.983094
0 0.000000 0.000000 0.000000
1 1 82.379245 5.397388 131.551992 2.000000 2.000000 1.000000 1.127810
1 0.000000 0.000000 0.000000
3 1 94.316882 70.774994 117.108054 1.000000 1.000000 1.000000 0.983094
3 0.000000 0.000000 0.000000
4 1 46.632363 94.550492 121.836958 1.000000 1.000000 1.000000 0.983094
4 0.000000 0.000000 0.000000
5 1 42.429636 69.507157 3.391498 1.000000 1.000000 1.000000 0.983094
5 0.000000 0.000000 0.000000
6 1 88.740559 0.257854 9.964124 1.000000 1.000000 1.000000 0.983094
6 0.000000 0.000000 0.000000
7 1 66.268686 18.619785 150.537691 1.000000 1.000000 1.000000 0.983094
7 0.000000 0.000000 0.000000
8 1 37.759244 3.629923 104.046005 1.000000 1.000000 1.000000 0.983094
8 0.000000 0.000000 0.000000
9 1 47.122420 34.970169 57.517785 1.000000 1.000000 1.000000 0.983094
9 0.000000 0.000000 0.000000
10 1 87.032148 95.017211 23.615797 1.000000 1.000000 1.000000 0.983094
10 0.000000 0.000000 0.000000
11 1 30.795562 56.839803 19.204581 1.000000 1.000000 1.000000 0.983094
11 0.000000 0.000000 0.000000
12 1 82.159275 88.645199 75.118004 1.000000 1.000000 1.000000 0.983094
12 0.000000 0.000000 0.000000
13 1 48.536875 62.197257 24.308359 1.000000 1.000000 1.000000 0.983094
13 0.000000 0.000000 0.000000
14 1 34.943175 15.506869 15.937691 4.000000 4.000000 1.000000 1.237850
14 0.000000 0.000000 0.000000
15 1 53.144135 65.777148 191.395320 1.000000 1.000000 1.000000 0.983094
15 0.000000 0.000000 0.000000
16 1 56.072406 80.239417 26.304144 1.000000 1.000000 1.000000 0.983094
16 0.000000 0.000000 0.000000
18 1 71.445971 75.990415 168.713346 1.000000 1.000000 1.000000 0.983094
18 0.000000 0.000000 0.000000
19 1 59.912741 51.128001 187.692782 3.000000 3.000000 1.000000 1.197480
19 0.000000 0.000000 0.000000
20 1 89.029910 99.673017 107.862965 1.000000 1.000000 1.000000 0.983094
20 0.000000 0.000000 0.000000
21 1 10.123244 34.988277 35.591697 2.000000 2.000000 1.000000 1.127810
21 0.000000 0.000000 0.000000
22 1 71.826135 45.479973 133.305090 1.000000 1.000000 1.000000 0.983094
22 0.000000 0.000000 0.000000
23 1 70.191110 45.991230 115.901129 1.000000 1.000000 1.000000 0.983094
23 0.000000 0.000000 0.000000
24 1 15.584273 68.791385 95.474521 1.000000 1.000000 1.000000 0.983094
24 0.000000 0.000000 0.000000
25 1 92.517976 83.044570 79.984076 1.000000 1.000000 1.000000 0.983094
25 0.000000 0.000000 0.000000
26 1 94.488491 46.809716 53.785870 1.000000 1.000000 1.000000 0.983094
26 0.000000 0.000000 0.000000
29 1 33.029153 32.672581 10.955995 1.000000 1.000000 1.000000 0.983094
29 0.000000 0.000000 0.000000
30 1 15.919369 50.887207 194.773842 1.000000 1.000000 1.000000 0.983094
30 0.000000 0.000000 0.000000
31 1 88.940642 42.221018 15.461191 1.000000 1.000000 1.000000 0.983094
31 0.000000 0.000000 0.000000
32 1 92.433879 63.450512 156.199029 1.000000 1.000000 1.000000 0.983094
32 0.000000 0.000000 0.000000
33 1 61.655320 58.813919 23.906895 2.000000 2.000000 1.000000 1.127810
33 0.000000 0.000000 0.000000
36 1 80.305083 1.792830 51.026017 1.000000 1.000000 1.000000 0.983094
36 0.000000 0.000000 0.000000
37 1 92.027002 13.699535 149.487672 1.000000 1.000000 1.000000 0.983094
37 0.000000 0.000000 0.000000
38 1 70.133851 56.108999 70.224462 1.000000 1.000000 1.000000 0.983094
38 0.000000 0.000000 0.000000
39 1 40.705019 96.045944 20.222238 1.000000 1.000000 1.000000 0.983094
39 0.000000 0.000000 0.000000
40 1 95.419453 92.502796 80.492657 2.000000 2.000000 1.000000 1.127810
40 0.000000 0.000000 0.000000
41 1 73.805326 27.474072 97.776541 1.000000 1.000000 1.000000 0.983094
41 0.000000 0.000000 0.000000
44 1 70.280779 61.270916 109.659972 1.000000 1.000000 1.000000 0.983094
44 0.000000 0.000000 0.000000
45 1 44.406206 10.798951 83.994154 1.000000 1.000000 1.000000 0.983094
45 0.000000 0.000000 0.000000
46 1 49.597016 95.371167 51.531300 1.000000 1.000000 1.000000 0.983094
46 0.000000 0.000000 0.000000
47 1 28.068577 61.314228 18.591277 2.000000 2.000000 1.000000 1.127810
47 0.000000 0.000000 0.000000
48 1 65.660062 33.400159 5.412923 1.000000 1.000000 1.000000 0.983094
48 0.000000 0.000000 0.000000
49 1 86.637262 49.954576 33.149441 1.000000 1.000000 1.000000 0.983094
49 0.000000 0.000000 0.000000
50 1 0.178318 66.794827 10.420467 1.000000 1.000000 1.000000 0.983094
50 0.000000 0.000000 0.000000
51 1 11.995777 37.010845 139.206381 1.000000 1.000000 1.000000 0.983094
51 0.000000 0.000000 0.000000
52 1 80.255505 7.302930 166.721548 1.000000 1.000000 1.000000 0.983094
52 0.000000 0.000000 0.000000
53 1 67.534230 90.962307 65.095755 1.000000 1.000000 1.000000 0.983094
53 0.000000 0.000000 0.000000
54 1 30.182698 41.398623 40.773386 1.000000 1.000000 1.000000 0.983094
54 0.000000 0.000000 0.000000
55 1 55.674377 67.432057 116.778418 1.000000 1.000000 1.000000 0.983094
55 0.000000 0.000000 0.000000
56 1 19.088063 63.474328 5.600128 1.000000 1.000000 1.000000 0.983094
56 0.000000 0.000000 0.000000
57 1 80.015998 96.499830 168.911546 1.000000 1.000000 1.000000 0.983094
57 0.000000 0.000000 0.000000
58 1 35.263639 52.202488 41.063992 2.000000 2.000000 1.000000 1.127810
58 0.000000 0.000000 0.000000
60 1 8.544073 40.641907 29.140033 1.000000 1.000000 1.000000 0.983094
60 0.000000 0.000000 0.000000
61 1 63.946726 3.108402 185.550716 1.000000 1.000000 1.000000 0.983094
61 0.000000 0.000000 0.000000
62 1 58.019302 21.071593 114.644116 2.000000 2.000000 1.000000 1.127810
62 0.000000 0.000000 0.000000
63 1 14.399874 12.093389 49.985610 1.000000 1.000000 1.000000 0.983094
63 0.000000 0.000000 0.000000
64 1 52.266585 83.263390 86.345813 2.000000 2.000000 1.000000 1.127810
64 0.000000 0.000000 0.000000
66 1 94.105284 68.667327 3.687742 1.000000 1.000000 1.000000 0.983094
66 0.000000 0.000000 0.000000
67 1 74.327766 26.205782 7.386712 1.000000 1.000000 1.000000 0.983094
67 0.000000 0.000000 0.000000
68 1 33.534836 34.276417 156.232321 2.000000 2.000000 1.000000 1.127810
68 0.000000 0.000000 0.000000
69 1 83.920041 66.601063 187.452779 1.000000 1.000000 1.000000 0.983094
69 0.000000 0.000000 0.000000
70 1 39.910106 64.295105 90.124201 1.000000 1.000000 1.000000 0.983094
70 0.000000 0.000000 0.000000
71 1 62.886965 67.939790 4.377575 2.000000 2.000000 1.000000 1.127810
71 0.000000 0.000000 0.000000
72 1 85.269351 92.921614 70.562463 1.000000 1.000000 1.000000 0.983094
72 0.000000 0.000000 0.000000
74 1 44.800362 20.201810 79.251539 1.000000 1.000000 1.000000 0.983094
74 0.000000 0.000000 0.000000
75 1 99.645611 21.073715 114.879803 1.000000 1.000000 1.000000 0.983094
75 0.000000 0.000000 0.000000
76 1 80.397797 36.989712 7.748690 1.000000 1.000000 1.000000 0.983094
76 0.000000 0.000000 0.000000
77 1 95.073242 54.252683 61.180314 1.000000 1.000000 1.000000 0.983094
77 0.000000 0.000000 0.000000
79 1 26.078541 94.971371 198.606161 1.000000 1.000000 1.000000 0.983094
79 0.000000 0.000000 0.000000
80 1 12.749557 75.749361 40.522402 1.000000 1.000000 1.000000 0.983094
80 0.000000 0.000000 0.000000
81 1 72.562600 11.011668 23.108186 1.000000 1.000000 1.000000 0.983094
81 0.000000 0.000000 0.000000
83 1 38.253186 83.804570 173.646843 1.000000 1.000000 1.000000 0.983094
83 0.000000 0.000000 0.000000
84 1 76.410090 5.422436 186.812151 1.000000 1.000000 1.000000 0.983094
84 0.000000 0.000000 0.000000
85 1 39.067353 7.292107 91.355780 1.000000 1.000000 1.000000 0.983094
85 0.000000 0.000000 0.000000
86 1 96.705786 10.033814 57.733726 1.000000 1.000000 1.000000 0.983094
86 0.000000 0.000000 0.000000
87 1 70.988881 45.884861 91.047917 1.000000 1.000000 1.000000 0.983094
87 0.000000 0.000000 0.000000
88 1 3.969720 79.712568 165.350943 1.000000 1.000000 1.000000 0.983094
88 0.000000 0.000000 0.000000
89 1 25.297333 26.762550 130.054561 1.000000 1.000000 1.000000 0.983094
89 0.000000 0.000000 0.000000
90 1 8.450699 77.579037 36.657185 1.000000 1.000000 1.000000 0.983094
90 0.000000 0.000000 0.000000
91 1 95.439511 93.639892 18.591088 1.000000 1.000000 1.000000 0.983094
91 0.000000 0.000000 0.000000
92 1 1.219241 39.261518 87.825219 1.000000 1.000000 1.000000 0.983094
92 0.000000 0.000000 0.000000
93 1 33.585177 86.815258 180.605566 1.000000 1.000000 1.000000 0.983094
93 0.000000 0.000000 0.000000
94 1 88.716264 87.365080 114.867557 1.000000 1.000000 1.000000 0.983094
94 0.000000 0.000000 0.000000
95 1 64.768720 7.196160 70.491939 1.000000 1.000000 1.000000 0.983094
95 0.000000 0.000000 0.000000
96 1 74.020947 32.669523 26.903380 1.000000 1.000000 1.000000 0.983094
96 0.000000 0.000000 0.000000
97 1 49.586022 3.677375 32.137187 2.000000 2.000000 1.000000 1.127810
97 0.000000 0.000000 0.000000
98 1 53.399356 40.534125 39.156859 1.000000 1.000000 1.000000 0.983094
98 0.000000 0.000000 0.000000
99 1 60.841383 78.475164 62.529813 1.000000 1.000000 1.000000 0.983094
99 0.000000 0.000000 0.000000
100 1 89.120490 20.655938 2.072575 1.000000 1.000000 1.000000 0.983094
100 0.000000 0.000000 0.000000
101 1 64.580626 8.344509 121.144560 1.000000 1.000000 1.000000 0.983094
101 0.000000 0.000000 0.000000
102 1 34.329495 60.286299 102.593637 2.000000 2.000000 1.000000 1.127810
102 0.000000 0.000000 0.000000
103 1 65.292957 51.043600 129.759383 1.000000 1.000000 1.000000 0.983094
103 0.000000 0.000000 0.000000
104 1 55.340411 4.506608 57.593742 3.000000 3.000000 1.000000 1.197480
104 0.000000 0.000000 0.000000
105 1 80.274929 46.108720 194.078450 1.000000 1.000000 1.000000 0.983094
105 0.000000 0.000000 0.000000
106 1 73.895566 20.369204 162.419994 1.000000 1.000000 1.000000 0.983094
106 0.000000 0.000000 0.000000
108 1 30.200348 36.845527 178.267047 1.000000 1.000000 1.000000 0.983094
108 0.000000 0.000000 0.000000
109 1 11.064428 44.878362 159.844294 1.000000 1.000000 1.000000 0.983094
109 0.000000 0.000000 0.000000
110 1 35.898270 49.220896 165.603537 1.000000 1.000000 1.000000 0.983094
110 0.000000 0.000000 0.000000
111 1 80.447695 13.246381 76.783709 1.000000 1.000000 1.000000 0.983094
111 0.000000 0.000000 0.000000
112 1 30.543322 30.505609 41.287122 1.000000 1.000000 1.000000 0.983094
112 0.000000 0.000000 0.000000
113 1 32.456564 72.864686 131.173185 2.000000 2.000000 1.000000 1.127810
113 0.000000 0.000000 0.000000
115 1 72.758291 41.006651 142.998847 1.000000 1.000000 1.000000 0.983094
115 0.000000 0.000000 0.000000
116 1 47.287432 84.669620 122.705332 1.000000 1.000000 1.000000 0.983094
116 0.000000 0.000000 0.000000
117 1 34.432446 59.849494 194.223167 1.000000 1.000000 1.000000 0.983094
117 0.000000 0.000000 0.000000
118 1 34.023070 6.775029 62.586744 1.000000 1.000000 1.000000 0.983094
118 0.000000 0.000000 0.000000
120 1 98.911854 56.210096 29.559838 3.000000 3.000000 1.000000 1.197480
120 0.000000 0.000000 0.000000
121 1 57.199612 27.779330 63.571141 1.000000 1.000000 1.000000 0.983094
121 0.000000 0.000000 0.000000
122 1 57.019609 19.573150 169.761754 1.000000 1.000000 1.000000 0.983094
122 0.000000 0.000000 0.000000
123 1 94.105474 94.189808 9.207799 1.000000 1.000000 1.000000 0.983094
123 0.000000 0.000000 0.000000
125 1 84.734947 42.059475 76.462218 1.000000 1.000000 1.000000 0.983094
125 0.000000 0.000000 0.000000
126 1 21.285690 80.928745 86.664029 1.000000 1.000000 1.000000 0.983094
126 0.000000 0.000000 0.000000
128 1 47.954432 22.415842 146.671734 1.000000 1.000000 1.000000 0.983094
128 0.000000 0.000000 0.000000
129 1 64.162658 52.150201 162.231581 1.000000 1.000000 1.000000 0.983094
129 0.000000 0.000000 0.000000
130 1 7.971373 19.221478 124.349648 1.000000 1.000000 1.000000 0.983094
130 0.000000 0.000000 0.000000
131 1 64.121904 87.585495 103.764420 1.000000 1.000000 1.000000 0.983094
131 0.000000 0.000000 0.000000
132 1 52.242108 54.497280 33.384768 3.000000 3.000000 1.000000 1.197480
132 0.000000 0.000000 0.000000
133 1 50.665097 93.774462 82.069240 1.000000 1.000000 1.000000 0.983094
133 0.000000 0.000000 0.000000
134 1 65.854206 33.317195 62.283941 1.000000 1.000000 1.000000 0.983094
134 0.000000 0.000000 0.000000
136 1 16.882469 28.926830 85.077267 1.000000 1.000000 1.000000 0.983094
136 0.000000 0.000000 0.000000
137 1 32.633764 64.449800 156.661293 1.000000 1.000000 1.000000 0.983094
137 0.000000 0.000000 0.000000
139 1 22.060329 55.315267 188.200177 1.000000 1.000000 1.000000 0.983094
139 0.000000 0.000000 0.000000
140 1 72.507826 72.134892 148.616038 1.000000 1.000000 1.000000 0.983094
140 0.000000 0.000000 0.000000
141 1 30.095590 67.147615 89.025601 1.000000 1.000000 1.000000 0.983094
141 0.000000 0.000000 0.000000
142 1 92.153133 12.745229 77.422475 1.000000 1.000000 1.000000 0.983094
142 0.000000 0.000000 0.000000
143 1 84.168064 46.056969 167.794953 1.000000 1.000000 1.000000 0.983094
143 0.000000 0.000000 0.000000
144 1 4.032444 45.727659 188.779830 1.000000 1.000000 1.000000 0.983094
144 0.000000 0.000000 0.000000
145 1 73.912544 74.794353 187.963595 1.000000 1.000000 1.000000 0.983094
145 0.000000 0.000000 0.000000
147 1 66.057335 59.730634 117.701066 1.000000 1.000000 1.000000 0.983094
147 0.000000 0.000000 0.000000
148 1 28.702688 4.075023 139.070611 1.000000 1.000000 1.000000 0.983094
148 0.000000 0.000000 0.000000
149 1 32.944079 24.080278 85.136499 1.000000 1.000000 1.000000 0.983094
149 0.000000 0.000000 0.000000
150 1 65.670044 29.655860 39.647369 1.000000 1.000000 1.000000 0.983094
150 0.000000 0.000000 0.000000
151 1 27.896490 34.434304 163.964366 1.000000 1.000000 1.000000 0.983094
151 0.000000 0.000000 0.000000
152 1 37.640877 65.559303 125.245011 1.000000 1.000000 1.000000 0.983094
152 0.000000 0.000000 0.000000
154 1 3.892419 68.678019 117.855185 1.000000 1.000000 1.000000 0.983094
154 0.000000 0.000000 0.000000
156 1 98.343933 88.817121 70.956746 1.000000 1.000000 1.000000 0.983094
156 0.000000 0.000000 0.000000
157 1 32.922926 54.169552 142.810820 1.000000 1.000000 1.000000 0.983094
157 0.000000 0.000000 0.000000
158 1 27.225516 25.609958 186.854588 1.000000 1.000000 1.000000 0.983094
158 0.000000 0.000000 0.000000
159 1 44.661450 21.633743 183.078077 1.000000 1.000000 1.000000 0.983094
159 0.000000 0.000000 0.000000
160 1 29.061462 78.405890 32.633578 1.000000 1.000000 1.000000 0.983094
160 0.000000 0.000000 0.000000
161 1 0.951465 53.485335 117.038919 1.000000 1.000000 1.000000 0.983094
161 0.000000 0.000000 0.000000
162 1 40.843040 99.966903 119.503633 1.000000 1.000000 1.000000 0.983094
162 0.000000 0.000000 0.000000
163 1 24.475476 73.916300 35.971529 1.000000 1.000000 1.000000 0.983094
163 0.000000 0.000000 0.000000
164 1 14.048185 41.205962 171.545013 2.000000 2.000000 1.000000 1.127810
164 0.000000 0.000000 0.000000
165 1 95.098911 19.085113 152.157570 2.000000 2.000000 1.000000 1.127810
165 0.000000 0.000000 0.000000
166 1 70.939754 89.636727 85.429044 1.000000 1.000000 1.000000 0.983094
166 0.000000 0.000000 0.000000
168 1 93.203090 11.228095 155.604731 1.000000 1.000000 1.000000 0.983094
168 0.000000 0.000000 0.000000
169 1 54.722106 12.194390 45.268479 2.000000 2.000000 1.000000 1.127810
169 0.000000 0.000000 0.000000
170 1 22.775204 68.451504 180.035858 1.000000 1.000000 1.000000 0.983094
170 0.000000 0.000000 0.000000
171 1 73.319274 94.299124 108.234327 1.000000 1.000000 1.000000 0.983094
171 0.000000 0.000000 0.000000
172 1 23.388816 41.750370 73.804231 1.000000 1.000000 1.000000 0.983094
172 0.000000 0.000000 0.000000
173 1 45.332281 71.176604 91.902825 1.000000 1.000000 1.000000 0.983094
173 0.000000 0.000000 0.000000
175 1 44.563758 17.032442 116.551950 1.000000 1.000000 1.000000 0.983094
175 0.000000 0.000000 0.000000
176 1 23.553882 6.878410 72.066359 1.000000 1.000000 1.000000 0.983094
176 0.000000 0.000000 0.000000
177 1 56.437512 28.486730 110.649332 1.000000 1.000000 1.000000 0.983094
177 0.000000 0.000000 0.000000
178 1 42.198701 25.669451 18.744203 1.000000 1.000000 1.000000 0.983094
178 0.000000 0.000000 0.000000
179 1 35.396979 74.864166 85.196799 2.000000 2.000000 1.000000 1.127810
179 0.000000 0.000000 0.000000
180 1 34.937243 32.032269 9.297690 1.000000 1.000000 1.000000 0.983094
180 0.000000 0.000000 0.000000
181 1 37.087863 22.497619 188.919117 1.000000 1.000000 1.000000 0.983094
181 0.000000 0.000000 0.000000
183 1 0.314853 9.254996 126.939737 1.000000 1.000000 1.000000 0.983094
183 0.000000 0.000000 0.000000
184 1 70.626910 5.740229 67.953277 1.000000 1.000000 1.000000 0.983094
184 0.000000 0.000000 0.000000
186 1 82.091632 6.842766 26.586884 1.000000 1.000000 1.000000 0.983094
186 0.000000 0.000000 0.000000
187 1 32.543421 82.805460 56.324111 1.000000 1.000000 1.000000 0.983094
187 0.000000 0.000000 0.000000
188 1 72.872522 5.579939 20.198051 2.000000 2.000000 1.000000 1.127810
188 0.000000 0.000000 0.000000
189 1 76.017772 80.183355 99.295361 1.000000 1.000000 1.000000 0.983094
189 0.000000 0.000000 0.000000
190 1 99.895185 57.389208 40.981451 1.000000 1.000000 1.000000 0.983094
190 0.000000 0.000000 0.000000
191 1 54.416091 65.747442 96.142851 1.000000 1.000000 1.000000 0.983094
191 0.000000 0.000000 0.000000
192 1 63.244256 78.198639 14.416631 1.000000 1.000000 1.000000 0.983094
192 0.000000 0.000000 0.000000
193 1 25.010975 73.315808 194.266455 1.000000 1.000000 1.000000 0.983094
193 0.000000 0.000000 0.000000
194 1 98.420339 39.036782 176.233482 1.000000 1.000000 1.000000 0.983094
194 0.000000 0.000000 0.000000
195 1 17.042806 34.957389 168.929463 1.000000 1.000000 1.000000 0.983094
195 0.000000 0.000000 0.000000
196 1 62.885248 46.749575 117.935007 1.000000 1.000000 1.000000 0.983094
196 0.000000 0.000000 0.000000
197 1 66.797764 13.067588 106.277665 1.000000 1.000000 1.000000 0.983094
197 0.000000 0.000000 0.000000
198 1 91.173747 91.424946 3.335504 3.000000 3.000000 1.000000 1.197480
198 0.000000 0.000000 0.000000
199 1 20.723759 85.916162 167.578419 1.000000 1.000000 1.000000 0.983094
199 0.000000 0.000000 0.000000
200 1 45.359274 32.756745 145.666919 1.000000 1.000000 1.000000 0.983094
200 0.000000 0.000000 0.000000
201 1 33.479560 43.069605 104.887326 1.000000 1.000000 1.000000 0.983094
201 0.000000 0.000000 0.000000
202 1 88.291550 80.502473 194.891277 1.000000 1.000000 1.000000 0.983094
202 0.000000 0.000000 0.000000
203 1 59.651676 85.549996 25.350915 1.000000 1.000000 1.000000 0.983094
203 0.000000 0.000000 0.000000
204 1 34.272006 15.407744 135.509566 1.000000 1.000000 1.000000 0.983094
204 0.000000 0.000000 0.000000
205 1 53.192802 87.704509 28.249712 1.000000 1.000000 1.000000 0.983094
205 0.000000 0.000000 0.000000
206 1 46.084130 16.867063 5.970890 1.000000 1.000000 1.000000 0.983094
206 0.000000 0.000000 0.000000
207 1 43.690812 82.397555 142.595494 1.000000 1.000000 1.000000 0.983094
207 0.000000 0.000000 0.000000
208 1 16.366188 94.033363 90.517937 1.000000 1.000000 1.000000 0.983094
208 0.000000 0.000000 0.000000
209 1 53.708786 87.149035 113.202196 1.000000 1.000000 1.000000 0.983094
209 0.000000 0.000000 0.000000
211 1 57.796857 62.143538 76.449308 1.000000 1.000000 1.000000 0.983094
211 0.000000 0.000000 0.000000
212 1 84.718565 24.309210 116.872763 1.000000 1.000000 1.000000 0.983094
212 0.000000 0.000000 0.000000
214 1 47.050316 36.614498 34.519047 1.000000 1.000000 1.000000 0.983094
214 0.000000 0.000000 0.000000
215 1 21.807173 27.518010 60.228124 2.000000 2.000000 1.000000 1.127810
215 0.000000 0.000000 0.000000
216 1 4.521964 49.062990 130.454381 1.000000 1.000000 1.000000 0.983094
216 0.000000 0.000000 0.000000
217 1 31.599410 26.413640 156.910379 1.000000 1.000000 1.000000 0.983094
217 0.000000 0.000000 0.000000
218 1 33.905952 54.059084 103.948570 1.000000 1.000000 1.000000 0.983094
218 0.000000 0.000000 0.000000
219 1 76.335747 73.181360 51.332505 1.000000 1.000000 1.000000 0.983094
219 0.000000 0.000000 0.000000
220 1 86.591201 68.165228 88.667614 1.000000 1.000000 1.000000 0.983094
220 0.000000 0.000000 0.000000
221 1 29.512060 25.232082 156.373397 1.000000 1.000000 1.000000 0.983094
221 0.000000 0.000000 0.000000
222 1 53.846345 38.782427 100.485672 1.000000 1.000000 1.000000 0.983094
222 0.000000 0.000000 0.000000
223 1 95.880123 50.722561 131.882472 1.000000 1.000000 1.000000 0.983094
223 0.000000 0.000000 0.000000
224 1 48.084877 95.289293 191.873954 1.000000 1.000000 1.000000 0.983094
224 0.000000 0.000000 0.000000
225 1 30.112043 26.766674 105.723093 1.000000 1.000000 1.000000 0.983094
225 0.000000 0.000000 0.000000
226 1 19.256535 97.270164 65.125743 1.000000 1.000000 1.000000 0.983094
226 0.000000 0.000000 0.000000
227 1 26.289084 20.541015 185.315595 1.000000 1.000000 1.000000 0.983094
227 0.000000 0.000000 0.000000
228 1 64.112361 49.208996 42.424769 1.000000 1.000000 1.000000 0.983094
228 0.000000 0.000000 0.000000
229 1 42.525017 75.871148 31.061570 1.000000 1.000000 1.000000 0.983094
229 0.000000 0.000000 0.000000
230 1 28.585168 37.419730 0.435587 1.000000 1.000000 1.000000 0.983094
230 0.000000 0.000000 0.000000
231 1 96.099238 38.451834 3.651105 1.000000 1.000000 1.000000 0.983094
231 0.000000 0.000000 0.000000
232 1 18.182072 55.146446 64.882899 1.000000 1.000000 1.000000 0.983094
232 0.000000 0.000000 0.000000
233 1 13.886501 76.604754 29.481285 1.000000 1.000000 1.000000 0.983094
233 0.000000 0.000000 0.000000
234 1 43.016670 44.935459 114.667236 1.000000 1.000000 1.000000 0.983094
234 0.000000 0.000000 0.000000
235 1 21.367795 68.058221 3.627918 1.000000 1.000000 1.000000 0.983094
235 0.000000 0.000000 0.000000
236 1 58.117394 31.387232 193.933237 1.000000 1.000000 1.000000 0.983094
236 0.000000 0.000000 0.000000
237 1 27.102637 82.748450 56.308080 1.000000 1.000000 1.000000 0.983094
237 0.000000 0.000000 0.000000
238 1 32.583637 39.693430 123.108899 1.000000 1.000000 1.000000 0.983094
238 0.000000 0.000000 0.000000
239 1 96.024785 75.183606 173.500085 1.000000 1.000000 1.000000 0.983094
239 0.000000 0.000000 0.000000
240 1 27.895221 33.237435 54.835612 1.000000 1.000000 1.000000 0.983094
240 0.000000 0.000000 0.000000
242 1 35.423949 90.469309 77.285037 1.000000 1.000000 1.000000 0.983094
242 0.000000 0.000000 0.000000
243 1 98.748501 5.998567 72.090616 1.000000 1.000000 1.000000 0.983094
243 0.000000 0.000000 0.000000
244 1 97.242912 59.479209 59.430259 1.000000 1.000000 1.000000 0.983094
244 0.000000 0.000000 0.000000
245 1 94.067751 26.251888 10.827483 1.000000 1.000000 1.000000 0.983094
245 0.000000 0.000000 0.000000
246 1 52.406969 2.364555 94.388214 1.000000 1.000000 1.000000 0.983094
246 0.000000 0.000000 0.000000
247 1 40.307706 33.134585 115.744383 1.000000 1.000000 1.000000 0.983094
247 0.000000 0.000000 0.000000
248 1 0.700197 38.431355 74.870733 1.000000 1.000000 1.000000 0.983094
248 0.000000 0.000000 0.000000
249 1 61.749407 83.404248 199.225376 1.000000 1.000000 1.000000 0.983094
249 0.000000 0.000000 0.000000
250 1 94.362708 9.308385 109.298574 1.000000 1.000000 1.000000 0.983094
250 0.000000 0.000000 0.000000
251 1 52.218401 97.047247 136.636244 1.000000 1.000000 1.000000 0.983094
251 0.000000 0.000000 0.000000
252 1 6.337327 38.565772 53.051906 1.000000 1.000000 1.000000 0.983094
252 0.000000 0.000000 0.000000
254 1 76.502820 54.945215 181.771036 1.000000 1.000000 1.000000 0.983094
254 0.000000 0.000000 0.000000
255 1 5.468136 30.670619 50.758004 1.000000 1.000000 1.000000 0.983094
255 0.000000 0.000000 0.000000
256 1 42.956384 36.506659 158.180485 1.000000 1.000000 1.000000 0.983094
256 0.000000 0.000000 0.000000
257 1 67.563556 73.022539 12.684063 1.000000 1.000000 1.000000 0.983094
257 0.000000 0.000000 0.000000
258 1 36.224072 95.915539 123.774362 1.000000 1.000000 1.000000 0.983094
258 0.000000 0.000000 0.000000
260 1 95.903853 38.330131 165.171986 1.000000 1.000000 1.000000 0.983094
260 0.000000 0.000000 0.000000
261 1 11.617683 81.583373 190.870909 1.000000 1.000000 1.000000 0.983094
261 0.000000 0.000000 0.000000
262 1 67.748388 46.681920 40.610419 1.000000 1.000000 1.000000 0.983094
262 0.000000 0.000000 0.000000
263 1 51.606765 76.063094 3.821946 2.000000 2.000000 1.000000 1.127810
263 0.000000 0.000000 0.000000
266 1 31.769028 5.811457 159.978982 1.000000 1.000000 1.000000 0.983094
266 0.000000 0.000000 0.000000
267 1 53.722611 51.588163 136.311631 1.000000 1.000000 1.000000 0.983094
267 0.000000 0.000000 0.000000
268 1 88.154900 54.898227 175.095773 1.000000 1.000000 1.000000 0.983094
268 0.000000 0.000000 0.000000
269 1 63.668132 38.392393 88.855995 1.000000 1.000000 1.000000 0.983094
269 0.000000 0.000000 0.000000
270 1 27.258756 18.399292 33.619284 1.000000 1.000000 1.000000 0.983094
270 0.000000 0.000000 0.000000
271 1 97.706284 38.014680 169.771248 1.000000 1.000000 1.000000 0.983094
271 0.000000 0.000000 0.000000
272 1 25.121763 38.944682 51.346491 1.000000 1.000000 1.000000 0.983094
272 0.000000 0.000000 0.000000
273 1 52.398594 98.392638 195.963490 2.000000 2.000000 1.000000 1.127810
273 0.000000 0.000000 0.000000
274 1 79.292530 78.002006 33.620310 1.000000 1.000000 1.000000 0.983094
274 0.000000 0.000000 0.000000
276 1 55.961087 64.556619 111.618843 1.000000 1.000000 1.000000 0.983094
276 0.000000 0.000000 0.000000
277 1 81.653603 6.076770 120.391709 1.000000 1.000000 1.000000 0.983094
277 0.000000 0.000000 0.000000
278 1 0.733529 83.572531 108.023564 1.000000 1.000000 1.000000 0.983094
278 0.000000 0.000000 0.000000
279 1 29.067364 5.945290 45.939275 1.000000 1.000000 1.000000 0.983094
279 0.000000 0.000000 0.000000
281 1 91.703926 23.604422 146.843811 1.000000 1.000000 1.000000 0.983094
281 0.000000 0.000000 0.000000
282 1 20.734256 56.248274 47.157427 1.000000 1.000000 1.000000 0.983094
282 0.000000 0.000000 0.000000
283 1 53.212200 25.078605 71.246552 1.000000 1.000000 1.000000 0.983094
283 0.000000 0.000000 0.000000
284 1 87.048544 61.260849 191.727537 1.000000 1.000000 1.000000 0.983094
284 0.000000 0.000000 0.000000
285 1 64.784062 70.427024 80.262931 1.000000 1.000000 1.000000 0.983094
285 0.000000 0.000000 0.000000
286 1 51.542519 60.224661 63.729658 2.000000 2.000000 1.000000 1.127810
286 0.000000 0.000000 0.000000
287 1 55.919459 70.892295 45.370679 1.000000 1.000000 1.000000 0.983094
287 0.000000 0.000000 0.000000
288 1 27.420271 34.009682 60.105229 2.000000 2.000000 1.000000 1.127810
288 0.000000 0.000000 0.000000
289 1 6.325051 51.181783 99.631304 1.000000 1.000000 1.000000 0.983094
289 0.000000 0.000000 0.000000
290 1 31.894363 93.558112 87.114335 1.000000 1.000000 1.000000 0.983094
290 0.000000 0.000000 0.000000
292 1 90.835559 91.773873 97.050182 1.000000 1.000000 1.000000 0.983094
292 0.000000 0.000000 0.000000
293 1 12.935069 7.007117 66.415422 3.000000 3.000000 1.000000 1.197480
293 0.000000 0.000000 0.000000
295 1 27.842039 25.559301 105.465386 1.000000 1.000000 1.000000 0.983094
295 0.000000 0.000000 0.000000
296 1 3.692689 83.111218 60.549015 1.000000 1.000000 1.000000 0.983094
296 0.000000 0.000000 0.000000
297 1 36.908871 4.148492 188.977873 1.000000 1.000000 1.000000 0.983094
297 0.000000 0.000000 0.000000
298 1 78.001359 95.649998 110.441823 1.000000 1.000000 1.000000 0.983094
298 0.000000 0.000000 0.000000
299 1 53.659539 47.175544 8.524761 1.000000 1.000000 1.000000 0.983094
299 0.000000 0.000000 0.000000
301 1 96.908717 49.203398 67.678715 1.000000 1.000000 1.000000 0.983094
301 0.000000 0.000000 0.000000
302 1 57.729330 25.835887 189.809327 1.000000 1.000000 1.000000 0.983094
302 0.000000 0.000000 0.000000
303 1 39.630844 79.201123 162.451719 1.000000 1.000000 1.000000 0.983094
303 0.000000 0.000000 0.000000
304 1 31.179474 10.196710 34.953854 1.000000 1.000000 1.000000 0.983094
304 0.000000 0.000000 0.000000
305 1 47.170315 12.617743 139.795064 1.000000 1.000000 1.000000 0.983094
305 0.000000 0.000000 0.000000
306 1 37.550763 65.267260 62.967668 1.000000 1.000000 1.000000 0.983094
306 0.000000 0.000000 0.000000
307 1 19.920768 47.168714 130.212294 1.000000 1.000000 1.000000 0.983094
307 0.000000 0.000000 0.000000
308 1 25.991464 94.521077 167.805913 1.000000 1.000000 1.000000 0.983094
308 0.000000 0.000000 0.000000
309 1 9.873733 11.087240 181.125976 1.000000 1.000000 1.000000 0.983094
309 0.000000 0.000000 0.000000
310 1 41.077710 94.942841 123.975517 1.000000 1.000000 1.000000 0.983094
310 0.000000 0.000000 0.000000
311 1 91.463816 78.739999 139.050128 1.000000 1.000000 1.000000 0.983094
311 0.000000 0.000000 0.000000
313 1 51.455817 4.709337 163.798725 2.000000 2.000000 1.000000 1.127810
313 0.000000 0.000000 0.000000
314 1 60.322142 78.164470 22.817883 1.000000 1.000000 1.000000 0.983094
314 0.000000 0.000000 0.000000
315 1 30.229441 29.824347 54.610430 1.000000 1.000000 1.000000 0.983094
315 0.000000 0.000000 0.000000
316 1 96.350268 67.551535 170.516034 2.000000 2.000000 1.000000 1.127810
316 0.000000 0.000000 0.000000
317 1 71.845790 88.618567 12.494959 1.000000 1.000000 1.000000 0.983094
317 0.000000 0.000000 0.000000
318 1 19.937335 26.870431 108.409378 1.000000 1.000000 1.000000 0.983094
318 0.000000 0.000000 0.000000
319 1 88.747664 49.883800 130.572279 1.000000 1.000000 1.000000 0.983094
319 0.000000 0.000000 0.000000
320 1 34.333773 42.549681 104.312071 1.000000 1.000000 1.000000 0.983094
320 0.000000 0.000000 0.000000
321 1 97.785995 12.352383 126.199080 1.000000 1.000000 1.000000 0.983094
321 0.000000 0.000000 0.000000
323 1 80.865296 43.931817 129.526724 1.000000 1.000000 1.000000 0.983094
323 0.000000 0.000000 0.000000
324 1 72.341630 96.386249 52.494085 2.000000 2.000000 1.000000 1.127810
324 0.000000 0.000000 0.000000
325 1 56.594723 66.695293 105.316335 1.000000 1.000000 1.000000 0.983094
325 0.000000 0.000000 0.000000
326 1 94.645503 53.544484 49.395156 1.000000 1.000000 1.000000 0.983094
326 0.000000 0.000000 0.000000
328 1 37.657862 63.269857 154.733167 1.000000 1.000000 1.000000 0.983094
328 0.000000 0.000000 0.000000
329 1 37.319759 90.925982 114.434092 1.000000 1.000000 1.000000 0.983094
329 0.000000 0.000000 0.000000
330 1 31.631868 90.622921 69.120195 1.000000 1.000000 1.000000 0.983094
330 0.000000 0.000000 0.000000
331 1 67.821054 10.745212 62.446480 1.000000 1.000000 1.000000 0.983094
331 0.000000 0.000000 0.000000
332 1 19.383980 47.812147 172.892646 1.000000 1.000000 1.000000 0.983094
332 0.000000 0.000000 0.000000
333 1 70.634918 53.514885 10.148993 1.000000 1.000000 1.000000 0.983094
333 0.000000 0.000000 0.000000
334 1 41.619816 75.091398 79.771466 1.000000 1.000000 1.000000 0.983094
334 0.000000 0.000000 0.000000
335 1 11.827108 45.659809 51.067436 1.000000 1.000000 1.000000 0.983094
335 0.000000 0.000000 0.000000
336 1 64.104062 39.634931 56.130845 1.000000 1.000000 1.000000 0.983094
336 0.000000 0.000000 0.000000
337 1 27.282428 54.356601 109.675869 1.000000 1.000000 1.000000 0.983094
337 0.000000 0.000000 0.000000
338 1 62.405433 24.459871 156.507198 1.000000 1.000000 1.000000 0.983094
338 0.000000 0.000000 0.000000
339 1 94.148361 31.335286 41.955475 2.000000 2.000000 1.000000 1.127810
339 0.000000 0.000000 0.000000
340 1 71.310559 73.581963 185.971800 1.000000 1.000000 1.000000 0.983094
340 0.000000 0.000000 0.000000
341 1 43.328543 5.288359 9.918772 1.000000 1.000000 1.000000 0.983094
341 0.000000 0.000000 0.000000
342 1 65.134774 60.486964 36.022774 1.000000 1.000000 1.000000 0.983094
342 0.000000 0.000000 0.000000
343 1 98.777885 41.019694 98.243383 1.000000 1.000000 1.000000 0.983094
343 0.000000 0.000000 0.000000
344 1 94.516358 78.284468 25.280826 1.000000 1.000000 1.000000 0.983094
344 0.000000 0.000000 0.000000
345 1 31.750318 59.521917 141.958652 2.000000 2.000000 1.000000 1.127810
345 0.000000 0.000000 0.000000
348 1 77.389999 9.777411 86.562937 1.000000 1.000000 1.000000 0.983094
348 0.000000 0.000000 0.000000
349 1 73.755387 25.088848 132.213480 2.000000 2.000000 1.000000 1.127810
349 0.000000 0.000000 0.000000
350 1 32.873433 48.141332 72.888746 1.000000 1.000000 1.000000 0.983094
350 0.000000 0.000000 0.000000
351 1 44.261849 8.464328 183.020351 2.000000 2.000000 1.000000 1.127810
351 0.000000 0.000000 0.000000
352 1 44.138281 77.623896 144.277112 1.000000 1.000000 1.000000 0.983094
352 0.000000 0.000000 0.000000
353 1 57.308355 71.582758 154.182016 1.000000 1.000000 1.000000 0.983094
353 0.000000 0.000000 0.000000
355 1 45.652316 64.599592 120.228261 1.000000 1.000000 1.000000 0.983094
355 0.000000 0.000000 0.000000
356 1 43.072285 95.081084 110.515416 1.000000 1.000000 1.000000 0.983094
356 0.000000 0.000000 0.000000
357 1 41.295236 94.080783 27.006714 1.000000 1.000000 1.000000 0.983094
357 0.000000 0.000000 0.000000
358 1 41.189359 35.148361 116.752921 1.000000 1.000000 1.000000 0.983094
358 0.000000 0.000000 0.000000
359 1 50.318524 63.184640 153.093900 1.000000 1.000000 1.000000 0.983094
359 0.000000 0.000000 0.000000
360 1 86.615481 88.572564 168.270845 1.000000 1.000000 1.000000 0.983094
360 0.000000 0.000000 0.000000
361 1 18.405433 28.329574 103.326036 1.000000 1.000000 1.000000 0.983094
361 0.000000 0.000000 0.000000
362 1 47.269193 75.156398 155.128401 1.000000 1.000000 1.000000 0.983094
362 0.000000 0.000000 0.000000
363 1 2.600873 7.535366 45.077832 1.000000 1.000000 1.000000 0.983094
363 0.000000 0.000000 0.000000
364 1 40.304770 4.179119 100.080811 1.000000 1.000000 1.000000 0.983094
364 0.000000 0.000000 0.000000
366 1 68.917801 77.628461 125.377591 1.000000 1.000000 1.000000 0.983094
366 0.000000 0.000000 0.000000
367 1 50.728802 60.387148 71.657768 1.000000 1.000000 1.000000 0.983094
367 0.000000 0.000000 0.000000
368 1 50.189681 87.445428 124.325416 2.000000 2.000000 1.000000 1.127810
368 0.000000 0.000000 0.000000
369 1 17.323250 4.166574 195.323383 1.000000 1.000000 1.000000 0.983094
369 0.000000 0.000000 0.000000
370 1 33.087022 23.606890 115.860924 1.000000 1.000000 1.000000 0.983094
370 0.000000 0.000000 0.000000
371 1 29.055059 83.816310 170.960742 1.000000 1.000000 1.000000 0.983094
371 0.000000 0.000000 0.000000
372 1 90.972961 57.126240 168.197395 1.000000 1.000000 1.000000 0.983094
372 0.000000 0.000000 0.000000
373 1 93.902429 95.113270 127.079405 1.000000 1.000000 1.000000 0.983094
373 0.000000 0.000000 0.000000
375 1 76.717087 35.432660 143.388784 1.000000 1.000000 1.000000 0.983094
375 0.000000 0.000000 0.000000
376 1 95.098090 45.447651 169.292992 1.000000 1.000000 1.000000 0.983094
376 0.000000 0.000000 0.000000
377 1 7.080392 62.741418 101.678361 1.000000 1.000000 1.000000 0.983094
377 0.000000 0.000000 0.000000
378 1 20.192741 70.830310 69.870749 2.000000 2.000000 1.000000 1.127810
378 0.000000 0.000000 0.000000
379 1 75.428884 93.305936 88.759279 1.000000 1.000000 1.000000 0.983094
379 0.000000 0.000000 0.000000
380 1 80.286126 82.989572 21.641591 1.000000 1.000000 1.000000 0.983094
380 0.000000 0.000000 0.000000
381 1 23.637775 16.030752 104.365794 1.000000 1.000000 1.000000 0.983094
381 0.000000 0.000000 0.000000
382 1 39.904613 5.181248 170.611320 1.000000 1.000000 1.000000 0.983094
382 0.000000 0.000000 0.000000
383 1 6.641220 14.557489 156.776255 1.000000 1.000000 1.000000 0.983094
383 0.000000 0.000000 0.000000
384 1 47.459620 72.784376 107.017193 1.000000 1.000000 1.000000 0.983094
384 0.000000 0.000000 0.000000
385 1 16.904642 18.563825 162.685213 1.000000 1.000000 1.000000 0.983094
385 0.000000 0.000000 0.000000
387 1 63.169225 6.090901 9.216615 1.000000 1.000000 1.000000 0.983094
387 0.000000 0.000000 0.000000
388 1 71.236335 15.725354 156.791642 1.000000 1.000000 1.000000 0.983094
388 0.000000 0.000000 0.000000
389 1 9.818755 64.377102 147.389168 1.000000 1.000000 1.000000 0.983094
389 0.000000 0.000000 0.000000
391 1 23.792137 10.682474 59.451183 1.000000 1.000000 1.000000 0.983094
391 0.000000 0.000000 0.000000
392 1 26.298269 85.039265 95.723518 2.000000 2.000000 1.000000 1.127810
392 0.000000 0.000000 0.000000
393 1 90.557872 82.803258 143.402857 1.000000 1.000000 1.000000 0.983094
393 0.000000 0.000000 0.000000
394 1 38.120988 75.611143 188.114624 4.000000 4.000000 1.000000 1.237850
394 0.000000 0.000000 0.000000
396 1 50.819320 56.744889 20.552088 1.000000 1.000000 1.000000 0.983094
396 0.000000 0.000000 0.000000
397 1 52.804418 57.360432 39.273784 1.000000 1.000000 1.000000 0.983094
397 0.000000 0.000000 0.000000
398 1 80.527553 85.094116 42.379770 1.000000 1.000000 1.000000 0.983094
398 0.000000 0.000000 0.000000
399 1 52.846664 74.599347 66.069879 1.000000 1.000000 1.000000 0.983094
399 0.000000 0.000000 0.000000
400 1 99.164761 17.557706 21.033456 1.000000 1.000000 1.000000 0.983094
400 0.000000 0.000000 0.000000
401 1 61.661609 10.434552 18.031266 1.000000 1.000000 1.000000 0.983094
401 0.000000 0.000000 0.000000
402 1 70.500945 46.940501 198.031658 1.000000 1.000000 1.000000 0.983094
402 0.000000 0.000000 0.000000
403 1 44.172431 64.354971 140.785816 1.000000 1.000000 1.000000 0.983094
403 0.000000 0.000000 0.000000
404 1 23.057516 21.444639 98.084552 1.000000 1.000000 1.000000 0.983094
404 0.000000 0.000000 0.000000
405 1 99.661551 53.519611 12.287248 1.000000 1.000000 1.000000 0.983094
405 0.000000 0.000000 0.000000
406 1 35.409621 99.699120 131.592448 1.000000 1.000000 1.000000 0.983094
406 0.000000 0.000000 0.000000
407 1 76.024918 26.331899 176.877809 1.000000 1.000000 1.000000 0.983094
407 0.000000 0.000000 0.000000
408 1 85.750331 31.930660 81.890333 1.000000 1.000000 1.000000 0.983094
408 0.000000 0.000000 0.000000
409 1 12.278111 20.183199 139.054507 1.000000 1.000000 1.000000 0.983094
409 0.000000 0.000000 0.000000
410 1 9.013208 18.343426 114.627678 1.000000 1.000000 1.000000 0.983094
410 0.000000 0.000000 0.000000
411 1 52.255023 31.415219 26.209393 1.000000 1.000000 1.000000 0.983094
411 0.000000 0.000000 0.000000
412 1 68.225317 87.288438 153.317964 1.000000 1.000000 1.000000 0.983094
412 0.000000 0.000000 0.000000
414 1 9.019845 85.963090 73.189424 1.000000 1.000000 1.000000 0.983094
414 0.000000 0.000000 0.000000
415 1 93.229439 90.233805 70.572729 1.000000 1.000000 1.000000 0.983094
415 0.000000 0.000000 0.000000
416 1 44.093467 91.823296 177.818414 1.000000 1.000000 1.000000 0.983094
416 0.000000 0.000000 0.000000
417 1 1.862673 41.930958 129.635283 1.000000 1.000000 1.000000 0.983094
417 0.000000 0.000000 0.000000
418 1 24.383526 90.375527 38.573455 2.000000 2.000000 1.000000 1.127810
418 0.000000 0.000000 0.000000
420 1 3.857654 21.953942 73.323684 1.000000 1.000000 1.000000 0.983094
420 0.000000 0.000000 0.000000
421 1 60.064682 99.668677 6.297312 1.000000 1.000000 1.000000 0.983094
421 0.000000 0.000000 0.000000
422 1 20.937251 16.348932 164.077017 1.000000 1.000000 1.000000 0.983094
422 0.000000 0.000000 0.000000
424 1 63.495192 45.838340 145.992042 1.000000 1.000000 1.000000 0.983094
424 0.000000 0.000000 0.000000
426 1 17.161482 42.145302 12.241046 2.000000 2.000000 1.000000 1.127810
426 0.000000 0.000000 0.000000
427 1 9.557678 94.383057 169.548378 1.000000 1.000000 1.000000 0.983094
427 0.000000 0.000000 0.000000
428 1 6.837443 40.937331 62.844126 1.000000 1.000000 1.000000 0.983094
428 0.000000 0.000000 0.000000
429 1 36.144777 71.903485 155.081367 2.000000 2.000000 1.000000 1.127810
429 0.000000 0.000000 0.000000
430 1 39.711774 59.347534 15.176074 3.000000 3.000000 1.000000 1.197480
430 0.000000 0.000000 0.000000
431 1 8.395107 34.054111 89.671319 1.000000 1.000000 1.000000 0.983094
431 0.000000 0.000000 0.000000
432 1 80.268271 81.293169 57.364965 3.000000 3.000000 1.000000 1.197480
432 0.000000 0.000000 0.000000
433 1 38.062740 57.772033 165.655865 2.000000 2.000000 1.000000 1.127810
433 0.000000 0.000000 0.000000
434 1 5.776906 19.401814 84.990846 1.000000 1.000000 1.000000 0.983094
434 0.000000 0.000000 0.000000
436 1 3.486265 50.892179 50.887116 1.000000 1.000000 1.000000 0.983094
436 0.000000 0.000000 0.000000
438 1 93.509477 70.142597 99.980415 4.000000 4.000000 1.000000 1.237850
438 0.000000 0.000000 0.000000
439 1 41.670918 6.810596 73.373417 1.000000 1.000000 1.000000 0.983094
439 0.000000 0.000000 0.000000
441 1 75.762876 58.325277 147.406152 1.000000 1.000000 1.000000 0.983094
441 0.000000 0.000000 0.000000
442 1 94.289881 78.727284 115.202064 1.000000 1.000000 1.000000 0.983094
442 0.000000 0.000000 0.000000
446 1 23.905877 46.052261 57.967283 1.000000 1.000000 1.000000 0.983094
446 0.000000 0.000000 0.000000
447 1 97.639322 30.514958 121.904200 1.000000 1.000000 1.000000 0.983094
447 0.000000 0.000000 0.000000
448 1 76.009166 3.180719 106.612082 1.000000 1.000000 1.000000 0.983094
448 0.000000 0.000000 0.000000
449 1 13.859889 38.743581 79.461362 1.000000 1.000000 1.000000 0.983094
449 0.000000 0.000000 0.000000
450 1 38.906960 40.687703 176.208180 1.000000 1.000000 1.000000 0.983094
450 0.000000 0.000000 0.000000
451 1 71.202416 86.602559 11.162535 1.000000 1.000000 1.000000 0.983094
451 0.000000 0.000000 0.000000
452 1 71.164948 91.146051 47.127603 1.000000 1.000000 1.000000 0.983094
452 0.000000 0.000000 0.000000
453 1 82.443090 1.706277 194.160152 2.000000 2.000000 1.000000 1.127810
453 0.000000 0.000000 0.000000
455 1 67.315285 62.260518 114.431965 1.000000 1.000000 1.000000 0.983094
455 0.000000 0.000000 0.000000
456 1 10.846881 19.217353 106.396726 1.000000 1.000000 1.000000 0.983094
456 0.000000 0.000000 0.000000
457 1 82.021045 26.425006 173.706526 1.000000 1.000000 1.000000 0.983094
457 0.000000 0.000000 0.000000
458 1 18.522593 97.402201 60.732942 1.000000 1.000000 1.000000 0.983094
458 0.000000 0.000000 0.000000
459 1 72.853009 33.324460 112.253082 1.000000 1.000000 1.000000 0.983094
459 0.000000 0.000000 0.000000
460 1 42.827746 11.141544 60.361792 1.000000 1.000000 1.000000 0.983094
460 0.000000 0.000000 0.000000
461 1 96.489147 79.632733 10.566043 1.000000 1.000000 1.000000 0.983094
461 0.000000 0.000000 0.000000
462 1 4.263523 69.210548 165.560551 1.000000 1.000000 1.000000 0.983094
462 0.000000 0.000000 0.000000
463 1 84.168185 34.247584 155.488111 1.000000 1.000000 1.000000 0.983094
463 0.000000 0.000000 0.000000
464 1 31.265074 66.861448 64.575193 1.000000 1.000000 1.000000 0.983094
464 0.000000 0.000000 0.000000
465 1 99.401485 10.838143 47.964147 1.000000 1.000000 1.000000 0.983094
465 0.000000 0.000000 0.000000
466 1 56.246361 69.808883 192.028918 1.000000 1.000000 1.000000 0.983094
466 0.000000 0.000000 0.000000
467 1 58.166833 86.262948 165.936057 1.000000 1.000000 1.000000 0.983094
467 0.000000 0.000000 0.000000
469 1 36.249472 80.632663 196.568454 1.000000 1.000000 1.000000 0.983094
469 0.000000 0.000000 0.000000
470 1 88.766520 27.740683 131.909486 1.000000 1.000000 1.000000 0.983094
470 0.000000 0.000000 0.000000
471 1 86.604230 64.954577 128.430723 2.000000 2.000000 1.000000 1.127810
471 0.000000 0.000000 0.000000
473 1 34.554363 68.356647 33.175635 1.000000 1.000000 1.000000 0.983094
473 0.000000 0.000000 0.000000
474 1 27.538241 87.603105 186.169507 2.000000 2.000000 1.000000 1.127810
474 0.000000 0.000000 0.000000
475 1 18.042563 81.481878 59.566133 1.000000 1.000000 1.000000 0.983094
475 0.000000 0.000000 0.000000
477 1 80.116011 82.988515 32.582215 1.000000 1.000000 1.000000 0.983094
477 0.000000 0.000000 0.000000
478 1 20.514313 62.250939 110.368570 1.000000 1.000000 1.000000 0.983094
478 0.000000 0.000000 0.000000
479 1 59.719382 82.290581 189.348163 2.000000 2.000000 1.000000 1.127810
479 0.000000 0.000000 0.000000
480 1 48.428331 82.550624 47.742789 1.000000 1.000000 1.000000 0.983094
480 0.000000 0.000000 0.000000
481 1 1.917917 3.670205 187.771841 1.000000 1.000000 1.000000 0.983094
481 0.000000 0.000000 0.000000
482 1 45.614561 83.808371 56.871820 1.000000 1.000000 1.000000 0.983094
482 0.000000 0.000000 0.000000
483 1 91.491085 69.445301 10.601173 1.000000 1.000000 1.000000 0.983094
483 0.000000 0.000000 0.000000
484 1 72.712459 16.465206 46.667068 1.000000 1.000000 1.000000 0.983094
484 0.000000 0.000000 0.000000
485 1 92.109911 9.047397 164.744640 1.000000 1.000000 1.000000 0.983094
485 0.000000 0.000000 0.000000
486 1 41.334703 49.037300 95.620730 1.000000 1.000000 1.000000 0.983094
486 0.000000 0.000000 0.000000
488 1 5.709960 49.430457 95.380884 1.000000 1.000000 1.000000 0.983094
488 0.000000 0.000000 0.000000
489 1 88.045522 35.331744 43.420158 1.000000 1.000000 1.000000 0.983094
489 0.000000 0.000000 0.000000
490 1 79.324225 46.175281 135.933058 1.000000 1.000000 1.000000 0.983094
490 0.000000 0.000000 0.000000
491 1 68.183080 4.045156 79.755367 1.000000 1.000000 1.000000 0.983094
491 0.000000 0.000000 0.000000
492 1 80.206340 10.625179 12.830335 1.000000 1.000000 1.000000 0.983094
492 0.000000 0.000000 0.000000
493 1 89.986322 51.819134 30.560116 1.000000 1.000000 1.000000 0.983094
493 0.000000 0.000000 0.000000
495 1 42.898808 91.995615 9.337454 1.000000 1.000000 1.000000 0.983094
495 0.000000 0.000000 0.000000
496 1 82.743161 43.530889 178.026130 1.000000 1.000000 1.000000 0.983094
496 0.000000 0.000000 0.000000
497 1 2.300054 81.476183 9.121962 1.000000 1.000000 1.000000 0.983094
497 0.000000 0.000000 0.000000
498 1 90.053584 84.793213 178.082632 1.000000 1.000000 1.000000 0.983094
498 0.000000 0.000000 0.000000
499 1 92.145418 71.090030 90.308779 1.000000 1.000000 1.000000 0.983094
499 0.000000 0.000000 0.000000
