RESTART FILE
Timestep: 1000

NUMBER OF PARTICLES
363

SIMULATION BOX
100 100 200

TIMESTEP
0.1

ATTRACTION RADIUS
25
0.983094 1.12781 1.19748 1.23785 1.26372 1.28133 1.2939 1.30312 1.31014 1.31562 1.32005 1.32351 1.32648 1.32881 1.33082 1.33244 1.33389 1.33515 1.3363 1.33723 1.33803 1.33868 1.33937 1.33991 1.34042 

AGGREGATES/BEADS
0 1 92.701381 94.870136 61.037994 1.000000 1.000000 1.000000 0.983094
0 0.000000 0.000000 0.000000
1 1 89.703732 1.896171 155.959888 3.000000 3.000000 1.000000 1.197480
1 0.000000 0.000000 0.000000
3 1 5.176066 58.280219 117.900859 1.000000 1.000000 1.000000 0.983094
3 0.000000 0.000000 0.000000
4 1 34.627029 89.303207 108.626407 2.000000 2.000000 1.000000 1.127810
4 0.000000 0.000000 0.000000
5 1 51.561665 74.923410 197.228051 1.000000 1.000000 1.000000 0.983094
5 0.000000 0.000000 0.000000
6 1 79.026042 8.895495 9.695447 1.000000 1.000000 1.000000 0.983094
6 0.000000 0.000000 0.000000
7 1 63.718267 1.329191 151.688439 1.000000 1.000000 1.000000 0.983094
7 0.000000 0.000000 0.000000
8 1 49.637414 94.667370 110.506103 1.000000 1.000000 1.000000 0.983094
8 0.000000 0.000000 0.000000
9 1 46.875361 26.174527 70.252751 1.000000 1.000000 1.000000 0.983094
9 0.000000 0.000000 0.000000
10 1 3.583148 86.617735 24.905113 1.000000 1.000000 1.000000 0.983094
10 0.000000 0.000000 0.000000
11 1 37.707716 48.609580 43.515922 1.000000 1.000000 1.000000 0.983094
11 0.000000 0.000000 0.000000
13 1 44.111172 72.930588 11.173892 1.000000 1.000000 1.000000 0.983094
13 0.000000 0.000000 0.000000
14 1 19.470773 18.789845 13.167280 4.000000 4.000000 1.000000 1.237850
14 0.000000 0.000000 0.000000
15 1 60.569185 64.937923 6.107694 1.000000 1.000000 1.000000 0.983094
15 0.000000 0.000000 0.000000
16 1 60.111622 78.947763 22.039341 2.000000 2.000000 1.000000 1.127810
16 0.000000 0.000000 0.000000
18 1 65.148912 76.095719 164.025390 1.000000 1.000000 1.000000 0.983094
18 0.000000 0.000000 0.000000
19 1 48.621090 53.384129 180.933952 3.000000 3.000000 1.000000 1.197480
19 0.000000 0.000000 0.000000
20 1 98.198942 5.034667 117.718241 1.000000 1.000000 1.000000 0.983094
20 0.000000 0.000000 0.000000
22 1 70.078396 43.160452 134.685064 2.000000 2.000000 1.000000 1.127810
22 0.000000 0.000000 0.000000
23 1 81.334217 32.082451 114.059415 1.000000 1.000000 1.000000 0.983094
23 0.000000 0.000000 0.000000
24 1 13.662432 62.577390 88.501290 1.000000 1.000000 1.000000 0.983094
24 0.000000 0.000000 0.000000
25 1 80.186635 88.515699 74.717165 4.000000 4.000000 1.000000 1.237850
25 0.000000 0.000000 0.000000
26 1 92.888076 43.029564 63.055110 1.000000 1.000000 1.000000 0.983094
26 0.000000 0.000000 0.000000
29 1 37.825062 26.037334 13.887412 3.000000 3.000000 1.000000 1.197480
29 0.000000 0.000000 0.000000
30 1 19.040511 47.400517 7.531541 1.000000 1.000000 1.000000 0.983094
30 0.000000 0.000000 0.000000
31 1 75.052787 36.736464 25.169756 2.000000 2.000000 1.000000 1.127810
31 0.000000 0.000000 0.000000
32 1 6.878290 67.870199 147.779753 2.000000 2.000000 1.000000 1.127810
32 0.000000 0.000000 0.000000
33 1 60.118782 62.608495 24.742752 2.000000 2.000000 1.000000 1.127810
33 0.000000 0.000000 0.000000
36 1 3.895857 98.559501 43.024664 3.000000 3.000000 1.000000 1.197480
36 0.000000 0.000000 0.000000
37 1 89.472557 21.483378 142.412063 1.000000 1.000000 1.000000 0.983094
37 0.000000 0.000000 0.000000
38 1 88.667485 54.377776 78.897349 1.000000 1.000000 1.000000 0.983094
38 0.000000 0.000000 0.000000
39 1 49.161310 98.411230 42.097017 3.000000 3.000000 1.000000 1.197480
39 0.000000 0.000000 0.000000
41 1 82.570613 11.437799 83.857053 2.000000 2.000000 1.000000 1.127810
41 0.000000 0.000000 0.000000
44 1 53.014719 64.807300 108.468174 2.000000 2.000000 1.000000 1.127810
44 0.000000 0.000000 0.000000
45 1 48.600342 37.267585 88.676113 1.000000 1.000000 1.000000 0.983094
45 0.000000 0.000000 0.000000
46 1 43.204309 11.752401 56.524408 1.000000 1.000000 1.000000 0.983094
46 0.000000 0.000000 0.000000
47 1 31.989855 62.081080 16.968772 2.000000 2.000000 1.000000 1.127810
47 0.000000 0.000000 0.000000
48 1 68.439663 41.580882 29.132199 2.000000 2.000000 1.000000 1.127810
48 0.000000 0.000000 0.000000
49 1 85.941376 19.585237 25.771668 1.000000 1.000000 1.000000 0.983094
49 0.000000 0.000000 0.000000
50 1 94.317474 49.485424 9.294876 1.000000 1.000000 1.000000 0.983094
50 0.000000 0.000000 0.000000
51 1 26.970299 38.465965 151.676662 1.000000 1.000000 1.000000 0.983094
51 0.000000 0.000000 0.000000
53 1 72.440244 94.202678 53.119497 1.000000 1.000000 1.000000 0.983094
53 0.000000 0.000000 0.000000
54 1 18.527105 45.166476 35.175675 1.000000 1.000000 1.000000 0.983094
54 0.000000 0.000000 0.000000
55 1 42.379183 81.122608 107.976782 1.000000 1.000000 1.000000 0.983094
55 0.000000 0.000000 0.000000
56 1 19.460644 71.580644 196.610344 1.000000 1.000000 1.000000 0.983094
56 0.000000 0.000000 0.000000
57 1 89.799132 85.260357 166.034193 1.000000 1.000000 1.000000 0.983094
57 0.000000 0.000000 0.000000
58 1 52.468813 55.921216 29.466828 2.000000 2.000000 1.000000 1.127810
58 0.000000 0.000000 0.000000
60 1 10.249384 46.307585 30.932062 3.000000 3.000000 1.000000 1.197480
60 0.000000 0.000000 0.000000
61 1 64.749801 12.848291 180.467988 1.000000 1.000000 1.000000 0.983094
61 0.000000 0.000000 0.000000
62 1 59.470548 11.756337 120.319679 2.000000 2.000000 1.000000 1.127810
62 0.000000 0.000000 0.000000
63 1 13.081127 88.277576 51.297217 1.000000 1.000000 1.000000 0.983094
63 0.000000 0.000000 0.000000
64 1 49.733297 84.275770 87.555530 2.000000 2.000000 1.000000 1.127810
64 0.000000 0.000000 0.000000
66 1 95.494233 70.206816 21.494085 1.000000 1.000000 1.000000 0.983094
66 0.000000 0.000000 0.000000
68 1 42.026316 35.651295 167.940363 2.000000 2.000000 1.000000 1.127810
68 0.000000 0.000000 0.000000
69 1 88.154065 49.108281 2.486973 1.000000 1.000000 1.000000 0.983094
69 0.000000 0.000000 0.000000
70 1 42.896431 54.122508 110.401944 1.000000 1.000000 1.000000 0.983094
70 0.000000 0.000000 0.000000
72 1 94.762306 83.281502 69.529244 4.000000 4.000000 1.000000 1.237850
72 0.000000 0.000000 0.000000
74 1 51.823041 16.737915 78.690910 1.000000 1.000000 1.000000 0.983094
74 0.000000 0.000000 0.000000
75 1 91.084153 21.003213 91.594979 1.000000 1.000000 1.000000 0.983094
75 0.000000 0.000000 0.000000
76 1 89.987923 64.648425 193.694648 1.000000 1.000000 1.000000 0.983094
76 0.000000 0.000000 0.000000
77 1 90.088290 56.999896 56.112339 1.000000 1.000000 1.000000 0.983094
77 0.000000 0.000000 0.000000
79 1 17.014371 3.622321 187.296119 1.000000 1.000000 1.000000 0.983094
79 0.000000 0.000000 0.000000
83 1 36.443658 78.796498 171.501346 1.000000 1.000000 1.000000 0.983094
83 0.000000 0.000000 0.000000
84 1 68.934846 92.801814 198.744424 1.000000 1.000000 1.000000 0.983094
84 0.000000 0.000000 0.000000
85 1 44.116731 7.483537 90.739503 1.000000 1.000000 1.000000 0.983094
85 0.000000 0.000000 0.000000
86 1 84.182359 86.723902 61.827658 1.000000 1.000000 1.000000 0.983094
86 0.000000 0.000000 0.000000
87 1 77.089796 31.377695 89.015290 1.000000 1.000000 1.000000 0.983094
87 0.000000 0.000000 0.000000
88 1 11.683724 76.758453 160.183903 1.000000 1.000000 1.000000 0.983094
88 0.000000 0.000000 0.000000
89 1 31.093491 35.259191 138.942429 1.000000 1.000000 1.000000 0.983094
89 0.000000 0.000000 0.000000
90 1 1.242690 75.476271 34.605044 2.000000 2.000000 1.000000 1.127810
90 0.000000 0.000000 0.000000
91 1 94.501754 97.348138 21.148088 2.000000 2.000000 1.000000 1.127810
91 0.000000 0.000000 0.000000
92 1 90.580107 47.220597 87.623505 1.000000 1.000000 1.000000 0.983094
92 0.000000 0.000000 0.000000
94 1 90.009391 68.777186 123.764070 1.000000 1.000000 1.000000 0.983094
94 0.000000 0.000000 0.000000
95 1 57.449138 9.984043 86.819721 1.000000 1.000000 1.000000 0.983094
95 0.000000 0.000000 0.000000
97 1 32.036500 87.696498 22.209213 2.000000 2.000000 1.000000 1.127810
97 0.000000 0.000000 0.000000
98 1 62.026353 40.056723 40.333320 1.000000 1.000000 1.000000 0.983094
98 0.000000 0.000000 0.000000
99 1 48.810352 74.728078 62.371280 1.000000 1.000000 1.000000 0.983094
99 0.000000 0.000000 0.000000
100 1 86.859401 17.311494 13.825264 1.000000 1.000000 1.000000 0.983094
100 0.000000 0.000000 0.000000
101 1 57.401305 9.918988 116.617944 1.000000 1.000000 1.000000 0.983094
101 0.000000 0.000000 0.000000
102 1 48.458233 61.380769 116.717899 2.000000 2.000000 1.000000 1.127810
102 0.000000 0.000000 0.000000
103 1 58.595430 68.561796 134.134636 1.000000 1.000000 1.000000 0.983094
103 0.000000 0.000000 0.000000
104 1 55.039775 6.515940 56.275254 3.000000 3.000000 1.000000 1.197480
104 0.000000 0.000000 0.000000
105 1 83.096995 51.063670 184.434221 1.000000 1.000000 1.000000 0.983094
105 0.000000 0.000000 0.000000
106 1 78.466488 98.753555 173.816143 2.000000 2.000000 1.000000 1.127810
106 0.000000 0.000000 0.000000
108 1 52.072953 41.355590 185.221388 1.000000 1.000000 1.000000 0.983094
108 0.000000 0.000000 0.000000
109 1 0.484028 35.769570 143.418191 1.000000 1.000000 1.000000 0.983094
109 0.000000 0.000000 0.000000
110 1 48.996375 55.171780 159.059464 1.000000 1.000000 1.000000 0.983094
110 0.000000 0.000000 0.000000
112 1 31.808373 44.507968 38.687279 2.000000 2.000000 1.000000 1.127810
112 0.000000 0.000000 0.000000
113 1 46.330584 68.137241 129.368818 2.000000 2.000000 1.000000 1.127810
113 0.000000 0.000000 0.000000
115 1 77.603481 38.280930 136.789497 1.000000 1.000000 1.000000 0.983094
115 0.000000 0.000000 0.000000
117 1 32.762280 64.308662 183.743125 1.000000 1.000000 1.000000 0.983094
117 0.000000 0.000000 0.000000
118 1 49.801243 7.239531 76.433092 1.000000 1.000000 1.000000 0.983094
118 0.000000 0.000000 0.000000
120 1 6.885258 56.240569 27.195292 4.000000 4.000000 1.000000 1.237850
120 0.000000 0.000000 0.000000
121 1 59.241423 25.443887 68.691578 1.000000 1.000000 1.000000 0.983094
121 0.000000 0.000000 0.000000
122 1 57.326391 23.911735 187.792846 2.000000 2.000000 1.000000 1.127810
122 0.000000 0.000000 0.000000
123 1 71.893603 7.472251 196.014121 1.000000 1.000000 1.000000 0.983094
123 0.000000 0.000000 0.000000
125 1 91.068469 41.744337 66.682581 1.000000 1.000000 1.000000 0.983094
125 0.000000 0.000000 0.000000
126 1 20.959687 83.384038 87.969648 1.000000 1.000000 1.000000 0.983094
126 0.000000 0.000000 0.000000
128 1 57.789975 10.760741 151.634537 3.000000 3.000000 1.000000 1.197480
128 0.000000 0.000000 0.000000
129 1 76.492244 37.467393 166.737641 1.000000 1.000000 1.000000 0.983094
129 0.000000 0.000000 0.000000
130 1 99.020269 28.138102 114.849109 1.000000 1.000000 1.000000 0.983094
130 0.000000 0.000000 0.000000
131 1 65.337438 91.480764 99.444898 1.000000 1.000000 1.000000 0.983094
131 0.000000 0.000000 0.000000
132 1 56.770807 63.071463 34.080985 3.000000 3.000000 1.000000 1.197480
132 0.000000 0.000000 0.000000
133 1 46.876293 70.493904 76.878139 1.000000 1.000000 1.000000 0.983094
133 0.000000 0.000000 0.000000
136 1 3.603662 36.188683 66.207857 1.000000 1.000000 1.000000 0.983094
136 0.000000 0.000000 0.000000
137 1 24.480378 64.469695 132.196928 1.000000 1.000000 1.000000 0.983094
137 0.000000 0.000000 0.000000
139 1 17.788674 37.526213 198.577305 1.000000 1.000000 1.000000 0.983094
139 0.000000 0.000000 0.000000
140 1 74.495822 68.192902 136.957781 1.000000 1.000000 1.000000 0.983094
140 0.000000 0.000000 0.000000
141 1 47.036039 82.205301 98.670384 3.000000 3.000000 1.000000 1.197480
141 0.000000 0.000000 0.000000
142 1 77.499425 10.862310 90.212575 1.000000 1.000000 1.000000 0.983094
142 0.000000 0.000000 0.000000
143 1 72.616642 38.722415 164.273729 1.000000 1.000000 1.000000 0.983094
143 0.000000 0.000000 0.000000
144 1 92.899362 52.723417 185.566633 1.000000 1.000000 1.000000 0.983094
144 0.000000 0.000000 0.000000
145 1 93.841505 66.639960 180.694550 1.000000 1.000000 1.000000 0.983094
145 0.000000 0.000000 0.000000
147 1 72.104173 57.185945 128.995424 2.000000 2.000000 1.000000 1.127810
147 0.000000 0.000000 0.000000
148 1 19.253453 10.219205 143.388327 1.000000 1.000000 1.000000 0.983094
148 0.000000 0.000000 0.000000
149 1 29.363005 27.760204 109.894108 1.000000 1.000000 1.000000 0.983094
149 0.000000 0.000000 0.000000
151 1 24.467770 34.806658 164.140424 2.000000 2.000000 1.000000 1.127810
151 0.000000 0.000000 0.000000
152 1 45.062857 53.952847 143.034231 2.000000 2.000000 1.000000 1.127810
152 0.000000 0.000000 0.000000
154 1 23.805136 63.484210 119.180108 1.000000 1.000000 1.000000 0.983094
154 0.000000 0.000000 0.000000
158 1 37.753028 12.261739 197.949295 1.000000 1.000000 1.000000 0.983094
158 0.000000 0.000000 0.000000
159 1 35.928949 5.555454 184.053514 1.000000 1.000000 1.000000 0.983094
159 0.000000 0.000000 0.000000
161 1 5.939561 58.773249 99.007837 1.000000 1.000000 1.000000 0.983094
161 0.000000 0.000000 0.000000
165 1 7.371483 15.283801 157.037970 2.000000 2.000000 1.000000 1.127810
165 0.000000 0.000000 0.000000
166 1 83.857869 97.023292 93.240718 3.000000 3.000000 1.000000 1.197480
166 0.000000 0.000000 0.000000
168 1 3.603473 4.323126 153.041041 2.000000 2.000000 1.000000 1.127810
168 0.000000 0.000000 0.000000
170 1 41.427921 66.575999 0.160477 1.000000 1.000000 1.000000 0.983094
170 0.000000 0.000000 0.000000
171 1 70.045884 94.967993 127.989588 1.000000 1.000000 1.000000 0.983094
171 0.000000 0.000000 0.000000
173 1 50.211289 71.593434 88.698193 1.000000 1.000000 1.000000 0.983094
173 0.000000 0.000000 0.000000
175 1 44.951862 1.185496 114.920125 1.000000 1.000000 1.000000 0.983094
175 0.000000 0.000000 0.000000
176 1 38.128438 7.592747 84.157792 1.000000 1.000000 1.000000 0.983094
176 0.000000 0.000000 0.000000
177 1 39.300823 35.333371 91.199649 1.000000 1.000000 1.000000 0.983094
177 0.000000 0.000000 0.000000
179 1 36.216392 84.065904 71.179447 3.000000 3.000000 1.000000 1.197480
179 0.000000 0.000000 0.000000
181 1 35.856843 25.297179 181.867224 1.000000 1.000000 1.000000 0.983094
181 0.000000 0.000000 0.000000
183 1 14.663626 91.029059 121.989175 1.000000 1.000000 1.000000 0.983094
183 0.000000 0.000000 0.000000
184 1 66.530483 4.784698 57.230879 2.000000 2.000000 1.000000 1.127810
184 0.000000 0.000000 0.000000
186 1 91.770569 9.097726 24.764977 1.000000 1.000000 1.000000 0.983094
186 0.000000 0.000000 0.000000
187 1 45.235671 68.967452 65.492800 1.000000 1.000000 1.000000 0.983094
187 0.000000 0.000000 0.000000
188 1 74.868792 9.986256 25.689813 2.000000 2.000000 1.000000 1.127810
188 0.000000 0.000000 0.000000
189 1 56.802363 86.397539 102.085621 1.000000 1.000000 1.000000 0.983094
189 0.000000 0.000000 0.000000
191 1 69.294119 69.980973 108.764184 1.000000 1.000000 1.000000 0.983094
191 0.000000 0.000000 0.000000
192 1 67.595772 71.799199 34.065395 1.000000 1.000000 1.000000 0.983094
192 0.000000 0.000000 0.000000
193 1 14.673066 46.603027 7.301950 1.000000 1.000000 1.000000 0.983094
193 0.000000 0.000000 0.000000
194 1 1.684493 59.819394 188.493718 1.000000 1.000000 1.000000 0.983094
194 0.000000 0.000000 0.000000
196 1 67.094258 48.308789 130.347404 1.000000 1.000000 1.000000 0.983094
196 0.000000 0.000000 0.000000
197 1 80.613957 4.999093 107.753555 1.000000 1.000000 1.000000 0.983094
197 0.000000 0.000000 0.000000
198 1 91.047350 79.663319 7.167529 4.000000 4.000000 1.000000 1.237850
198 0.000000 0.000000 0.000000
199 1 35.382549 99.586065 175.504787 1.000000 1.000000 1.000000 0.983094
199 0.000000 0.000000 0.000000
200 1 52.407544 17.536100 158.520191 1.000000 1.000000 1.000000 0.983094
200 0.000000 0.000000 0.000000
203 1 61.719946 71.921529 18.921791 1.000000 1.000000 1.000000 0.983094
203 0.000000 0.000000 0.000000
204 1 33.186831 29.616771 129.262966 1.000000 1.000000 1.000000 0.983094
204 0.000000 0.000000 0.000000
205 1 69.000217 97.392477 28.866106 1.000000 1.000000 1.000000 0.983094
205 0.000000 0.000000 0.000000
207 1 39.051654 83.136408 142.228637 1.000000 1.000000 1.000000 0.983094
207 0.000000 0.000000 0.000000
208 1 25.500011 91.065781 94.844965 1.000000 1.000000 1.000000 0.983094
208 0.000000 0.000000 0.000000
209 1 55.056410 89.980322 123.647649 1.000000 1.000000 1.000000 0.983094
209 0.000000 0.000000 0.000000
212 1 2.714864 28.709045 109.803230 1.000000 1.000000 1.000000 0.983094
212 0.000000 0.000000 0.000000
214 1 33.161085 31.214946 29.483539 1.000000 1.000000 1.000000 0.983094
214 0.000000 0.000000 0.000000
215 1 17.327560 30.937269 54.363215 2.000000 2.000000 1.000000 1.127810
215 0.000000 0.000000 0.000000
216 1 7.013810 58.001710 133.521043 1.000000 1.000000 1.000000 0.983094
216 0.000000 0.000000 0.000000
217 1 43.390296 13.920225 171.650952 1.000000 1.000000 1.000000 0.983094
217 0.000000 0.000000 0.000000
218 1 25.007723 55.555628 105.038897 1.000000 1.000000 1.000000 0.983094
218 0.000000 0.000000 0.000000
219 1 82.013700 73.389341 40.542952 1.000000 1.000000 1.000000 0.983094
219 0.000000 0.000000 0.000000
220 1 86.289284 64.226321 90.539375 1.000000 1.000000 1.000000 0.983094
220 0.000000 0.000000 0.000000
221 1 9.117702 22.895169 167.894508 1.000000 1.000000 1.000000 0.983094
221 0.000000 0.000000 0.000000
223 1 81.336040 38.613154 113.743305 1.000000 1.000000 1.000000 0.983094
223 0.000000 0.000000 0.000000
224 1 38.296076 3.229139 192.845787 1.000000 1.000000 1.000000 0.983094
224 0.000000 0.000000 0.000000
225 1 44.840101 33.425584 97.035672 2.000000 2.000000 1.000000 1.127810
225 0.000000 0.000000 0.000000
226 1 99.904932 76.797169 54.548261 1.000000 1.000000 1.000000 0.983094
226 0.000000 0.000000 0.000000
227 1 35.911600 37.765987 161.858255 2.000000 2.000000 1.000000 1.127810
227 0.000000 0.000000 0.000000
228 1 67.093211 70.573720 47.206106 1.000000 1.000000 1.000000 0.983094
228 0.000000 0.000000 0.000000
229 1 14.591116 96.942190 23.267985 1.000000 1.000000 1.000000 0.983094
229 0.000000 0.000000 0.000000
230 1 35.643140 45.653073 1.031402 1.000000 1.000000 1.000000 0.983094
230 0.000000 0.000000 0.000000
231 1 1.785994 24.258937 190.371171 1.000000 1.000000 1.000000 0.983094
231 0.000000 0.000000 0.000000
232 1 29.966941 46.541283 65.890587 1.000000 1.000000 1.000000 0.983094
232 0.000000 0.000000 0.000000
233 1 25.875629 93.780893 33.599660 3.000000 3.000000 1.000000 1.197480
233 0.000000 0.000000 0.000000
237 1 18.968381 82.069777 66.190165 1.000000 1.000000 1.000000 0.983094
237 0.000000 0.000000 0.000000
238 1 24.847269 27.305239 137.685095 1.000000 1.000000 1.000000 0.983094
238 0.000000 0.000000 0.000000
239 1 23.213993 54.770711 158.396563 1.000000 1.000000 1.000000 0.983094
239 0.000000 0.000000 0.000000
240 1 36.769435 41.373736 51.440292 4.000000 4.000000 1.000000 1.237850
240 0.000000 0.000000 0.000000
242 1 24.326296 83.885165 67.811591 1.000000 1.000000 1.000000 0.983094
242 0.000000 0.000000 0.000000
243 1 5.726732 23.981746 81.885511 1.000000 1.000000 1.000000 0.983094
243 0.000000 0.000000 0.000000
245 1 83.136565 44.920660 23.080437 1.000000 1.000000 1.000000 0.983094
245 0.000000 0.000000 0.000000
246 1 55.312727 2.390332 79.227201 1.000000 1.000000 1.000000 0.983094
246 0.000000 0.000000 0.000000
247 1 56.035354 42.376033 109.788480 2.000000 2.000000 1.000000 1.127810
247 0.000000 0.000000 0.000000
248 1 14.185671 31.410125 66.179520 1.000000 1.000000 1.000000 0.983094
248 0.000000 0.000000 0.000000
249 1 53.123149 91.600893 177.030219 1.000000 1.000000 1.000000 0.983094
249 0.000000 0.000000 0.000000
250 1 85.931061 1.322983 107.726503 1.000000 1.000000 1.000000 0.983094
250 0.000000 0.000000 0.000000
252 1 90.702985 43.406342 51.215682 1.000000 1.000000 1.000000 0.983094
252 0.000000 0.000000 0.000000
254 1 66.986436 46.951072 190.894088 1.000000 1.000000 1.000000 0.983094
254 0.000000 0.000000 0.000000
255 1 4.579478 25.444112 55.086954 1.000000 1.000000 1.000000 0.983094
255 0.000000 0.000000 0.000000
257 1 60.130287 59.369868 193.162082 1.000000 1.000000 1.000000 0.983094
257 0.000000 0.000000 0.000000
258 1 41.508235 9.561082 111.897473 1.000000 1.000000 1.000000 0.983094
258 0.000000 0.000000 0.000000
260 1 3.891200 40.062684 162.965917 1.000000 1.000000 1.000000 0.983094
260 0.000000 0.000000 0.000000
261 1 92.417762 79.711579 6.071328 1.000000 1.000000 1.000000 0.983094
261 0.000000 0.000000 0.000000
262 1 67.312147 42.737438 36.639510 1.000000 1.000000 1.000000 0.983094
262 0.000000 0.000000 0.000000
263 1 30.544258 79.630953 18.117598 2.000000 2.000000 1.000000 1.127810
263 0.000000 0.000000 0.000000
266 1 25.485524 10.252845 168.384217 1.000000 1.000000 1.000000 0.983094
266 0.000000 0.000000 0.000000
267 1 57.356160 56.325903 133.919306 1.000000 1.000000 1.000000 0.983094
267 0.000000 0.000000 0.000000
268 1 92.759926 47.254830 168.786322 1.000000 1.000000 1.000000 0.983094
268 0.000000 0.000000 0.000000
269 1 50.498601 40.899678 89.741579 2.000000 2.000000 1.000000 1.127810
269 0.000000 0.000000 0.000000
270 1 25.322215 10.414663 49.745284 1.000000 1.000000 1.000000 0.983094
270 0.000000 0.000000 0.000000
271 1 90.552831 10.212675 154.102966 1.000000 1.000000 1.000000 0.983094
271 0.000000 0.000000 0.000000
273 1 56.683003 87.058575 0.594282 2.000000 2.000000 1.000000 1.127810
273 0.000000 0.000000 0.000000
274 1 83.539664 72.291592 34.783404 1.000000 1.000000 1.000000 0.983094
274 0.000000 0.000000 0.000000
276 1 62.627053 37.428082 111.138928 1.000000 1.000000 1.000000 0.983094
276 0.000000 0.000000 0.000000
277 1 88.842968 7.440457 127.949625 1.000000 1.000000 1.000000 0.983094
277 0.000000 0.000000 0.000000
278 1 5.460328 85.295314 112.590273 1.000000 1.000000 1.000000 0.983094
278 0.000000 0.000000 0.000000
279 1 42.957480 95.898419 42.451743 1.000000 1.000000 1.000000 0.983094
279 0.000000 0.000000 0.000000
281 1 79.907153 43.074365 152.423119 1.000000 1.000000 1.000000 0.983094
281 0.000000 0.000000 0.000000
282 1 20.566876 53.665089 55.181715 1.000000 1.000000 1.000000 0.983094
282 0.000000 0.000000 0.000000
283 1 59.707148 33.866315 85.169440 1.000000 1.000000 1.000000 0.983094
283 0.000000 0.000000 0.000000
284 1 80.024062 47.463344 175.241271 1.000000 1.000000 1.000000 0.983094
284 0.000000 0.000000 0.000000
285 1 71.971770 63.212160 80.172255 2.000000 2.000000 1.000000 1.127810
285 0.000000 0.000000 0.000000
286 1 54.068546 58.259348 86.485184 2.000000 2.000000 1.000000 1.127810
286 0.000000 0.000000 0.000000
287 1 58.953352 92.746184 58.405389 1.000000 1.000000 1.000000 0.983094
287 0.000000 0.000000 0.000000
289 1 8.621965 49.418433 89.611419 1.000000 1.000000 1.000000 0.983094
289 0.000000 0.000000 0.000000
290 1 40.035839 93.862857 92.906218 1.000000 1.000000 1.000000 0.983094
290 0.000000 0.000000 0.000000
295 1 30.754112 37.812933 105.987731 1.000000 1.000000 1.000000 0.983094
295 0.000000 0.000000 0.000000
296 1 90.154201 77.199858 82.090610 1.000000 1.000000 1.000000 0.983094
296 0.000000 0.000000 0.000000
297 1 29.798601 11.159251 183.921537 1.000000 1.000000 1.000000 0.983094
297 0.000000 0.000000 0.000000
298 1 80.197928 86.585293 97.242980 1.000000 1.000000 1.000000 0.983094
298 0.000000 0.000000 0.000000
299 1 65.631428 44.469491 13.836794 1.000000 1.000000 1.000000 0.983094
299 0.000000 0.000000 0.000000
302 1 64.321951 15.667931 8.885049 2.000000 2.000000 1.000000 1.127810
302 0.000000 0.000000 0.000000
303 1 39.296994 95.526490 155.747576 1.000000 1.000000 1.000000 0.983094
303 0.000000 0.000000 0.000000
304 1 15.898285 37.272570 18.763531 1.000000 1.000000 1.000000 0.983094
304 0.000000 0.000000 0.000000
305 1 42.713884 12.279193 144.238451 2.000000 2.000000 1.000000 1.127810
305 0.000000 0.000000 0.000000
306 1 49.949391 59.855067 73.267914 1.000000 1.000000 1.000000 0.983094
306 0.000000 0.000000 0.000000
307 1 12.803681 44.988120 128.214640 1.000000 1.000000 1.000000 0.983094
307 0.000000 0.000000 0.000000
308 1 33.817575 95.145281 152.271523 1.000000 1.000000 1.000000 0.983094
308 0.000000 0.000000 0.000000
309 1 6.994231 19.365607 188.721220 1.000000 1.000000 1.000000 0.983094
309 0.000000 0.000000 0.000000
311 1 94.956252 81.862916 144.006001 2.000000 2.000000 1.000000 1.127810
311 0.000000 0.000000 0.000000
314 1 66.517795 61.114142 21.186745 1.000000 1.000000 1.000000 0.983094
314 0.000000 0.000000 0.000000
315 1 38.722424 53.995587 59.080893 1.000000 1.000000 1.000000 0.983094
315 0.000000 0.000000 0.000000
317 1 70.900465 6.020681 20.025000 1.000000 1.000000 1.000000 0.983094
317 0.000000 0.000000 0.000000
318 1 20.091802 34.027713 112.391541 1.000000 1.000000 1.000000 0.983094
318 0.000000 0.000000 0.000000
319 1 96.493211 62.908590 147.347716 1.000000 1.000000 1.000000 0.983094
319 0.000000 0.000000 0.000000
320 1 38.943903 48.146094 94.553885 1.000000 1.000000 1.000000 0.983094
320 0.000000 0.000000 0.000000
321 1 91.688970 14.040999 134.998388 1.000000 1.000000 1.000000 0.983094
321 0.000000 0.000000 0.000000
323 1 79.644113 49.033901 130.959618 1.000000 1.000000 1.000000 0.983094
323 0.000000 0.000000 0.000000
325 1 60.187374 66.487357 122.886772 1.000000 1.000000 1.000000 0.983094
325 0.000000 0.000000 0.000000
326 1 87.199915 60.620198 54.038783 1.000000 1.000000 1.000000 0.983094
326 0.000000 0.000000 0.000000
328 1 40.483256 61.724155 154.477688 1.000000 1.000000 1.000000 0.983094
328 0.000000 0.000000 0.000000
329 1 17.921416 85.215275 121.759404 1.000000 1.000000 1.000000 0.983094
329 0.000000 0.000000 0.000000
330 1 27.748341 88.805002 61.671937 1.000000 1.000000 1.000000 0.983094
330 0.000000 0.000000 0.000000
331 1 70.810006 97.799093 60.161323 1.000000 1.000000 1.000000 0.983094
331 0.000000 0.000000 0.000000
332 1 13.607362 42.178779 156.384369 3.000000 3.000000 1.000000 1.197480
332 0.000000 0.000000 0.000000
333 1 71.199078 33.313178 188.678507 1.000000 1.000000 1.000000 0.983094
333 0.000000 0.000000 0.000000
335 1 30.201393 49.160655 66.684262 1.000000 1.000000 1.000000 0.983094
335 0.000000 0.000000 0.000000
336 1 62.153208 34.217822 60.472047 2.000000 2.000000 1.000000 1.127810
336 0.000000 0.000000 0.000000
337 1 26.935591 69.430685 128.326153 1.000000 1.000000 1.000000 0.983094
337 0.000000 0.000000 0.000000
338 1 64.758997 29.459128 159.333644 1.000000 1.000000 1.000000 0.983094
338 0.000000 0.000000 0.000000
340 1 86.569205 91.186781 195.971102 1.000000 1.000000 1.000000 0.983094
340 0.000000 0.000000 0.000000
341 1 40.827673 23.547621 5.635544 2.000000 2.000000 1.000000 1.127810
341 0.000000 0.000000 0.000000
342 1 55.541188 66.386041 37.401998 1.000000 1.000000 1.000000 0.983094
342 0.000000 0.000000 0.000000
343 1 3.070857 23.921687 123.356942 1.000000 1.000000 1.000000 0.983094
343 0.000000 0.000000 0.000000
344 1 78.112708 70.068939 24.594455 1.000000 1.000000 1.000000 0.983094
344 0.000000 0.000000 0.000000
348 1 76.496966 16.002975 79.029865 1.000000 1.000000 1.000000 0.983094
348 0.000000 0.000000 0.000000
349 1 77.042241 32.816696 139.191394 2.000000 2.000000 1.000000 1.127810
349 0.000000 0.000000 0.000000
350 1 47.838918 60.244253 67.468677 1.000000 1.000000 1.000000 0.983094
350 0.000000 0.000000 0.000000
351 1 45.306324 14.122127 168.626841 2.000000 2.000000 1.000000 1.127810
351 0.000000 0.000000 0.000000
352 1 40.145364 56.753471 146.159437 3.000000 3.000000 1.000000 1.197480
352 0.000000 0.000000 0.000000
353 1 56.053706 62.908658 162.691170 1.000000 1.000000 1.000000 0.983094
353 0.000000 0.000000 0.000000
355 1 52.545924 69.703099 130.531482 1.000000 1.000000 1.000000 0.983094
355 0.000000 0.000000 0.000000
356 1 38.790378 19.267722 111.324829 2.000000 2.000000 1.000000 1.127810
356 0.000000 0.000000 0.000000
357 1 56.052344 22.059157 22.387288 1.000000 1.000000 1.000000 0.983094
357 0.000000 0.000000 0.000000
358 1 67.857616 14.770460 110.471115 1.000000 1.000000 1.000000 0.983094
358 0.000000 0.000000 0.000000
359 1 42.390551 70.324530 153.717929 1.000000 1.000000 1.000000 0.983094
359 0.000000 0.000000 0.000000
360 1 92.627694 81.436892 174.580760 1.000000 1.000000 1.000000 0.983094
360 0.000000 0.000000 0.000000
361 1 30.954124 20.037941 107.948254 2.000000 2.000000 1.000000 1.127810
361 0.000000 0.000000 0.000000
362 1 34.095001 68.720124 148.829935 1.000000 1.000000 1.000000 0.983094
362 0.000000 0.000000 0.000000
363 1 7.770541 17.392715 36.790977 1.000000 1.000000 1.000000 0.983094
363 0.000000 0.000000 0.000000
364 1 39.245323 4.342156 91.524250 1.000000 1.000000 1.000000 0.983094
364 0.000000 0.000000 0.000000
367 1 42.498496 66.428931 69.454733 1.000000 1.000000 1.000000 0.983094
367 0.000000 0.000000 0.000000
368 1 45.675522 80.529273 124.163707 3.000000 3.000000 1.000000 1.197480
368 0.000000 0.000000 0.000000
369 1 17.613978 8.236653 172.998207 1.000000 1.000000 1.000000 0.983094
369 0.000000 0.000000 0.000000
370 1 43.133039 32.446543 103.515119 1.000000 1.000000 1.000000 0.983094
370 0.000000 0.000000 0.000000
371 1 31.878290 83.660235 162.940321 1.000000 1.000000 1.000000 0.983094
371 0.000000 0.000000 0.000000
372 1 88.198672 52.153025 170.643357 1.000000 1.000000 1.000000 0.983094
372 0.000000 0.000000 0.000000
373 1 79.645696 86.809070 128.518147 1.000000 1.000000 1.000000 0.983094
373 0.000000 0.000000 0.000000
375 1 92.492250 26.950830 155.882354 1.000000 1.000000 1.000000 0.983094
375 0.000000 0.000000 0.000000
376 1 8.593462 39.486084 164.976234 1.000000 1.000000 1.000000 0.983094
376 0.000000 0.000000 0.000000
377 1 1.448664 53.638381 121.967271 1.000000 1.000000 1.000000 0.983094
377 0.000000 0.000000 0.000000
378 1 99.752827 75.618617 68.391259 4.000000 4.000000 1.000000 1.237850
378 0.000000 0.000000 0.000000
380 1 96.796440 89.528757 22.552804 1.000000 1.000000 1.000000 0.983094
380 0.000000 0.000000 0.000000
382 1 57.361882 8.332374 160.247381 1.000000 1.000000 1.000000 0.983094
382 0.000000 0.000000 0.000000
384 1 52.104727 81.843940 99.721275 1.000000 1.000000 1.000000 0.983094
384 0.000000 0.000000 0.000000
385 1 18.444827 16.695462 155.299463 2.000000 2.000000 1.000000 1.127810
385 0.000000 0.000000 0.000000
387 1 61.512575 13.825105 10.202303 1.000000 1.000000 1.000000 0.983094
387 0.000000 0.000000 0.000000
388 1 62.001602 13.050197 157.076624 1.000000 1.000000 1.000000 0.983094
388 0.000000 0.000000 0.000000
391 1 21.552610 19.704668 60.786540 4.000000 4.000000 1.000000 1.237850
391 0.000000 0.000000 0.000000
394 1 49.367006 63.926403 181.776732 4.000000 4.000000 1.000000 1.237850
394 0.000000 0.000000 0.000000
396 1 44.455714 42.962218 20.541777 1.000000 1.000000 1.000000 0.983094
396 0.000000 0.000000 0.000000
397 1 69.883881 56.469701 36.217637 1.000000 1.000000 1.000000 0.983094
397 0.000000 0.000000 0.000000
398 1 75.803950 97.571925 57.602006 1.000000 1.000000 1.000000 0.983094
398 0.000000 0.000000 0.000000
399 1 32.694163 79.312344 66.345440 1.000000 1.000000 1.000000 0.983094
399 0.000000 0.000000 0.000000
400 1 0.196265 8.085378 8.004690 1.000000 1.000000 1.000000 0.983094
400 0.000000 0.000000 0.000000
401 1 76.446094 98.830121 13.048656 1.000000 1.000000 1.000000 0.983094
401 0.000000 0.000000 0.000000
402 1 78.272749 46.586768 4.266758 1.000000 1.000000 1.000000 0.983094
402 0.000000 0.000000 0.000000
403 1 22.573190 69.205057 136.967816 1.000000 1.000000 1.000000 0.983094
403 0.000000 0.000000 0.000000
404 1 40.528783 37.825500 78.452106 1.000000 1.000000 1.000000 0.983094
404 0.000000 0.000000 0.000000
405 1 90.209571 42.443890 15.056371 1.000000 1.000000 1.000000 0.983094
405 0.000000 0.000000 0.000000
406 1 47.055095 98.154547 122.939335 1.000000 1.000000 1.000000 0.983094
406 0.000000 0.000000 0.000000
407 1 79.265381 13.238113 170.932443 1.000000 1.000000 1.000000 0.983094
407 0.000000 0.000000 0.000000
408 1 82.114441 29.196148 77.513740 1.000000 1.000000 1.000000 0.983094
408 0.000000 0.000000 0.000000
409 1 21.765138 18.635262 127.952052 1.000000 1.000000 1.000000 0.983094
409 0.000000 0.000000 0.000000
410 1 88.739945 23.035205 113.737054 1.000000 1.000000 1.000000 0.983094
410 0.000000 0.000000 0.000000
411 1 66.471791 42.812712 44.614357 1.000000 1.000000 1.000000 0.983094
411 0.000000 0.000000 0.000000
412 1 67.109466 85.678915 145.889235 1.000000 1.000000 1.000000 0.983094
412 0.000000 0.000000 0.000000
414 1 92.124926 59.495380 71.926767 1.000000 1.000000 1.000000 0.983094
414 0.000000 0.000000 0.000000
415 1 15.173629 80.534619 61.814657 1.000000 1.000000 1.000000 0.983094
415 0.000000 0.000000 0.000000
416 1 68.141013 82.599142 196.628779 3.000000 3.000000 1.000000 1.197480
416 0.000000 0.000000 0.000000
418 1 10.289998 74.525169 48.711895 2.000000 2.000000 1.000000 1.127810
418 0.000000 0.000000 0.000000
420 1 6.087377 6.008219 73.018484 1.000000 1.000000 1.000000 0.983094
420 0.000000 0.000000 0.000000
421 1 46.340287 83.580199 195.743096 1.000000 1.000000 1.000000 0.983094
421 0.000000 0.000000 0.000000
424 1 60.342192 47.145554 165.492408 1.000000 1.000000 1.000000 0.983094
424 0.000000 0.000000 0.000000
426 1 18.755094 41.983106 17.012780 2.000000 2.000000 1.000000 1.127810
426 0.000000 0.000000 0.000000
427 1 96.384427 93.826344 164.196985 1.000000 1.000000 1.000000 0.983094
427 0.000000 0.000000 0.000000
428 1 4.544851 50.456103 79.979194 1.000000 1.000000 1.000000 0.983094
428 0.000000 0.000000 0.000000
429 1 40.318629 77.101316 158.623229 3.000000 3.000000 1.000000 1.197480
429 0.000000 0.000000 0.000000
430 1 37.412452 64.551655 17.777122 3.000000 3.000000 1.000000 1.197480
430 0.000000 0.000000 0.000000
431 1 87.178209 23.738546 85.348831 1.000000 1.000000 1.000000 0.983094
431 0.000000 0.000000 0.000000
433 1 33.406252 71.409938 173.538164 2.000000 2.000000 1.000000 1.127810
433 0.000000 0.000000 0.000000
434 1 6.898645 27.911780 82.191500 1.000000 1.000000 1.000000 0.983094
434 0.000000 0.000000 0.000000
436 1 85.117334 45.319953 39.987009 1.000000 1.000000 1.000000 0.983094
436 0.000000 0.000000 0.000000
439 1 48.670770 16.014165 79.776274 1.000000 1.000000 1.000000 0.983094
439 0.000000 0.000000 0.000000
441 1 86.077507 63.139773 146.538126 1.000000 1.000000 1.000000 0.983094
441 0.000000 0.000000 0.000000
442 1 95.827415 79.424566 109.542462 1.000000 1.000000 1.000000 0.983094
442 0.000000 0.000000 0.000000
446 1 32.339695 38.524830 52.769953 1.000000 1.000000 1.000000 0.983094
446 0.000000 0.000000 0.000000
447 1 98.118415 48.425132 130.575384 2.000000 2.000000 1.000000 1.127810
447 0.000000 0.000000 0.000000
448 1 56.546964 89.057045 113.889376 1.000000 1.000000 1.000000 0.983094
448 0.000000 0.000000 0.000000
449 1 14.977409 26.597961 83.159134 1.000000 1.000000 1.000000 0.983094
449 0.000000 0.000000 0.000000
450 1 45.224612 59.127963 171.945594 1.000000 1.000000 1.000000 0.983094
450 0.000000 0.000000 0.000000
451 1 63.158718 96.446405 190.050313 1.000000 1.000000 1.000000 0.983094
451 0.000000 0.000000 0.000000
452 1 71.329403 7.475994 50.671146 4.000000 4.000000 1.000000 1.237850
452 0.000000 0.000000 0.000000
453 1 66.491171 0.045217 188.086472 2.000000 2.000000 1.000000 1.127810
453 0.000000 0.000000 0.000000
456 1 4.332719 5.903499 111.096985 1.000000 1.000000 1.000000 0.983094
456 0.000000 0.000000 0.000000
457 1 74.457254 9.173167 174.173279 2.000000 2.000000 1.000000 1.127810
457 0.000000 0.000000 0.000000
459 1 61.034568 37.422609 102.862330 1.000000 1.000000 1.000000 0.983094
459 0.000000 0.000000 0.000000
461 1 1.369826 94.843616 5.498131 1.000000 1.000000 1.000000 0.983094
461 0.000000 0.000000 0.000000
462 1 11.554718 63.953921 157.813582 3.000000 3.000000 1.000000 1.197480
462 0.000000 0.000000 0.000000
464 1 60.610108 63.300620 55.978841 1.000000 1.000000 1.000000 0.983094
464 0.000000 0.000000 0.000000
465 1 94.893253 16.127346 49.301693 1.000000 1.000000 1.000000 0.983094
465 0.000000 0.000000 0.000000
466 1 51.986399 52.943758 192.194550 3.000000 3.000000 1.000000 1.197480
466 0.000000 0.000000 0.000000
467 1 64.969640 82.723611 162.156201 1.000000 1.000000 1.000000 0.983094
467 0.000000 0.000000 0.000000
469 1 15.863932 94.076922 193.513933 3.000000 3.000000 1.000000 1.197480
469 0.000000 0.000000 0.000000
470 1 1.323885 40.649104 124.276492 1.000000 1.000000 1.000000 0.983094
470 0.000000 0.000000 0.000000
471 1 80.868458 80.821803 122.755514 2.000000 2.000000 1.000000 1.127810
471 0.000000 0.000000 0.000000
473 1 20.432655 41.491218 26.284017 1.000000 1.000000 1.000000 0.983094
473 0.000000 0.000000 0.000000
474 1 26.402978 1.841712 172.762177 2.000000 2.000000 1.000000 1.127810
474 0.000000 0.000000 0.000000
475 1 12.413261 87.084765 68.480645 1.000000 1.000000 1.000000 0.983094
475 0.000000 0.000000 0.000000
478 1 16.010439 74.586434 124.047711 1.000000 1.000000 1.000000 0.983094
478 0.000000 0.000000 0.000000
481 1 12.078242 5.899529 184.911153 1.000000 1.000000 1.000000 0.983094
481 0.000000 0.000000 0.000000
482 1 51.928002 76.415557 63.784870 2.000000 2.000000 1.000000 1.127810
482 0.000000 0.000000 0.000000
483 1 88.983877 68.172975 16.107075 1.000000 1.000000 1.000000 0.983094
483 0.000000 0.000000 0.000000
486 1 41.903150 37.756268 106.266734 1.000000 1.000000 1.000000 0.983094
486 0.000000 0.000000 0.000000
488 1 4.840704 63.798259 84.515085 1.000000 1.000000 1.000000 0.983094
488 0.000000 0.000000 0.000000
489 1 98.676674 34.651554 46.506070 3.000000 3.000000 1.000000 1.197480
489 0.000000 0.000000 0.000000
491 1 69.390720 93.258075 68.386323 1.000000 1.000000 1.000000 0.983094
491 0.000000 0.000000 0.000000
492 1 79.462051 7.575003 20.768579 1.000000 1.000000 1.000000 0.983094
492 0.000000 0.000000 0.000000
493 1 82.973163 66.034452 58.822049 1.000000 1.000000 1.000000 0.983094
493 0.000000 0.000000 0.000000
495 1 48.810540 8.880244 12.834750 1.000000 1.000000 1.000000 0.983094
495 0.000000 0.000000 0.000000
496 1 72.478880 37.759857 149.088878 1.000000 1.000000 1.000000 0.983094
496 0.000000 0.000000 0.000000
498 1 83.119797 72.894405 176.640008 1.000000 1.000000 1.000000 0.983094
498 0.000000 0.000000 0.000000
499 1 12.017306 52.412072 106.622601 5.000000 5.000000 1.000000 1.263720
499 0.000000 0.000000 0.000000
