RESTART FILE
Timestep: 700

NUMBER OF PARTICLES
394

SIMULATION BOX
100 100 200

TIMESTEP
0.1

ATTRACTION RADIUS
25
0.983094 1.12781 1.19748 1.23785 1.26372 1.28133 1.2939 1.30312 1.31014 1.31562 1.32005 1.32351 1.32648 1.32881 1.33082 1.33244 1.33389 1.33515 1.3363 1.33723 1.33803 1.33868 1.33937 1.33991 1.34042 

AGGREGATES/BEADS
0 1 93.515933 85.368494 56.940177 1.000000 1.000000 1.000000 0.983094
0 0.000000 0.000000 0.000000
1 1 85.039692 3.939758 149.762574 2.000000 2.000000 1.000000 1.127810
1 0.000000 0.000000 0.000000
3 1 95.426782 61.653531 118.003022 1.000000 1.000000 1.000000 0.983094
3 0.000000 0.000000 0.000000
4 1 31.920765 88.792865 122.573328 2.000000 2.000000 1.000000 1.127810
4 0.000000 0.000000 0.000000
5 1 50.388905 63.010285 0.930352 1.000000 1.000000 1.000000 0.983094
5 0.000000 0.000000 0.000000
6 1 85.214345 5.101162 6.952394 1.000000 1.000000 1.000000 0.983094
6 0.000000 0.000000 0.000000
7 1 61.122370 14.754289 144.823522 1.000000 1.000000 1.000000 0.983094
7 0.000000 0.000000 0.000000
8 1 43.784969 95.297465 105.084973 1.000000 1.000000 1.000000 0.983094
8 0.000000 0.000000 0.000000
9 1 41.218089 39.217563 59.554254 1.000000 1.000000 1.000000 0.983094
9 0.000000 0.000000 0.000000
10 1 82.719048 98.440751 24.690364 1.000000 1.000000 1.000000 0.983094
10 0.000000 0.000000 0.000000
11 1 45.108263 58.563284 27.782266 1.000000 1.000000 1.000000 0.983094
11 0.000000 0.000000 0.000000
13 1 36.006408 66.595985 15.465898 1.000000 1.000000 1.000000 0.983094
13 0.000000 0.000000 0.000000
14 1 28.813771 17.148199 17.076244 4.000000 4.000000 1.000000 1.237850
14 0.000000 0.000000 0.000000
15 1 60.184294 77.090075 3.464111 1.000000 1.000000 1.000000 0.983094
15 0.000000 0.000000 0.000000
16 1 65.247636 83.177802 29.425173 2.000000 2.000000 1.000000 1.127810
16 0.000000 0.000000 0.000000
18 1 73.247352 77.348727 161.050437 1.000000 1.000000 1.000000 0.983094
18 0.000000 0.000000 0.000000
19 1 53.416668 45.457004 181.690545 3.000000 3.000000 1.000000 1.197480
19 0.000000 0.000000 0.000000
20 1 87.445075 16.526559 119.534345 1.000000 1.000000 1.000000 0.983094
20 0.000000 0.000000 0.000000
22 1 81.157604 47.594959 134.125170 2.000000 2.000000 1.000000 1.127810
22 0.000000 0.000000 0.000000
23 1 76.185599 43.542573 107.964326 1.000000 1.000000 1.000000 0.983094
23 0.000000 0.000000 0.000000
24 1 12.705545 64.661526 91.768844 1.000000 1.000000 1.000000 0.983094
24 0.000000 0.000000 0.000000
25 1 85.999495 87.485377 66.784135 4.000000 4.000000 1.000000 1.237850
25 0.000000 0.000000 0.000000
26 1 97.302062 44.578701 62.044919 1.000000 1.000000 1.000000 0.983094
26 0.000000 0.000000 0.000000
29 1 38.023954 32.985862 20.530440 2.000000 2.000000 1.000000 1.127810
29 0.000000 0.000000 0.000000
30 1 13.583634 41.704861 0.121982 1.000000 1.000000 1.000000 0.983094
30 0.000000 0.000000 0.000000
31 1 81.512008 38.792738 30.658291 1.000000 1.000000 1.000000 0.983094
31 0.000000 0.000000 0.000000
32 1 5.749458 62.715555 154.022103 2.000000 2.000000 1.000000 1.127810
32 0.000000 0.000000 0.000000
33 1 55.376637 63.809292 32.749567 2.000000 2.000000 1.000000 1.127810
33 0.000000 0.000000 0.000000
36 1 0.979820 94.266485 49.046419 1.000000 1.000000 1.000000 0.983094
36 0.000000 0.000000 0.000000
37 1 86.212726 22.534081 153.321481 1.000000 1.000000 1.000000 0.983094
37 0.000000 0.000000 0.000000
38 1 80.077405 55.664170 83.851418 1.000000 1.000000 1.000000 0.983094
38 0.000000 0.000000 0.000000
39 1 46.688028 96.829303 34.950396 1.000000 1.000000 1.000000 0.983094
39 0.000000 0.000000 0.000000
40 1 97.024387 85.379949 73.800939 2.000000 2.000000 1.000000 1.127810
40 0.000000 0.000000 0.000000
41 1 81.277305 29.080906 84.894200 1.000000 1.000000 1.000000 0.983094
41 0.000000 0.000000 0.000000
44 1 60.479604 74.156019 104.906339 1.000000 1.000000 1.000000 0.983094
44 0.000000 0.000000 0.000000
45 1 45.485992 25.289006 84.993005 1.000000 1.000000 1.000000 0.983094
45 0.000000 0.000000 0.000000
46 1 47.946704 15.177604 56.760222 1.000000 1.000000 1.000000 0.983094
46 0.000000 0.000000 0.000000
47 1 37.671849 62.257634 25.470175 2.000000 2.000000 1.000000 1.127810
47 0.000000 0.000000 0.000000
48 1 62.215390 38.038789 18.973087 2.000000 2.000000 1.000000 1.127810
48 0.000000 0.000000 0.000000
49 1 94.940464 37.700057 27.325173 1.000000 1.000000 1.000000 0.983094
49 0.000000 0.000000 0.000000
50 1 90.039034 67.984805 15.438213 1.000000 1.000000 1.000000 0.983094
50 0.000000 0.000000 0.000000
51 1 16.732870 41.425630 140.391806 1.000000 1.000000 1.000000 0.983094
51 0.000000 0.000000 0.000000
52 1 82.981297 5.225819 165.760787 1.000000 1.000000 1.000000 0.983094
52 0.000000 0.000000 0.000000
53 1 64.662540 91.255000 55.569350 1.000000 1.000000 1.000000 0.983094
53 0.000000 0.000000 0.000000
54 1 21.013798 34.064214 43.468608 1.000000 1.000000 1.000000 0.983094
54 0.000000 0.000000 0.000000
55 1 40.806077 82.331127 118.337820 1.000000 1.000000 1.000000 0.983094
55 0.000000 0.000000 0.000000
56 1 18.511132 70.978352 4.332005 1.000000 1.000000 1.000000 0.983094
56 0.000000 0.000000 0.000000
57 1 85.921277 98.375862 164.161758 1.000000 1.000000 1.000000 0.983094
57 0.000000 0.000000 0.000000
58 1 48.636117 61.162650 37.706514 2.000000 2.000000 1.000000 1.127810
58 0.000000 0.000000 0.000000
60 1 2.705070 34.959618 39.795685 3.000000 3.000000 1.000000 1.197480
60 0.000000 0.000000 0.000000
61 1 75.512893 10.861196 189.299572 1.000000 1.000000 1.000000 0.983094
61 0.000000 0.000000 0.000000
62 1 60.475757 23.707598 105.209699 2.000000 2.000000 1.000000 1.127810
62 0.000000 0.000000 0.000000
63 1 14.305479 99.788537 45.572487 1.000000 1.000000 1.000000 0.983094
63 0.000000 0.000000 0.000000
64 1 40.569765 78.900003 81.668792 2.000000 2.000000 1.000000 1.127810
64 0.000000 0.000000 0.000000
66 1 2.459484 59.659777 12.295584 1.000000 1.000000 1.000000 0.983094
66 0.000000 0.000000 0.000000
67 1 76.807610 15.729254 4.924694 1.000000 1.000000 1.000000 0.983094
67 0.000000 0.000000 0.000000
68 1 34.014804 30.665807 158.389836 2.000000 2.000000 1.000000 1.127810
68 0.000000 0.000000 0.000000
69 1 80.930990 68.957213 2.411151 1.000000 1.000000 1.000000 0.983094
69 0.000000 0.000000 0.000000
70 1 44.203624 58.017386 111.974444 1.000000 1.000000 1.000000 0.983094
70 0.000000 0.000000 0.000000
72 1 91.974018 85.352558 71.625607 2.000000 2.000000 1.000000 1.127810
72 0.000000 0.000000 0.000000
74 1 53.367477 15.928394 83.133343 1.000000 1.000000 1.000000 0.983094
74 0.000000 0.000000 0.000000
75 1 97.015917 13.090161 101.559611 1.000000 1.000000 1.000000 0.983094
75 0.000000 0.000000 0.000000
76 1 78.377918 51.500534 5.747078 1.000000 1.000000 1.000000 0.983094
76 0.000000 0.000000 0.000000
77 1 84.674471 58.653696 63.299610 1.000000 1.000000 1.000000 0.983094
77 0.000000 0.000000 0.000000
79 1 13.546849 7.222442 187.659531 1.000000 1.000000 1.000000 0.983094
79 0.000000 0.000000 0.000000
81 1 85.794120 13.429668 22.828119 1.000000 1.000000 1.000000 0.983094
81 0.000000 0.000000 0.000000
83 1 32.790450 79.364706 166.642526 1.000000 1.000000 1.000000 0.983094
83 0.000000 0.000000 0.000000
84 1 77.375104 99.003192 185.678548 1.000000 1.000000 1.000000 0.983094
84 0.000000 0.000000 0.000000
85 1 45.862476 3.287337 88.730429 1.000000 1.000000 1.000000 0.983094
85 0.000000 0.000000 0.000000
86 1 90.343771 3.327450 51.004646 1.000000 1.000000 1.000000 0.983094
86 0.000000 0.000000 0.000000
87 1 75.060500 42.577840 91.216613 1.000000 1.000000 1.000000 0.983094
87 0.000000 0.000000 0.000000
88 1 8.810577 80.030900 163.904154 1.000000 1.000000 1.000000 0.983094
88 0.000000 0.000000 0.000000
89 1 38.878636 35.127500 131.517607 1.000000 1.000000 1.000000 0.983094
89 0.000000 0.000000 0.000000
90 1 99.811104 70.262822 43.903587 2.000000 2.000000 1.000000 1.127810
90 0.000000 0.000000 0.000000
91 1 89.493552 90.088676 17.270159 1.000000 1.000000 1.000000 0.983094
91 0.000000 0.000000 0.000000
92 1 89.287341 49.797320 93.880826 1.000000 1.000000 1.000000 0.983094
92 0.000000 0.000000 0.000000
93 1 43.744597 84.359203 167.728997 1.000000 1.000000 1.000000 0.983094
93 0.000000 0.000000 0.000000
94 1 89.662074 77.621343 129.603441 1.000000 1.000000 1.000000 0.983094
94 0.000000 0.000000 0.000000
95 1 58.407682 4.108390 72.145944 1.000000 1.000000 1.000000 0.983094
95 0.000000 0.000000 0.000000
97 1 45.380824 94.556000 30.558788 2.000000 2.000000 1.000000 1.127810
97 0.000000 0.000000 0.000000
98 1 53.192074 44.008856 42.949265 1.000000 1.000000 1.000000 0.983094
98 0.000000 0.000000 0.000000
99 1 48.435858 73.996688 63.099834 1.000000 1.000000 1.000000 0.983094
99 0.000000 0.000000 0.000000
100 1 95.713510 24.242693 4.837520 1.000000 1.000000 1.000000 0.983094
100 0.000000 0.000000 0.000000
101 1 58.175949 5.248820 127.899436 1.000000 1.000000 1.000000 0.983094
101 0.000000 0.000000 0.000000
102 1 35.520464 65.030268 103.841197 2.000000 2.000000 1.000000 1.127810
102 0.000000 0.000000 0.000000
103 1 61.107197 51.274039 139.389389 1.000000 1.000000 1.000000 0.983094
103 0.000000 0.000000 0.000000
104 1 54.403844 7.952726 65.443139 3.000000 3.000000 1.000000 1.197480
104 0.000000 0.000000 0.000000
105 1 78.825337 50.429842 185.935556 1.000000 1.000000 1.000000 0.983094
105 0.000000 0.000000 0.000000
106 1 83.073359 3.546555 162.969088 1.000000 1.000000 1.000000 0.983094
106 0.000000 0.000000 0.000000
108 1 34.219062 34.596057 184.030257 1.000000 1.000000 1.000000 0.983094
108 0.000000 0.000000 0.000000
109 1 3.906735 38.199709 148.712852 1.000000 1.000000 1.000000 0.983094
109 0.000000 0.000000 0.000000
110 1 50.056714 55.362776 150.953738 1.000000 1.000000 1.000000 0.983094
110 0.000000 0.000000 0.000000
111 1 88.506365 13.363738 73.083779 1.000000 1.000000 1.000000 0.983094
111 0.000000 0.000000 0.000000
112 1 36.319760 24.958531 44.257751 2.000000 2.000000 1.000000 1.127810
112 0.000000 0.000000 0.000000
113 1 44.307396 69.031756 130.377912 2.000000 2.000000 1.000000 1.127810
113 0.000000 0.000000 0.000000
115 1 76.916703 36.659627 132.915190 1.000000 1.000000 1.000000 0.983094
115 0.000000 0.000000 0.000000
117 1 35.265263 58.335711 176.291989 1.000000 1.000000 1.000000 0.983094
117 0.000000 0.000000 0.000000
118 1 39.632030 13.835949 77.980064 1.000000 1.000000 1.000000 0.983094
118 0.000000 0.000000 0.000000
120 1 96.446706 53.120266 38.138074 4.000000 4.000000 1.000000 1.237850
120 0.000000 0.000000 0.000000
121 1 65.798140 33.625594 64.745517 1.000000 1.000000 1.000000 0.983094
121 0.000000 0.000000 0.000000
122 1 59.789486 29.495755 177.847118 2.000000 2.000000 1.000000 1.127810
122 0.000000 0.000000 0.000000
123 1 84.226171 3.519555 11.118926 1.000000 1.000000 1.000000 0.983094
123 0.000000 0.000000 0.000000
125 1 87.869405 46.958947 77.063272 1.000000 1.000000 1.000000 0.983094
125 0.000000 0.000000 0.000000
126 1 22.622581 75.419637 85.048780 1.000000 1.000000 1.000000 0.983094
126 0.000000 0.000000 0.000000
128 1 47.921971 15.706966 155.185299 1.000000 1.000000 1.000000 0.983094
128 0.000000 0.000000 0.000000
129 1 64.534888 41.181119 161.421498 1.000000 1.000000 1.000000 0.983094
129 0.000000 0.000000 0.000000
130 1 6.387094 31.366547 121.667841 1.000000 1.000000 1.000000 0.983094
130 0.000000 0.000000 0.000000
131 1 63.415923 87.735646 96.066998 1.000000 1.000000 1.000000 0.983094
131 0.000000 0.000000 0.000000
132 1 56.161670 55.333561 24.692288 3.000000 3.000000 1.000000 1.197480
132 0.000000 0.000000 0.000000
133 1 49.207330 86.429303 81.088045 1.000000 1.000000 1.000000 0.983094
133 0.000000 0.000000 0.000000
134 1 61.475914 36.773012 61.410795 1.000000 1.000000 1.000000 0.983094
134 0.000000 0.000000 0.000000
136 1 13.889371 32.938616 76.498213 1.000000 1.000000 1.000000 0.983094
136 0.000000 0.000000 0.000000
137 1 19.540557 68.272057 158.876399 1.000000 1.000000 1.000000 0.983094
137 0.000000 0.000000 0.000000
139 1 16.272313 42.099329 195.052965 1.000000 1.000000 1.000000 0.983094
139 0.000000 0.000000 0.000000
140 1 78.269337 71.330412 136.452602 1.000000 1.000000 1.000000 0.983094
140 0.000000 0.000000 0.000000
141 1 38.857532 67.486011 93.209203 1.000000 1.000000 1.000000 0.983094
141 0.000000 0.000000 0.000000
142 1 83.494930 8.797254 75.015875 1.000000 1.000000 1.000000 0.983094
142 0.000000 0.000000 0.000000
143 1 72.839670 50.101765 167.908625 1.000000 1.000000 1.000000 0.983094
143 0.000000 0.000000 0.000000
144 1 0.817368 54.517973 187.963909 1.000000 1.000000 1.000000 0.983094
144 0.000000 0.000000 0.000000
145 1 84.882987 76.656658 187.731030 1.000000 1.000000 1.000000 0.983094
145 0.000000 0.000000 0.000000
147 1 75.136573 53.576163 121.699667 2.000000 2.000000 1.000000 1.127810
147 0.000000 0.000000 0.000000
148 1 24.389481 5.041188 147.977352 1.000000 1.000000 1.000000 0.983094
148 0.000000 0.000000 0.000000
149 1 34.655204 25.839621 103.487782 1.000000 1.000000 1.000000 0.983094
149 0.000000 0.000000 0.000000
150 1 76.505289 29.605538 35.428303 1.000000 1.000000 1.000000 0.983094
150 0.000000 0.000000 0.000000
151 1 36.298234 35.412022 163.806478 1.000000 1.000000 1.000000 0.983094
151 0.000000 0.000000 0.000000
152 1 35.611284 54.702971 137.298428 1.000000 1.000000 1.000000 0.983094
152 0.000000 0.000000 0.000000
154 1 8.888575 76.427462 125.046704 1.000000 1.000000 1.000000 0.983094
154 0.000000 0.000000 0.000000
156 1 1.230820 94.824864 55.920501 1.000000 1.000000 1.000000 0.983094
156 0.000000 0.000000 0.000000
157 1 36.606649 55.024444 140.924947 1.000000 1.000000 1.000000 0.983094
157 0.000000 0.000000 0.000000
158 1 30.639081 17.597698 195.330023 1.000000 1.000000 1.000000 0.983094
158 0.000000 0.000000 0.000000
159 1 42.400138 13.581680 182.730769 1.000000 1.000000 1.000000 0.983094
159 0.000000 0.000000 0.000000
161 1 6.655695 60.674469 106.020416 1.000000 1.000000 1.000000 0.983094
161 0.000000 0.000000 0.000000
163 1 27.463017 83.059307 34.334776 2.000000 2.000000 1.000000 1.127810
163 0.000000 0.000000 0.000000
165 1 97.480088 15.914068 151.433180 2.000000 2.000000 1.000000 1.127810
165 0.000000 0.000000 0.000000
166 1 78.049229 87.142956 88.857610 1.000000 1.000000 1.000000 0.983094
166 0.000000 0.000000 0.000000
168 1 0.062181 5.208120 159.972309 2.000000 2.000000 1.000000 1.127810
168 0.000000 0.000000 0.000000
169 1 47.789500 9.008339 43.114937 2.000000 2.000000 1.000000 1.127810
169 0.000000 0.000000 0.000000
170 1 28.345489 58.314489 190.635932 1.000000 1.000000 1.000000 0.983094
170 0.000000 0.000000 0.000000
171 1 68.539172 93.078982 118.574502 1.000000 1.000000 1.000000 0.983094
171 0.000000 0.000000 0.000000
173 1 49.296231 68.231381 76.954293 1.000000 1.000000 1.000000 0.983094
173 0.000000 0.000000 0.000000
175 1 49.523058 14.552753 109.307805 1.000000 1.000000 1.000000 0.983094
175 0.000000 0.000000 0.000000
176 1 35.580875 1.417984 80.281788 1.000000 1.000000 1.000000 0.983094
176 0.000000 0.000000 0.000000
177 1 46.333314 30.066334 101.308452 1.000000 1.000000 1.000000 0.983094
177 0.000000 0.000000 0.000000
178 1 37.180782 36.132316 17.037913 1.000000 1.000000 1.000000 0.983094
178 0.000000 0.000000 0.000000
179 1 38.221000 75.484921 77.100665 3.000000 3.000000 1.000000 1.197480
179 0.000000 0.000000 0.000000
181 1 23.418989 15.321123 184.230508 1.000000 1.000000 1.000000 0.983094
181 0.000000 0.000000 0.000000
183 1 5.005871 7.640953 120.084970 1.000000 1.000000 1.000000 0.983094
183 0.000000 0.000000 0.000000
184 1 72.541818 99.029890 64.125987 1.000000 1.000000 1.000000 0.983094
184 0.000000 0.000000 0.000000
186 1 84.196522 8.393512 19.685238 1.000000 1.000000 1.000000 0.983094
186 0.000000 0.000000 0.000000
187 1 33.744706 65.606564 48.450925 1.000000 1.000000 1.000000 0.983094
187 0.000000 0.000000 0.000000
188 1 74.855972 7.293674 33.938155 2.000000 2.000000 1.000000 1.127810
188 0.000000 0.000000 0.000000
189 1 65.339365 87.726550 93.629572 1.000000 1.000000 1.000000 0.983094
189 0.000000 0.000000 0.000000
191 1 60.156878 58.909836 94.983375 1.000000 1.000000 1.000000 0.983094
191 0.000000 0.000000 0.000000
192 1 58.171855 71.225335 20.802069 1.000000 1.000000 1.000000 0.983094
192 0.000000 0.000000 0.000000
193 1 24.444330 57.130393 199.424045 1.000000 1.000000 1.000000 0.983094
193 0.000000 0.000000 0.000000
194 1 7.513354 51.314042 184.759523 1.000000 1.000000 1.000000 0.983094
194 0.000000 0.000000 0.000000
195 1 8.170491 34.713703 162.973966 1.000000 1.000000 1.000000 0.983094
195 0.000000 0.000000 0.000000
196 1 60.385987 42.378417 120.354619 1.000000 1.000000 1.000000 0.983094
196 0.000000 0.000000 0.000000
197 1 72.466281 2.202307 98.842000 1.000000 1.000000 1.000000 0.983094
197 0.000000 0.000000 0.000000
198 1 90.524140 85.852423 7.295918 4.000000 4.000000 1.000000 1.237850
198 0.000000 0.000000 0.000000
199 1 30.605844 95.276447 168.326274 1.000000 1.000000 1.000000 0.983094
199 0.000000 0.000000 0.000000
200 1 48.393121 31.565703 148.308345 1.000000 1.000000 1.000000 0.983094
200 0.000000 0.000000 0.000000
201 1 44.642939 28.962067 106.288206 1.000000 1.000000 1.000000 0.983094
201 0.000000 0.000000 0.000000
203 1 47.086345 79.698936 21.138835 1.000000 1.000000 1.000000 0.983094
203 0.000000 0.000000 0.000000
204 1 31.859269 27.956705 128.533765 1.000000 1.000000 1.000000 0.983094
204 0.000000 0.000000 0.000000
205 1 54.000243 89.624368 30.515914 1.000000 1.000000 1.000000 0.983094
205 0.000000 0.000000 0.000000
207 1 41.860353 81.224917 134.144490 1.000000 1.000000 1.000000 0.983094
207 0.000000 0.000000 0.000000
208 1 14.978135 91.180604 89.232625 1.000000 1.000000 1.000000 0.983094
208 0.000000 0.000000 0.000000
209 1 61.128988 88.877624 111.876973 1.000000 1.000000 1.000000 0.983094
209 0.000000 0.000000 0.000000
212 1 2.711021 19.323938 110.486789 1.000000 1.000000 1.000000 0.983094
212 0.000000 0.000000 0.000000
214 1 36.720308 34.405455 37.334287 1.000000 1.000000 1.000000 0.983094
214 0.000000 0.000000 0.000000
215 1 19.724364 26.910154 52.202143 2.000000 2.000000 1.000000 1.127810
215 0.000000 0.000000 0.000000
216 1 2.976864 49.973443 130.378306 1.000000 1.000000 1.000000 0.983094
216 0.000000 0.000000 0.000000
217 1 31.727796 22.707032 170.979821 1.000000 1.000000 1.000000 0.983094
217 0.000000 0.000000 0.000000
218 1 25.628064 51.070196 109.769063 1.000000 1.000000 1.000000 0.983094
218 0.000000 0.000000 0.000000
219 1 82.192983 63.922049 47.610665 1.000000 1.000000 1.000000 0.983094
219 0.000000 0.000000 0.000000
220 1 79.903170 61.287534 93.076956 1.000000 1.000000 1.000000 0.983094
220 0.000000 0.000000 0.000000
221 1 26.509346 25.835539 166.419020 1.000000 1.000000 1.000000 0.983094
221 0.000000 0.000000 0.000000
222 1 40.842662 35.614833 96.634498 1.000000 1.000000 1.000000 0.983094
222 0.000000 0.000000 0.000000
223 1 85.951711 42.970251 124.872560 1.000000 1.000000 1.000000 0.983094
223 0.000000 0.000000 0.000000
224 1 40.479350 98.303806 194.801310 1.000000 1.000000 1.000000 0.983094
224 0.000000 0.000000 0.000000
225 1 36.519373 29.808365 106.724275 1.000000 1.000000 1.000000 0.983094
225 0.000000 0.000000 0.000000
226 1 6.967367 83.426371 67.221854 1.000000 1.000000 1.000000 0.983094
226 0.000000 0.000000 0.000000
227 1 32.751050 32.519261 172.740149 1.000000 1.000000 1.000000 0.983094
227 0.000000 0.000000 0.000000
228 1 55.387372 55.129036 46.373960 1.000000 1.000000 1.000000 0.983094
228 0.000000 0.000000 0.000000
229 1 15.281384 97.460652 20.505106 1.000000 1.000000 1.000000 0.983094
229 0.000000 0.000000 0.000000
230 1 43.031299 36.398342 193.755576 1.000000 1.000000 1.000000 0.983094
230 0.000000 0.000000 0.000000
231 1 0.684044 29.727106 3.082855 1.000000 1.000000 1.000000 0.983094
231 0.000000 0.000000 0.000000
232 1 20.042274 57.821473 61.702154 1.000000 1.000000 1.000000 0.983094
232 0.000000 0.000000 0.000000
233 1 13.692893 86.601369 24.958027 1.000000 1.000000 1.000000 0.983094
233 0.000000 0.000000 0.000000
237 1 19.359758 87.106988 61.842290 1.000000 1.000000 1.000000 0.983094
237 0.000000 0.000000 0.000000
238 1 19.895814 28.699624 126.642666 1.000000 1.000000 1.000000 0.983094
238 0.000000 0.000000 0.000000
239 1 16.896111 55.750325 163.459479 1.000000 1.000000 1.000000 0.983094
239 0.000000 0.000000 0.000000
240 1 35.284286 40.507730 60.788693 4.000000 4.000000 1.000000 1.237850
240 0.000000 0.000000 0.000000
242 1 30.602226 82.046490 80.434458 1.000000 1.000000 1.000000 0.983094
242 0.000000 0.000000 0.000000
243 1 2.567195 17.899691 81.459957 1.000000 1.000000 1.000000 0.983094
243 0.000000 0.000000 0.000000
244 1 97.073734 60.447539 56.758561 2.000000 2.000000 1.000000 1.127810
244 0.000000 0.000000 0.000000
245 1 92.501066 39.988948 8.313227 1.000000 1.000000 1.000000 0.983094
245 0.000000 0.000000 0.000000
246 1 61.241661 98.593576 93.421921 1.000000 1.000000 1.000000 0.983094
246 0.000000 0.000000 0.000000
247 1 53.419330 43.412070 110.174409 2.000000 2.000000 1.000000 1.127810
247 0.000000 0.000000 0.000000
248 1 5.900166 34.067411 67.002854 1.000000 1.000000 1.000000 0.983094
248 0.000000 0.000000 0.000000
249 1 58.561880 93.689244 194.053673 1.000000 1.000000 1.000000 0.983094
249 0.000000 0.000000 0.000000
250 1 88.728031 9.280134 105.189283 1.000000 1.000000 1.000000 0.983094
250 0.000000 0.000000 0.000000
251 1 42.980026 6.454711 148.582321 1.000000 1.000000 1.000000 0.983094
251 0.000000 0.000000 0.000000
252 1 3.491741 37.734667 48.779219 1.000000 1.000000 1.000000 0.983094
252 0.000000 0.000000 0.000000
254 1 67.964098 55.568379 175.400069 1.000000 1.000000 1.000000 0.983094
254 0.000000 0.000000 0.000000
255 1 98.983811 24.496887 58.232901 1.000000 1.000000 1.000000 0.983094
255 0.000000 0.000000 0.000000
256 1 35.524052 41.447598 159.054288 1.000000 1.000000 1.000000 0.983094
256 0.000000 0.000000 0.000000
257 1 74.394588 66.325824 198.542292 1.000000 1.000000 1.000000 0.983094
257 0.000000 0.000000 0.000000
258 1 35.973726 1.232486 123.665411 1.000000 1.000000 1.000000 0.983094
258 0.000000 0.000000 0.000000
260 1 96.059794 37.384636 161.977371 1.000000 1.000000 1.000000 0.983094
260 0.000000 0.000000 0.000000
261 1 1.533070 78.971912 194.453256 1.000000 1.000000 1.000000 0.983094
261 0.000000 0.000000 0.000000
262 1 65.390354 45.187846 33.017001 1.000000 1.000000 1.000000 0.983094
262 0.000000 0.000000 0.000000
263 1 37.065582 75.691665 7.653477 2.000000 2.000000 1.000000 1.127810
263 0.000000 0.000000 0.000000
266 1 29.942254 9.112898 160.821089 1.000000 1.000000 1.000000 0.983094
266 0.000000 0.000000 0.000000
267 1 54.578473 56.618186 138.097315 1.000000 1.000000 1.000000 0.983094
267 0.000000 0.000000 0.000000
268 1 89.366283 57.440435 172.728045 1.000000 1.000000 1.000000 0.983094
268 0.000000 0.000000 0.000000
269 1 58.011277 38.412950 84.727214 1.000000 1.000000 1.000000 0.983094
269 0.000000 0.000000 0.000000
270 1 25.496637 10.829039 41.541677 1.000000 1.000000 1.000000 0.983094
270 0.000000 0.000000 0.000000
271 1 94.333577 14.058876 154.768864 1.000000 1.000000 1.000000 0.983094
271 0.000000 0.000000 0.000000
273 1 62.506690 96.704970 197.947641 2.000000 2.000000 1.000000 1.127810
273 0.000000 0.000000 0.000000
274 1 80.368451 79.707026 32.639319 1.000000 1.000000 1.000000 0.983094
274 0.000000 0.000000 0.000000
276 1 69.836110 52.140274 116.339561 1.000000 1.000000 1.000000 0.983094
276 0.000000 0.000000 0.000000
277 1 90.514985 3.900510 127.940214 1.000000 1.000000 1.000000 0.983094
277 0.000000 0.000000 0.000000
278 1 2.824122 73.782795 104.342614 1.000000 1.000000 1.000000 0.983094
278 0.000000 0.000000 0.000000
279 1 38.087310 92.579539 40.604084 1.000000 1.000000 1.000000 0.983094
279 0.000000 0.000000 0.000000
281 1 81.570907 29.791728 150.240886 1.000000 1.000000 1.000000 0.983094
281 0.000000 0.000000 0.000000
282 1 19.614741 50.753483 46.621553 1.000000 1.000000 1.000000 0.983094
282 0.000000 0.000000 0.000000
283 1 63.209112 27.992322 76.761188 1.000000 1.000000 1.000000 0.983094
283 0.000000 0.000000 0.000000
284 1 82.613391 51.035812 189.650927 1.000000 1.000000 1.000000 0.983094
284 0.000000 0.000000 0.000000
285 1 59.327512 61.346907 70.315811 2.000000 2.000000 1.000000 1.127810
285 0.000000 0.000000 0.000000
286 1 62.876582 61.013621 79.428217 2.000000 2.000000 1.000000 1.127810
286 0.000000 0.000000 0.000000
287 1 54.271230 86.478616 38.383037 1.000000 1.000000 1.000000 0.983094
287 0.000000 0.000000 0.000000
289 1 9.646018 51.822773 93.910557 1.000000 1.000000 1.000000 0.983094
289 0.000000 0.000000 0.000000
290 1 35.759873 90.606794 91.902609 1.000000 1.000000 1.000000 0.983094
290 0.000000 0.000000 0.000000
292 1 86.286460 93.721339 105.673141 1.000000 1.000000 1.000000 0.983094
292 0.000000 0.000000 0.000000
293 1 15.727863 10.708670 67.252975 3.000000 3.000000 1.000000 1.197480
293 0.000000 0.000000 0.000000
295 1 26.464627 39.324865 103.691051 1.000000 1.000000 1.000000 0.983094
295 0.000000 0.000000 0.000000
296 1 93.563593 96.420911 71.976201 1.000000 1.000000 1.000000 0.983094
296 0.000000 0.000000 0.000000
297 1 27.230002 8.423521 185.523895 1.000000 1.000000 1.000000 0.983094
297 0.000000 0.000000 0.000000
298 1 72.457150 92.836648 106.633678 1.000000 1.000000 1.000000 0.983094
298 0.000000 0.000000 0.000000
299 1 62.338546 33.238207 12.166057 1.000000 1.000000 1.000000 0.983094
299 0.000000 0.000000 0.000000
302 1 56.965382 28.436227 5.660363 1.000000 1.000000 1.000000 0.983094
302 0.000000 0.000000 0.000000
303 1 42.436609 91.367803 153.538619 1.000000 1.000000 1.000000 0.983094
303 0.000000 0.000000 0.000000
304 1 26.817412 13.352236 23.044876 1.000000 1.000000 1.000000 0.983094
304 0.000000 0.000000 0.000000
305 1 49.133520 7.761954 137.664184 1.000000 1.000000 1.000000 0.983094
305 0.000000 0.000000 0.000000
306 1 46.913374 59.763801 70.113115 1.000000 1.000000 1.000000 0.983094
306 0.000000 0.000000 0.000000
307 1 17.573171 44.553503 137.991684 1.000000 1.000000 1.000000 0.983094
307 0.000000 0.000000 0.000000
308 1 29.582972 97.091293 165.186723 1.000000 1.000000 1.000000 0.983094
308 0.000000 0.000000 0.000000
309 1 11.884801 24.939014 187.763888 1.000000 1.000000 1.000000 0.983094
309 0.000000 0.000000 0.000000
311 1 85.597966 86.004114 141.213563 2.000000 2.000000 1.000000 1.127810
311 0.000000 0.000000 0.000000
313 1 50.879965 11.521626 162.746148 2.000000 2.000000 1.000000 1.127810
313 0.000000 0.000000 0.000000
314 1 70.757295 68.650132 20.576068 1.000000 1.000000 1.000000 0.983094
314 0.000000 0.000000 0.000000
315 1 38.885473 37.964721 47.607545 1.000000 1.000000 1.000000 0.983094
315 0.000000 0.000000 0.000000
317 1 68.194507 1.566775 11.275330 1.000000 1.000000 1.000000 0.983094
317 0.000000 0.000000 0.000000
318 1 21.705008 31.759913 113.083891 1.000000 1.000000 1.000000 0.983094
318 0.000000 0.000000 0.000000
319 1 94.195769 56.129501 138.110587 1.000000 1.000000 1.000000 0.983094
319 0.000000 0.000000 0.000000
320 1 37.946147 45.366018 110.032771 1.000000 1.000000 1.000000 0.983094
320 0.000000 0.000000 0.000000
321 1 82.107299 20.404797 130.650395 1.000000 1.000000 1.000000 0.983094
321 0.000000 0.000000 0.000000
323 1 77.883761 52.114015 123.522594 1.000000 1.000000 1.000000 0.983094
323 0.000000 0.000000 0.000000
325 1 53.119015 68.971493 100.977690 1.000000 1.000000 1.000000 0.983094
325 0.000000 0.000000 0.000000
326 1 99.379349 55.317003 49.882218 1.000000 1.000000 1.000000 0.983094
326 0.000000 0.000000 0.000000
328 1 30.315814 58.546127 162.869281 1.000000 1.000000 1.000000 0.983094
328 0.000000 0.000000 0.000000
329 1 23.595398 83.334048 124.102508 1.000000 1.000000 1.000000 0.983094
329 0.000000 0.000000 0.000000
330 1 34.037108 72.852765 70.100086 1.000000 1.000000 1.000000 0.983094
330 0.000000 0.000000 0.000000
331 1 77.119548 5.619985 55.173394 1.000000 1.000000 1.000000 0.983094
331 0.000000 0.000000 0.000000
332 1 15.096762 39.394910 176.303187 3.000000 3.000000 1.000000 1.197480
332 0.000000 0.000000 0.000000
333 1 75.492500 42.673343 190.638850 1.000000 1.000000 1.000000 0.983094
333 0.000000 0.000000 0.000000
335 1 18.738927 45.703631 58.263032 1.000000 1.000000 1.000000 0.983094
335 0.000000 0.000000 0.000000
336 1 58.779161 40.254750 54.080486 1.000000 1.000000 1.000000 0.983094
336 0.000000 0.000000 0.000000
337 1 22.529078 43.756700 125.432317 1.000000 1.000000 1.000000 0.983094
337 0.000000 0.000000 0.000000
338 1 60.971360 22.002488 158.955674 1.000000 1.000000 1.000000 0.983094
338 0.000000 0.000000 0.000000
340 1 73.747475 92.958081 198.471863 1.000000 1.000000 1.000000 0.983094
340 0.000000 0.000000 0.000000
341 1 42.837530 2.935849 13.764731 2.000000 2.000000 1.000000 1.127810
341 0.000000 0.000000 0.000000
342 1 41.851337 64.957563 40.870545 1.000000 1.000000 1.000000 0.983094
342 0.000000 0.000000 0.000000
343 1 97.858907 33.156081 105.514818 1.000000 1.000000 1.000000 0.983094
343 0.000000 0.000000 0.000000
344 1 88.510987 81.749830 32.895756 1.000000 1.000000 1.000000 0.983094
344 0.000000 0.000000 0.000000
348 1 69.099098 16.039560 82.540976 1.000000 1.000000 1.000000 0.983094
348 0.000000 0.000000 0.000000
349 1 78.419868 29.608254 134.735368 2.000000 2.000000 1.000000 1.127810
349 0.000000 0.000000 0.000000
350 1 42.029181 55.190866 68.752113 1.000000 1.000000 1.000000 0.983094
350 0.000000 0.000000 0.000000
351 1 48.672115 13.570877 176.166509 2.000000 2.000000 1.000000 1.127810
351 0.000000 0.000000 0.000000
352 1 42.439506 57.298606 152.402780 3.000000 3.000000 1.000000 1.197480
352 0.000000 0.000000 0.000000
353 1 54.885541 63.314439 163.800551 1.000000 1.000000 1.000000 0.983094
353 0.000000 0.000000 0.000000
355 1 60.660892 74.007038 126.070003 1.000000 1.000000 1.000000 0.983094
355 0.000000 0.000000 0.000000
356 1 39.629129 9.226332 112.291887 2.000000 2.000000 1.000000 1.127810
356 0.000000 0.000000 0.000000
357 1 46.747763 9.649414 22.137534 1.000000 1.000000 1.000000 0.983094
357 0.000000 0.000000 0.000000
358 1 58.466108 26.606071 112.361880 1.000000 1.000000 1.000000 0.983094
358 0.000000 0.000000 0.000000
359 1 56.640143 61.531398 153.962161 1.000000 1.000000 1.000000 0.983094
359 0.000000 0.000000 0.000000
360 1 94.177235 91.346388 159.936905 1.000000 1.000000 1.000000 0.983094
360 0.000000 0.000000 0.000000
361 1 27.545803 35.721424 111.474945 1.000000 1.000000 1.000000 0.983094
361 0.000000 0.000000 0.000000
362 1 44.754729 78.836176 149.902054 1.000000 1.000000 1.000000 0.983094
362 0.000000 0.000000 0.000000
363 1 8.580622 10.212948 49.814968 1.000000 1.000000 1.000000 0.983094
363 0.000000 0.000000 0.000000
364 1 41.913206 5.713376 100.895824 1.000000 1.000000 1.000000 0.983094
364 0.000000 0.000000 0.000000
366 1 59.353926 74.790137 111.884319 1.000000 1.000000 1.000000 0.983094
366 0.000000 0.000000 0.000000
367 1 41.781938 65.307860 72.731591 1.000000 1.000000 1.000000 0.983094
367 0.000000 0.000000 0.000000
368 1 45.186513 84.593159 117.084452 3.000000 3.000000 1.000000 1.197480
368 0.000000 0.000000 0.000000
369 1 19.235785 12.804641 181.408549 1.000000 1.000000 1.000000 0.983094
369 0.000000 0.000000 0.000000
370 1 39.924506 20.375825 108.256171 1.000000 1.000000 1.000000 0.983094
370 0.000000 0.000000 0.000000
371 1 27.504221 91.363623 157.013789 1.000000 1.000000 1.000000 0.983094
371 0.000000 0.000000 0.000000
372 1 85.900820 58.847018 171.603915 1.000000 1.000000 1.000000 0.983094
372 0.000000 0.000000 0.000000
373 1 81.808528 88.963036 121.798206 1.000000 1.000000 1.000000 0.983094
373 0.000000 0.000000 0.000000
375 1 88.825569 34.690046 161.162084 1.000000 1.000000 1.000000 0.983094
375 0.000000 0.000000 0.000000
376 1 95.863604 49.626928 163.909628 1.000000 1.000000 1.000000 0.983094
376 0.000000 0.000000 0.000000
377 1 98.662311 57.386161 113.988825 1.000000 1.000000 1.000000 0.983094
377 0.000000 0.000000 0.000000
378 1 5.720722 70.232970 65.155641 2.000000 2.000000 1.000000 1.127810
378 0.000000 0.000000 0.000000
379 1 79.395903 85.940704 87.318381 1.000000 1.000000 1.000000 0.983094
379 0.000000 0.000000 0.000000
380 1 88.894969 78.774241 28.630517 1.000000 1.000000 1.000000 0.983094
380 0.000000 0.000000 0.000000
381 1 25.237620 19.901159 95.701465 1.000000 1.000000 1.000000 0.983094
381 0.000000 0.000000 0.000000
382 1 57.108562 17.763280 164.452431 1.000000 1.000000 1.000000 0.983094
382 0.000000 0.000000 0.000000
383 1 2.585849 5.975935 146.198735 1.000000 1.000000 1.000000 0.983094
383 0.000000 0.000000 0.000000
384 1 57.894380 72.842541 105.775595 1.000000 1.000000 1.000000 0.983094
384 0.000000 0.000000 0.000000
385 1 22.963429 10.993092 165.831690 2.000000 2.000000 1.000000 1.127810
385 0.000000 0.000000 0.000000
387 1 61.660446 24.670827 21.566416 1.000000 1.000000 1.000000 0.983094
387 0.000000 0.000000 0.000000
388 1 60.565531 13.706773 148.423590 1.000000 1.000000 1.000000 0.983094
388 0.000000 0.000000 0.000000
391 1 31.768163 11.026907 61.487094 1.000000 1.000000 1.000000 0.983094
391 0.000000 0.000000 0.000000
392 1 34.887962 87.042141 99.015344 2.000000 2.000000 1.000000 1.127810
392 0.000000 0.000000 0.000000
394 1 39.058924 74.489589 179.216298 4.000000 4.000000 1.000000 1.237850
394 0.000000 0.000000 0.000000
396 1 47.827365 44.748613 22.781238 1.000000 1.000000 1.000000 0.983094
396 0.000000 0.000000 0.000000
397 1 60.077900 61.713852 43.337468 1.000000 1.000000 1.000000 0.983094
397 0.000000 0.000000 0.000000
398 1 79.465467 85.947000 45.851445 1.000000 1.000000 1.000000 0.983094
398 0.000000 0.000000 0.000000
399 1 34.946568 66.165761 62.171578 1.000000 1.000000 1.000000 0.983094
399 0.000000 0.000000 0.000000
400 1 91.749912 15.837358 7.174144 1.000000 1.000000 1.000000 0.983094
400 0.000000 0.000000 0.000000
401 1 73.874876 1.424435 14.484057 1.000000 1.000000 1.000000 0.983094
401 0.000000 0.000000 0.000000
402 1 77.835924 51.787677 194.408000 1.000000 1.000000 1.000000 0.983094
402 0.000000 0.000000 0.000000
403 1 27.503206 64.212065 140.834947 1.000000 1.000000 1.000000 0.983094
403 0.000000 0.000000 0.000000
404 1 26.455059 21.336422 80.409113 1.000000 1.000000 1.000000 0.983094
404 0.000000 0.000000 0.000000
405 1 90.497463 47.970113 23.879706 1.000000 1.000000 1.000000 0.983094
405 0.000000 0.000000 0.000000
406 1 46.810174 90.225046 124.008841 1.000000 1.000000 1.000000 0.983094
406 0.000000 0.000000 0.000000
407 1 73.431355 19.352986 170.583542 1.000000 1.000000 1.000000 0.983094
407 0.000000 0.000000 0.000000
408 1 83.595486 26.066521 82.713867 1.000000 1.000000 1.000000 0.983094
408 0.000000 0.000000 0.000000
409 1 8.916419 10.529420 134.052466 1.000000 1.000000 1.000000 0.983094
409 0.000000 0.000000 0.000000
410 1 93.351260 32.627077 111.034129 1.000000 1.000000 1.000000 0.983094
410 0.000000 0.000000 0.000000
411 1 44.112670 29.549528 27.865267 1.000000 1.000000 1.000000 0.983094
411 0.000000 0.000000 0.000000
412 1 73.784168 90.136630 150.585260 1.000000 1.000000 1.000000 0.983094
412 0.000000 0.000000 0.000000
414 1 2.210587 70.723004 74.199430 1.000000 1.000000 1.000000 0.983094
414 0.000000 0.000000 0.000000
415 1 9.672329 92.690504 64.071828 1.000000 1.000000 1.000000 0.983094
415 0.000000 0.000000 0.000000
416 1 61.560502 84.673564 189.159961 3.000000 3.000000 1.000000 1.197480
416 0.000000 0.000000 0.000000
417 1 4.322790 42.787312 122.002521 1.000000 1.000000 1.000000 0.983094
417 0.000000 0.000000 0.000000
418 1 22.047998 90.466126 41.044589 2.000000 2.000000 1.000000 1.127810
418 0.000000 0.000000 0.000000
420 1 2.392767 14.778259 70.646594 1.000000 1.000000 1.000000 0.983094
420 0.000000 0.000000 0.000000
421 1 42.810951 95.347547 1.004019 1.000000 1.000000 1.000000 0.983094
421 0.000000 0.000000 0.000000
424 1 62.010992 53.314171 150.470761 1.000000 1.000000 1.000000 0.983094
424 0.000000 0.000000 0.000000
426 1 15.139485 41.213130 30.984323 2.000000 2.000000 1.000000 1.127810
426 0.000000 0.000000 0.000000
427 1 3.668106 96.224290 163.765467 1.000000 1.000000 1.000000 0.983094
427 0.000000 0.000000 0.000000
428 1 6.157068 39.541966 75.936449 1.000000 1.000000 1.000000 0.983094
428 0.000000 0.000000 0.000000
429 1 37.089098 76.602692 160.133359 2.000000 2.000000 1.000000 1.127810
429 0.000000 0.000000 0.000000
430 1 41.101664 59.449200 17.900878 3.000000 3.000000 1.000000 1.197480
430 0.000000 0.000000 0.000000
431 1 98.517722 36.702453 79.065942 1.000000 1.000000 1.000000 0.983094
431 0.000000 0.000000 0.000000
433 1 31.481946 56.927054 170.998557 2.000000 2.000000 1.000000 1.127810
433 0.000000 0.000000 0.000000
434 1 11.750874 26.314553 82.470749 1.000000 1.000000 1.000000 0.983094
434 0.000000 0.000000 0.000000
436 1 98.123508 49.810764 49.188864 1.000000 1.000000 1.000000 0.983094
436 0.000000 0.000000 0.000000
439 1 52.114034 8.723523 78.944226 1.000000 1.000000 1.000000 0.983094
439 0.000000 0.000000 0.000000
441 1 70.292309 61.416104 154.982579 1.000000 1.000000 1.000000 0.983094
441 0.000000 0.000000 0.000000
442 1 90.743149 85.258114 113.169114 1.000000 1.000000 1.000000 0.983094
442 0.000000 0.000000 0.000000
446 1 20.890878 39.886447 49.495847 1.000000 1.000000 1.000000 0.983094
446 0.000000 0.000000 0.000000
447 1 98.477971 40.815726 124.259733 1.000000 1.000000 1.000000 0.983094
447 0.000000 0.000000 0.000000
448 1 57.675007 94.741097 109.894387 1.000000 1.000000 1.000000 0.983094
448 0.000000 0.000000 0.000000
449 1 12.227086 44.596323 75.090182 1.000000 1.000000 1.000000 0.983094
449 0.000000 0.000000 0.000000
450 1 37.774887 52.499299 168.598064 1.000000 1.000000 1.000000 0.983094
450 0.000000 0.000000 0.000000
451 1 62.167255 90.857301 188.659578 1.000000 1.000000 1.000000 0.983094
451 0.000000 0.000000 0.000000
452 1 67.873362 98.378558 50.245051 3.000000 3.000000 1.000000 1.197480
452 0.000000 0.000000 0.000000
453 1 83.009100 96.109731 185.457551 2.000000 2.000000 1.000000 1.127810
453 0.000000 0.000000 0.000000
456 1 8.128801 6.511207 108.075537 1.000000 1.000000 1.000000 0.983094
456 0.000000 0.000000 0.000000
457 1 76.907534 20.771459 161.724133 2.000000 2.000000 1.000000 1.127810
457 0.000000 0.000000 0.000000
458 1 5.747368 96.645445 52.774320 1.000000 1.000000 1.000000 0.983094
458 0.000000 0.000000 0.000000
459 1 59.018568 30.159666 96.925814 1.000000 1.000000 1.000000 0.983094
459 0.000000 0.000000 0.000000
460 1 55.140761 9.595763 57.735266 1.000000 1.000000 1.000000 0.983094
460 0.000000 0.000000 0.000000
461 1 98.674500 86.262991 20.497706 1.000000 1.000000 1.000000 0.983094
461 0.000000 0.000000 0.000000
462 1 8.370593 64.173462 167.020903 3.000000 3.000000 1.000000 1.197480
462 0.000000 0.000000 0.000000
464 1 45.041475 66.258021 68.686167 1.000000 1.000000 1.000000 0.983094
464 0.000000 0.000000 0.000000
465 1 95.794899 10.014503 54.914842 1.000000 1.000000 1.000000 0.983094
465 0.000000 0.000000 0.000000
466 1 50.032308 60.012190 193.224926 3.000000 3.000000 1.000000 1.197480
466 0.000000 0.000000 0.000000
467 1 66.324586 77.728485 167.257037 1.000000 1.000000 1.000000 0.983094
467 0.000000 0.000000 0.000000
469 1 12.934955 89.793279 194.451600 3.000000 3.000000 1.000000 1.197480
469 0.000000 0.000000 0.000000
470 1 1.290289 36.261692 129.060651 1.000000 1.000000 1.000000 0.983094
470 0.000000 0.000000 0.000000
471 1 80.127497 74.193709 123.310997 2.000000 2.000000 1.000000 1.127810
471 0.000000 0.000000 0.000000
473 1 30.035613 60.086417 22.655261 1.000000 1.000000 1.000000 0.983094
473 0.000000 0.000000 0.000000
474 1 19.283772 91.846298 172.800483 2.000000 2.000000 1.000000 1.127810
474 0.000000 0.000000 0.000000
475 1 18.366420 89.335438 75.061977 1.000000 1.000000 1.000000 0.983094
475 0.000000 0.000000 0.000000
478 1 27.956799 76.032882 118.410516 1.000000 1.000000 1.000000 0.983094
478 0.000000 0.000000 0.000000
481 1 99.949776 8.277264 188.287919 1.000000 1.000000 1.000000 0.983094
481 0.000000 0.000000 0.000000
482 1 41.502130 82.659560 49.557334 2.000000 2.000000 1.000000 1.127810
482 0.000000 0.000000 0.000000
483 1 95.480232 68.326929 16.569716 1.000000 1.000000 1.000000 0.983094
483 0.000000 0.000000 0.000000
484 1 71.365168 99.472393 48.032299 1.000000 1.000000 1.000000 0.983094
484 0.000000 0.000000 0.000000
486 1 45.707477 43.703093 96.997981 1.000000 1.000000 1.000000 0.983094
486 0.000000 0.000000 0.000000
488 1 7.176815 55.801032 80.860276 1.000000 1.000000 1.000000 0.983094
488 0.000000 0.000000 0.000000
489 1 88.872202 32.807602 40.784362 3.000000 3.000000 1.000000 1.197480
489 0.000000 0.000000 0.000000
491 1 70.527516 98.143146 79.677211 1.000000 1.000000 1.000000 0.983094
491 0.000000 0.000000 0.000000
492 1 81.336029 10.938033 14.120221 1.000000 1.000000 1.000000 0.983094
492 0.000000 0.000000 0.000000
493 1 83.077184 57.728483 41.932640 1.000000 1.000000 1.000000 0.983094
493 0.000000 0.000000 0.000000
495 1 58.985265 9.238208 9.287637 1.000000 1.000000 1.000000 0.983094
495 0.000000 0.000000 0.000000
496 1 78.661636 45.567631 167.269220 1.000000 1.000000 1.000000 0.983094
496 0.000000 0.000000 0.000000
498 1 90.187869 78.406633 177.414445 1.000000 1.000000 1.000000 0.983094
498 0.000000 0.000000 0.000000
499 1 0.645394 54.943822 104.940764 5.000000 5.000000 1.000000 1.263720
499 0.000000 0.000000 0.000000
