RESTART FILE
Timestep: 800

NUMBER OF PARTICLES
384

SIMULATION BOX
100 100 200

TIMESTEP
0.1

ATTRACTION RADIUS
25
0.983094 1.12781 1.19748 1.23785 1.26372 1.28133 1.2939 1.30312 1.31014 1.31562 1.32005 1.32351 1.32648 1.32881 1.33082 1.33244 1.33389 1.33515 1.3363 1.33723 1.33803 1.33868 1.33937 1.33991 1.34042 

AGGREGATES/BEADS
0 1 89.875812 88.873264 49.835514 1.000000 1.000000 1.000000 0.983094
0 0.000000 0.000000 0.000000
1 1 88.578580 2.585095 148.553444 2.000000 2.000000 1.000000 1.127810
1 0.000000 0.000000 0.000000
3 1 97.585014 60.154832 118.418270 1.000000 1.000000 1.000000 0.983094
3 0.000000 0.000000 0.000000
4 1 30.856536 89.597203 118.401257 2.000000 2.000000 1.000000 1.127810
4 0.000000 0.000000 0.000000
5 1 46.729603 66.087672 194.617660 1.000000 1.000000 1.000000 0.983094
5 0.000000 0.000000 0.000000
6 1 82.313471 5.265427 11.862687 1.000000 1.000000 1.000000 0.983094
6 0.000000 0.000000 0.000000
7 1 63.165885 13.860964 150.370983 1.000000 1.000000 1.000000 0.983094
7 0.000000 0.000000 0.000000
8 1 41.404768 0.496811 102.806979 1.000000 1.000000 1.000000 0.983094
8 0.000000 0.000000 0.000000
9 1 37.308389 39.389508 65.462301 1.000000 1.000000 1.000000 0.983094
9 0.000000 0.000000 0.000000
10 1 92.202102 98.444110 24.389763 1.000000 1.000000 1.000000 0.983094
10 0.000000 0.000000 0.000000
11 1 36.973179 51.346079 36.029482 1.000000 1.000000 1.000000 0.983094
11 0.000000 0.000000 0.000000
13 1 36.978168 68.782344 14.581063 1.000000 1.000000 1.000000 0.983094
13 0.000000 0.000000 0.000000
14 1 29.059074 17.152803 17.796140 4.000000 4.000000 1.000000 1.237850
14 0.000000 0.000000 0.000000
15 1 59.321071 72.251325 7.305429 1.000000 1.000000 1.000000 0.983094
15 0.000000 0.000000 0.000000
16 1 65.640143 87.090643 33.167380 2.000000 2.000000 1.000000 1.127810
16 0.000000 0.000000 0.000000
18 1 74.569770 78.167877 161.706803 1.000000 1.000000 1.000000 0.983094
18 0.000000 0.000000 0.000000
19 1 53.014071 48.260882 178.366782 3.000000 3.000000 1.000000 1.197480
19 0.000000 0.000000 0.000000
20 1 90.117926 13.949578 118.017359 1.000000 1.000000 1.000000 0.983094
20 0.000000 0.000000 0.000000
22 1 81.619753 43.420108 142.488585 2.000000 2.000000 1.000000 1.127810
22 0.000000 0.000000 0.000000
23 1 77.396007 37.789645 107.978960 1.000000 1.000000 1.000000 0.983094
23 0.000000 0.000000 0.000000
24 1 14.132448 58.740182 85.631815 1.000000 1.000000 1.000000 0.983094
24 0.000000 0.000000 0.000000
25 1 80.099310 87.815449 61.823217 4.000000 4.000000 1.000000 1.237850
25 0.000000 0.000000 0.000000
26 1 93.265467 46.631786 62.978302 1.000000 1.000000 1.000000 0.983094
26 0.000000 0.000000 0.000000
29 1 34.530106 31.053934 17.592783 3.000000 3.000000 1.000000 1.197480
29 0.000000 0.000000 0.000000
30 1 17.436822 43.531405 199.977089 1.000000 1.000000 1.000000 0.983094
30 0.000000 0.000000 0.000000
31 1 79.625234 33.893013 33.088619 1.000000 1.000000 1.000000 0.983094
31 0.000000 0.000000 0.000000
32 1 11.482496 60.522962 148.577102 2.000000 2.000000 1.000000 1.127810
32 0.000000 0.000000 0.000000
33 1 61.222690 61.049530 26.854558 2.000000 2.000000 1.000000 1.127810
33 0.000000 0.000000 0.000000
36 1 3.078427 94.271915 50.751525 3.000000 3.000000 1.000000 1.197480
36 0.000000 0.000000 0.000000
37 1 90.219717 22.489954 148.859022 1.000000 1.000000 1.000000 0.983094
37 0.000000 0.000000 0.000000
38 1 79.239393 63.138284 84.613490 1.000000 1.000000 1.000000 0.983094
38 0.000000 0.000000 0.000000
39 1 51.126946 2.078816 38.901422 1.000000 1.000000 1.000000 0.983094
39 0.000000 0.000000 0.000000
41 1 82.506913 31.053804 84.957014 1.000000 1.000000 1.000000 0.983094
41 0.000000 0.000000 0.000000
44 1 59.524617 73.194481 110.944362 2.000000 2.000000 1.000000 1.127810
44 0.000000 0.000000 0.000000
45 1 41.504469 32.301948 88.619041 1.000000 1.000000 1.000000 0.983094
45 0.000000 0.000000 0.000000
46 1 39.534134 16.578098 56.744314 1.000000 1.000000 1.000000 0.983094
46 0.000000 0.000000 0.000000
47 1 32.297454 59.897317 21.988684 2.000000 2.000000 1.000000 1.127810
47 0.000000 0.000000 0.000000
48 1 66.196773 34.158144 21.423451 2.000000 2.000000 1.000000 1.127810
48 0.000000 0.000000 0.000000
49 1 94.081397 41.001171 20.171529 1.000000 1.000000 1.000000 0.983094
49 0.000000 0.000000 0.000000
50 1 91.509926 60.654320 9.194710 1.000000 1.000000 1.000000 0.983094
50 0.000000 0.000000 0.000000
51 1 17.563801 40.507429 147.561149 1.000000 1.000000 1.000000 0.983094
51 0.000000 0.000000 0.000000
53 1 62.832908 83.121555 53.628484 1.000000 1.000000 1.000000 0.983094
53 0.000000 0.000000 0.000000
54 1 17.259170 39.669524 42.631051 1.000000 1.000000 1.000000 0.983094
54 0.000000 0.000000 0.000000
55 1 43.396261 77.540636 119.427789 1.000000 1.000000 1.000000 0.983094
55 0.000000 0.000000 0.000000
56 1 20.139717 74.902637 3.881386 1.000000 1.000000 1.000000 0.983094
56 0.000000 0.000000 0.000000
57 1 85.916499 95.718956 165.598848 1.000000 1.000000 1.000000 0.983094
57 0.000000 0.000000 0.000000
58 1 51.904642 59.416318 34.325653 2.000000 2.000000 1.000000 1.127810
58 0.000000 0.000000 0.000000
60 1 2.960125 34.812220 38.424361 3.000000 3.000000 1.000000 1.197480
60 0.000000 0.000000 0.000000
61 1 75.061856 14.436023 183.166770 1.000000 1.000000 1.000000 0.983094
61 0.000000 0.000000 0.000000
62 1 66.157477 16.041217 106.587445 2.000000 2.000000 1.000000 1.127810
62 0.000000 0.000000 0.000000
63 1 15.429394 97.005954 45.533789 1.000000 1.000000 1.000000 0.983094
63 0.000000 0.000000 0.000000
64 1 43.903662 81.776665 83.305191 2.000000 2.000000 1.000000 1.127810
64 0.000000 0.000000 0.000000
66 1 98.747477 63.492814 17.191834 1.000000 1.000000 1.000000 0.983094
66 0.000000 0.000000 0.000000
67 1 72.419307 12.450807 7.171156 1.000000 1.000000 1.000000 0.983094
67 0.000000 0.000000 0.000000
68 1 36.245244 32.648150 160.163258 2.000000 2.000000 1.000000 1.127810
68 0.000000 0.000000 0.000000
69 1 77.622735 57.233110 1.528188 1.000000 1.000000 1.000000 0.983094
69 0.000000 0.000000 0.000000
70 1 43.823128 52.341712 114.846624 1.000000 1.000000 1.000000 0.983094
70 0.000000 0.000000 0.000000
72 1 92.702340 85.586808 73.131010 4.000000 4.000000 1.000000 1.237850
72 0.000000 0.000000 0.000000
74 1 47.924854 16.377478 70.492393 1.000000 1.000000 1.000000 0.983094
74 0.000000 0.000000 0.000000
75 1 91.701512 13.163418 100.062330 1.000000 1.000000 1.000000 0.983094
75 0.000000 0.000000 0.000000
76 1 84.756241 53.905190 198.063359 1.000000 1.000000 1.000000 0.983094
76 0.000000 0.000000 0.000000
77 1 81.918257 61.087166 63.097131 1.000000 1.000000 1.000000 0.983094
77 0.000000 0.000000 0.000000
79 1 14.592920 6.233964 182.622320 1.000000 1.000000 1.000000 0.983094
79 0.000000 0.000000 0.000000
81 1 92.253251 9.206186 22.332376 1.000000 1.000000 1.000000 0.983094
81 0.000000 0.000000 0.000000
83 1 37.274996 75.767047 168.788467 1.000000 1.000000 1.000000 0.983094
83 0.000000 0.000000 0.000000
84 1 70.212440 96.962346 188.319369 1.000000 1.000000 1.000000 0.983094
84 0.000000 0.000000 0.000000
85 1 41.044468 5.947874 84.780246 1.000000 1.000000 1.000000 0.983094
85 0.000000 0.000000 0.000000
86 1 81.559606 95.526261 51.509885 1.000000 1.000000 1.000000 0.983094
86 0.000000 0.000000 0.000000
87 1 80.435138 42.789818 90.521705 1.000000 1.000000 1.000000 0.983094
87 0.000000 0.000000 0.000000
88 1 6.711897 81.201194 164.483571 1.000000 1.000000 1.000000 0.983094
88 0.000000 0.000000 0.000000
89 1 32.771842 40.593887 132.931183 1.000000 1.000000 1.000000 0.983094
89 0.000000 0.000000 0.000000
90 1 97.170490 70.361728 44.483457 2.000000 2.000000 1.000000 1.127810
90 0.000000 0.000000 0.000000
91 1 87.553162 98.201004 19.247053 1.000000 1.000000 1.000000 0.983094
91 0.000000 0.000000 0.000000
92 1 89.718415 43.258972 92.616525 1.000000 1.000000 1.000000 0.983094
92 0.000000 0.000000 0.000000
93 1 42.044819 80.387163 163.437357 1.000000 1.000000 1.000000 0.983094
93 0.000000 0.000000 0.000000
94 1 93.052071 78.392712 131.207317 1.000000 1.000000 1.000000 0.983094
94 0.000000 0.000000 0.000000
95 1 55.268341 6.811455 79.856753 1.000000 1.000000 1.000000 0.983094
95 0.000000 0.000000 0.000000
97 1 38.408330 91.497408 28.060073 2.000000 2.000000 1.000000 1.127810
97 0.000000 0.000000 0.000000
98 1 56.441264 45.309072 41.991522 1.000000 1.000000 1.000000 0.983094
98 0.000000 0.000000 0.000000
99 1 42.837207 73.053996 62.996912 1.000000 1.000000 1.000000 0.983094
99 0.000000 0.000000 0.000000
100 1 92.715073 25.125829 8.273659 1.000000 1.000000 1.000000 0.983094
100 0.000000 0.000000 0.000000
101 1 50.730249 3.103769 129.296423 1.000000 1.000000 1.000000 0.983094
101 0.000000 0.000000 0.000000
102 1 38.686426 66.117902 103.815863 2.000000 2.000000 1.000000 1.127810
102 0.000000 0.000000 0.000000
103 1 57.770479 60.266440 134.625130 1.000000 1.000000 1.000000 0.983094
103 0.000000 0.000000 0.000000
104 1 59.731262 3.988457 60.961340 3.000000 3.000000 1.000000 1.197480
104 0.000000 0.000000 0.000000
105 1 78.133366 57.395147 182.920094 1.000000 1.000000 1.000000 0.983094
105 0.000000 0.000000 0.000000
106 1 85.195862 4.686325 164.230565 2.000000 2.000000 1.000000 1.127810
106 0.000000 0.000000 0.000000
108 1 45.123242 36.086096 183.365018 1.000000 1.000000 1.000000 0.983094
108 0.000000 0.000000 0.000000
109 1 2.656764 32.732157 146.434457 1.000000 1.000000 1.000000 0.983094
109 0.000000 0.000000 0.000000
110 1 50.318669 58.953526 152.575567 1.000000 1.000000 1.000000 0.983094
110 0.000000 0.000000 0.000000
111 1 84.230933 18.231249 75.951100 1.000000 1.000000 1.000000 0.983094
111 0.000000 0.000000 0.000000
112 1 35.471905 31.992508 44.405908 2.000000 2.000000 1.000000 1.127810
112 0.000000 0.000000 0.000000
113 1 44.021285 73.826755 130.770717 2.000000 2.000000 1.000000 1.127810
113 0.000000 0.000000 0.000000
115 1 80.797947 43.957428 126.714128 1.000000 1.000000 1.000000 0.983094
115 0.000000 0.000000 0.000000
117 1 32.419617 64.099866 185.272882 1.000000 1.000000 1.000000 0.983094
117 0.000000 0.000000 0.000000
118 1 47.044614 10.142310 79.945009 1.000000 1.000000 1.000000 0.983094
118 0.000000 0.000000 0.000000
120 1 0.983533 53.934871 38.626676 4.000000 4.000000 1.000000 1.237850
120 0.000000 0.000000 0.000000
121 1 65.075298 35.670908 61.381231 1.000000 1.000000 1.000000 0.983094
121 0.000000 0.000000 0.000000
122 1 61.142682 26.762893 177.678881 2.000000 2.000000 1.000000 1.127810
122 0.000000 0.000000 0.000000
123 1 83.656667 12.062441 2.297997 1.000000 1.000000 1.000000 0.983094
123 0.000000 0.000000 0.000000
125 1 87.726474 38.708986 70.609076 1.000000 1.000000 1.000000 0.983094
125 0.000000 0.000000 0.000000
126 1 17.756414 75.708148 87.434205 1.000000 1.000000 1.000000 0.983094
126 0.000000 0.000000 0.000000
128 1 50.546297 6.206656 156.237620 3.000000 3.000000 1.000000 1.197480
128 0.000000 0.000000 0.000000
129 1 69.377374 45.151865 163.308366 1.000000 1.000000 1.000000 0.983094
129 0.000000 0.000000 0.000000
130 1 2.190935 31.286951 120.457618 1.000000 1.000000 1.000000 0.983094
130 0.000000 0.000000 0.000000
131 1 65.428390 91.308979 91.470310 1.000000 1.000000 1.000000 0.983094
131 0.000000 0.000000 0.000000
132 1 61.904440 52.730123 30.272339 3.000000 3.000000 1.000000 1.197480
132 0.000000 0.000000 0.000000
133 1 51.923184 79.402359 76.772530 1.000000 1.000000 1.000000 0.983094
133 0.000000 0.000000 0.000000
134 1 62.217221 31.410089 60.677413 1.000000 1.000000 1.000000 0.983094
134 0.000000 0.000000 0.000000
136 1 9.628855 29.140826 68.867736 1.000000 1.000000 1.000000 0.983094
136 0.000000 0.000000 0.000000
137 1 26.922901 66.795713 146.634621 1.000000 1.000000 1.000000 0.983094
137 0.000000 0.000000 0.000000
139 1 13.604507 41.277404 199.780947 1.000000 1.000000 1.000000 0.983094
139 0.000000 0.000000 0.000000
140 1 75.170678 64.199540 135.948157 1.000000 1.000000 1.000000 0.983094
140 0.000000 0.000000 0.000000
141 1 41.295823 72.759684 100.866938 1.000000 1.000000 1.000000 0.983094
141 0.000000 0.000000 0.000000
142 1 86.076877 9.820498 85.170623 1.000000 1.000000 1.000000 0.983094
142 0.000000 0.000000 0.000000
143 1 73.431585 43.359302 168.139649 1.000000 1.000000 1.000000 0.983094
143 0.000000 0.000000 0.000000
144 1 95.482835 54.537774 181.921609 1.000000 1.000000 1.000000 0.983094
144 0.000000 0.000000 0.000000
145 1 86.964162 70.699804 187.037067 1.000000 1.000000 1.000000 0.983094
145 0.000000 0.000000 0.000000
147 1 66.649287 54.123123 124.598457 2.000000 2.000000 1.000000 1.127810
147 0.000000 0.000000 0.000000
148 1 20.879902 5.646660 148.465584 1.000000 1.000000 1.000000 0.983094
148 0.000000 0.000000 0.000000
149 1 38.666175 26.317435 107.988506 1.000000 1.000000 1.000000 0.983094
149 0.000000 0.000000 0.000000
150 1 74.543781 32.440509 30.070977 1.000000 1.000000 1.000000 0.983094
150 0.000000 0.000000 0.000000
151 1 34.018797 34.473338 161.221922 1.000000 1.000000 1.000000 0.983094
151 0.000000 0.000000 0.000000
152 1 42.730145 55.300792 138.646812 2.000000 2.000000 1.000000 1.127810
152 0.000000 0.000000 0.000000
154 1 16.302493 74.487564 129.647754 1.000000 1.000000 1.000000 0.983094
154 0.000000 0.000000 0.000000
158 1 36.063569 15.767649 195.280174 1.000000 1.000000 1.000000 0.983094
158 0.000000 0.000000 0.000000
159 1 37.461540 14.904600 183.471663 1.000000 1.000000 1.000000 0.983094
159 0.000000 0.000000 0.000000
161 1 14.079534 54.997132 100.785055 1.000000 1.000000 1.000000 0.983094
161 0.000000 0.000000 0.000000
163 1 19.451302 89.019887 30.722288 2.000000 2.000000 1.000000 1.127810
163 0.000000 0.000000 0.000000
165 1 2.600916 21.369709 151.923488 2.000000 2.000000 1.000000 1.127810
165 0.000000 0.000000 0.000000
166 1 79.147516 89.243612 92.613513 2.000000 2.000000 1.000000 1.127810
166 0.000000 0.000000 0.000000
168 1 2.726159 8.402481 156.667078 2.000000 2.000000 1.000000 1.127810
168 0.000000 0.000000 0.000000
169 1 53.994309 4.867322 38.556550 2.000000 2.000000 1.000000 1.127810
169 0.000000 0.000000 0.000000
170 1 34.139976 56.783210 197.355297 1.000000 1.000000 1.000000 0.983094
170 0.000000 0.000000 0.000000
171 1 71.877668 92.133559 123.028636 1.000000 1.000000 1.000000 0.983094
171 0.000000 0.000000 0.000000
173 1 50.124507 73.222042 80.048120 1.000000 1.000000 1.000000 0.983094
173 0.000000 0.000000 0.000000
175 1 47.745727 8.691976 111.491458 1.000000 1.000000 1.000000 0.983094
175 0.000000 0.000000 0.000000
176 1 35.943694 1.814238 85.447807 1.000000 1.000000 1.000000 0.983094
176 0.000000 0.000000 0.000000
177 1 37.177018 31.417612 92.893534 1.000000 1.000000 1.000000 0.983094
177 0.000000 0.000000 0.000000
179 1 37.947921 78.600408 75.728676 3.000000 3.000000 1.000000 1.197480
179 0.000000 0.000000 0.000000
181 1 31.062246 14.494976 181.147348 1.000000 1.000000 1.000000 0.983094
181 0.000000 0.000000 0.000000
183 1 6.502325 3.312910 118.753810 1.000000 1.000000 1.000000 0.983094
183 0.000000 0.000000 0.000000
184 1 71.063349 95.579527 66.761208 1.000000 1.000000 1.000000 0.983094
184 0.000000 0.000000 0.000000
186 1 91.724754 2.653902 22.608392 1.000000 1.000000 1.000000 0.983094
186 0.000000 0.000000 0.000000
187 1 34.254874 60.257857 49.522307 1.000000 1.000000 1.000000 0.983094
187 0.000000 0.000000 0.000000
188 1 72.472188 6.638582 34.528397 2.000000 2.000000 1.000000 1.127810
188 0.000000 0.000000 0.000000
189 1 60.486394 87.734841 92.612049 1.000000 1.000000 1.000000 0.983094
189 0.000000 0.000000 0.000000
191 1 61.911319 67.062803 100.141117 1.000000 1.000000 1.000000 0.983094
191 0.000000 0.000000 0.000000
192 1 62.725647 69.896806 31.245556 1.000000 1.000000 1.000000 0.983094
192 0.000000 0.000000 0.000000
193 1 24.770248 44.369139 198.364765 1.000000 1.000000 1.000000 0.983094
193 0.000000 0.000000 0.000000
194 1 8.039830 54.303604 189.889499 1.000000 1.000000 1.000000 0.983094
194 0.000000 0.000000 0.000000
195 1 23.266430 35.275924 171.689636 1.000000 1.000000 1.000000 0.983094
195 0.000000 0.000000 0.000000
196 1 63.612898 47.279670 129.801343 1.000000 1.000000 1.000000 0.983094
196 0.000000 0.000000 0.000000
197 1 75.089581 3.624352 102.622743 1.000000 1.000000 1.000000 0.983094
197 0.000000 0.000000 0.000000
198 1 87.367604 83.700836 4.276099 4.000000 4.000000 1.000000 1.237850
198 0.000000 0.000000 0.000000
199 1 27.768428 98.981485 174.226478 1.000000 1.000000 1.000000 0.983094
199 0.000000 0.000000 0.000000
200 1 56.897510 23.434425 155.281860 1.000000 1.000000 1.000000 0.983094
200 0.000000 0.000000 0.000000
201 1 40.639649 23.536670 93.567477 1.000000 1.000000 1.000000 0.983094
201 0.000000 0.000000 0.000000
203 1 54.446845 73.242434 17.596774 1.000000 1.000000 1.000000 0.983094
203 0.000000 0.000000 0.000000
204 1 37.731270 22.531662 127.786445 1.000000 1.000000 1.000000 0.983094
204 0.000000 0.000000 0.000000
205 1 58.469111 93.306793 38.758092 1.000000 1.000000 1.000000 0.983094
205 0.000000 0.000000 0.000000
207 1 46.080650 79.171264 130.544253 1.000000 1.000000 1.000000 0.983094
207 0.000000 0.000000 0.000000
208 1 24.475117 91.913829 91.211703 1.000000 1.000000 1.000000 0.983094
208 0.000000 0.000000 0.000000
209 1 59.734845 90.550431 119.100752 1.000000 1.000000 1.000000 0.983094
209 0.000000 0.000000 0.000000
212 1 6.400878 16.759176 111.574693 1.000000 1.000000 1.000000 0.983094
212 0.000000 0.000000 0.000000
214 1 36.102056 37.389800 31.051289 1.000000 1.000000 1.000000 0.983094
214 0.000000 0.000000 0.000000
215 1 14.984562 30.138841 60.423103 2.000000 2.000000 1.000000 1.127810
215 0.000000 0.000000 0.000000
216 1 2.283165 50.293840 135.799424 1.000000 1.000000 1.000000 0.983094
216 0.000000 0.000000 0.000000
217 1 39.967767 18.693063 170.275700 1.000000 1.000000 1.000000 0.983094
217 0.000000 0.000000 0.000000
218 1 22.562750 46.902198 108.841511 1.000000 1.000000 1.000000 0.983094
218 0.000000 0.000000 0.000000
219 1 81.863305 63.140450 39.438973 1.000000 1.000000 1.000000 0.983094
219 0.000000 0.000000 0.000000
220 1 74.852611 62.399339 93.709424 1.000000 1.000000 1.000000 0.983094
220 0.000000 0.000000 0.000000
221 1 20.424213 28.117447 171.028050 1.000000 1.000000 1.000000 0.983094
221 0.000000 0.000000 0.000000
222 1 46.034701 41.222108 91.436719 1.000000 1.000000 1.000000 0.983094
222 0.000000 0.000000 0.000000
223 1 86.126424 43.147305 119.060494 1.000000 1.000000 1.000000 0.983094
223 0.000000 0.000000 0.000000
224 1 45.069212 96.189285 195.829274 1.000000 1.000000 1.000000 0.983094
224 0.000000 0.000000 0.000000
225 1 42.723685 27.986311 107.233820 1.000000 1.000000 1.000000 0.983094
225 0.000000 0.000000 0.000000
226 1 0.791721 78.103410 67.243086 1.000000 1.000000 1.000000 0.983094
226 0.000000 0.000000 0.000000
227 1 33.362957 33.174703 163.894094 1.000000 1.000000 1.000000 0.983094
227 0.000000 0.000000 0.000000
228 1 60.565479 56.705449 46.224642 1.000000 1.000000 1.000000 0.983094
228 0.000000 0.000000 0.000000
229 1 22.232198 2.043769 19.198141 1.000000 1.000000 1.000000 0.983094
229 0.000000 0.000000 0.000000
230 1 37.099286 39.145059 189.556368 1.000000 1.000000 1.000000 0.983094
230 0.000000 0.000000 0.000000
231 1 97.405769 28.985521 199.482370 1.000000 1.000000 1.000000 0.983094
231 0.000000 0.000000 0.000000
232 1 21.406243 54.187206 60.816551 1.000000 1.000000 1.000000 0.983094
232 0.000000 0.000000 0.000000
233 1 17.237688 92.068965 26.115607 1.000000 1.000000 1.000000 0.983094
233 0.000000 0.000000 0.000000
237 1 19.652156 80.212831 65.970372 1.000000 1.000000 1.000000 0.983094
237 0.000000 0.000000 0.000000
238 1 25.145455 28.467599 136.659093 1.000000 1.000000 1.000000 0.983094
238 0.000000 0.000000 0.000000
239 1 18.650951 52.953280 163.914780 1.000000 1.000000 1.000000 0.983094
239 0.000000 0.000000 0.000000
240 1 33.497651 46.671507 62.665263 4.000000 4.000000 1.000000 1.237850
240 0.000000 0.000000 0.000000
242 1 26.582979 78.798963 70.635832 1.000000 1.000000 1.000000 0.983094
242 0.000000 0.000000 0.000000
243 1 4.166739 22.383827 84.051946 1.000000 1.000000 1.000000 0.983094
243 0.000000 0.000000 0.000000
244 1 0.004453 69.007002 63.853989 2.000000 2.000000 1.000000 1.127810
244 0.000000 0.000000 0.000000
245 1 90.449637 42.833696 16.294476 1.000000 1.000000 1.000000 0.983094
245 0.000000 0.000000 0.000000
246 1 62.579667 6.716954 85.985527 1.000000 1.000000 1.000000 0.983094
246 0.000000 0.000000 0.000000
247 1 51.760676 44.016620 114.236778 2.000000 2.000000 1.000000 1.127810
247 0.000000 0.000000 0.000000
248 1 4.812886 36.617293 63.633368 1.000000 1.000000 1.000000 0.983094
248 0.000000 0.000000 0.000000
249 1 56.551094 89.357790 187.530749 1.000000 1.000000 1.000000 0.983094
249 0.000000 0.000000 0.000000
250 1 83.424536 2.312436 107.641215 1.000000 1.000000 1.000000 0.983094
250 0.000000 0.000000 0.000000
251 1 42.953522 12.081437 151.480762 1.000000 1.000000 1.000000 0.983094
251 0.000000 0.000000 0.000000
252 1 2.800839 42.264103 49.822586 1.000000 1.000000 1.000000 0.983094
252 0.000000 0.000000 0.000000
254 1 64.571444 54.360714 180.781251 1.000000 1.000000 1.000000 0.983094
254 0.000000 0.000000 0.000000
255 1 0.292439 24.584110 55.763786 1.000000 1.000000 1.000000 0.983094
255 0.000000 0.000000 0.000000
256 1 30.028206 40.900434 161.665953 1.000000 1.000000 1.000000 0.983094
256 0.000000 0.000000 0.000000
257 1 69.878610 64.503277 199.442501 1.000000 1.000000 1.000000 0.983094
257 0.000000 0.000000 0.000000
258 1 40.519157 1.985777 123.748331 1.000000 1.000000 1.000000 0.983094
258 0.000000 0.000000 0.000000
260 1 95.893041 42.010640 152.634221 1.000000 1.000000 1.000000 0.983094
260 0.000000 0.000000 0.000000
261 1 95.541213 77.458921 2.313660 1.000000 1.000000 1.000000 0.983094
261 0.000000 0.000000 0.000000
262 1 66.444620 49.611644 36.367905 1.000000 1.000000 1.000000 0.983094
262 0.000000 0.000000 0.000000
263 1 39.239927 72.597994 15.858118 2.000000 2.000000 1.000000 1.127810
263 0.000000 0.000000 0.000000
266 1 27.994814 11.936658 164.549815 1.000000 1.000000 1.000000 0.983094
266 0.000000 0.000000 0.000000
267 1 52.057877 54.972713 142.575214 1.000000 1.000000 1.000000 0.983094
267 0.000000 0.000000 0.000000
268 1 89.282330 54.628215 171.379407 1.000000 1.000000 1.000000 0.983094
268 0.000000 0.000000 0.000000
269 1 55.758782 40.710578 84.344599 1.000000 1.000000 1.000000 0.983094
269 0.000000 0.000000 0.000000
270 1 22.878200 7.271380 42.538408 1.000000 1.000000 1.000000 0.983094
270 0.000000 0.000000 0.000000
271 1 93.457585 16.357222 150.224002 1.000000 1.000000 1.000000 0.983094
271 0.000000 0.000000 0.000000
273 1 63.921982 97.329325 1.275566 2.000000 2.000000 1.000000 1.127810
273 0.000000 0.000000 0.000000
274 1 87.671346 78.527857 29.210595 1.000000 1.000000 1.000000 0.983094
274 0.000000 0.000000 0.000000
276 1 69.792906 49.234136 118.042018 1.000000 1.000000 1.000000 0.983094
276 0.000000 0.000000 0.000000
277 1 87.654100 7.538994 129.742994 1.000000 1.000000 1.000000 0.983094
277 0.000000 0.000000 0.000000
278 1 7.694477 74.717260 107.280197 1.000000 1.000000 1.000000 0.983094
278 0.000000 0.000000 0.000000
279 1 35.325270 94.037844 40.393685 1.000000 1.000000 1.000000 0.983094
279 0.000000 0.000000 0.000000
281 1 85.415205 35.621597 150.858912 1.000000 1.000000 1.000000 0.983094
281 0.000000 0.000000 0.000000
282 1 15.876056 59.973225 48.625975 1.000000 1.000000 1.000000 0.983094
282 0.000000 0.000000 0.000000
283 1 61.599394 27.510792 79.488029 1.000000 1.000000 1.000000 0.983094
283 0.000000 0.000000 0.000000
284 1 71.779356 51.414526 185.346416 1.000000 1.000000 1.000000 0.983094
284 0.000000 0.000000 0.000000
285 1 62.865241 56.921372 75.601159 2.000000 2.000000 1.000000 1.127810
285 0.000000 0.000000 0.000000
286 1 62.813962 55.067478 84.992099 2.000000 2.000000 1.000000 1.127810
286 0.000000 0.000000 0.000000
287 1 54.835371 91.207109 38.742602 1.000000 1.000000 1.000000 0.983094
287 0.000000 0.000000 0.000000
289 1 6.427315 44.277559 94.738071 1.000000 1.000000 1.000000 0.983094
289 0.000000 0.000000 0.000000
290 1 43.304573 85.923089 88.392723 1.000000 1.000000 1.000000 0.983094
290 0.000000 0.000000 0.000000
292 1 75.601699 95.325126 102.883927 1.000000 1.000000 1.000000 0.983094
292 0.000000 0.000000 0.000000
293 1 24.189139 14.343382 60.795326 3.000000 3.000000 1.000000 1.197480
293 0.000000 0.000000 0.000000
295 1 34.814892 36.158655 102.635341 1.000000 1.000000 1.000000 0.983094
295 0.000000 0.000000 0.000000
296 1 97.792285 79.910534 73.378857 1.000000 1.000000 1.000000 0.983094
296 0.000000 0.000000 0.000000
297 1 20.434417 9.060112 185.079031 1.000000 1.000000 1.000000 0.983094
297 0.000000 0.000000 0.000000
298 1 73.004074 85.018215 101.233293 1.000000 1.000000 1.000000 0.983094
298 0.000000 0.000000 0.000000
299 1 63.159243 39.147186 11.526824 1.000000 1.000000 1.000000 0.983094
299 0.000000 0.000000 0.000000
302 1 62.787519 19.650251 3.963118 1.000000 1.000000 1.000000 0.983094
302 0.000000 0.000000 0.000000
303 1 40.321111 89.198254 159.581373 1.000000 1.000000 1.000000 0.983094
303 0.000000 0.000000 0.000000
304 1 20.205672 19.402128 29.354706 1.000000 1.000000 1.000000 0.983094
304 0.000000 0.000000 0.000000
305 1 50.256602 17.499200 141.767749 1.000000 1.000000 1.000000 0.983094
305 0.000000 0.000000 0.000000
306 1 41.346504 58.691998 77.429156 1.000000 1.000000 1.000000 0.983094
306 0.000000 0.000000 0.000000
307 1 14.211322 44.544069 131.063184 1.000000 1.000000 1.000000 0.983094
307 0.000000 0.000000 0.000000
308 1 33.224590 93.339737 157.226093 1.000000 1.000000 1.000000 0.983094
308 0.000000 0.000000 0.000000
309 1 12.891754 26.220388 191.356086 1.000000 1.000000 1.000000 0.983094
309 0.000000 0.000000 0.000000
311 1 84.610542 89.141305 144.796933 2.000000 2.000000 1.000000 1.127810
311 0.000000 0.000000 0.000000
314 1 70.561097 54.310112 16.337625 1.000000 1.000000 1.000000 0.983094
314 0.000000 0.000000 0.000000
315 1 37.443715 44.747847 49.102305 1.000000 1.000000 1.000000 0.983094
315 0.000000 0.000000 0.000000
317 1 64.721608 3.217582 15.940438 1.000000 1.000000 1.000000 0.983094
317 0.000000 0.000000 0.000000
318 1 16.060448 29.741756 113.488562 1.000000 1.000000 1.000000 0.983094
318 0.000000 0.000000 0.000000
319 1 99.814077 59.010383 133.069764 1.000000 1.000000 1.000000 0.983094
319 0.000000 0.000000 0.000000
320 1 32.809297 49.072284 105.124895 1.000000 1.000000 1.000000 0.983094
320 0.000000 0.000000 0.000000
321 1 90.597229 12.732846 132.805664 1.000000 1.000000 1.000000 0.983094
321 0.000000 0.000000 0.000000
323 1 77.710424 54.501617 125.982660 1.000000 1.000000 1.000000 0.983094
323 0.000000 0.000000 0.000000
325 1 51.837828 66.059271 104.290393 1.000000 1.000000 1.000000 0.983094
325 0.000000 0.000000 0.000000
326 1 95.401178 55.104590 55.373739 1.000000 1.000000 1.000000 0.983094
326 0.000000 0.000000 0.000000
328 1 29.736551 54.147968 167.274762 1.000000 1.000000 1.000000 0.983094
328 0.000000 0.000000 0.000000
329 1 29.171271 83.048250 126.592476 1.000000 1.000000 1.000000 0.983094
329 0.000000 0.000000 0.000000
330 1 27.557372 78.136497 61.064044 1.000000 1.000000 1.000000 0.983094
330 0.000000 0.000000 0.000000
331 1 73.257729 1.584454 60.253248 1.000000 1.000000 1.000000 0.983094
331 0.000000 0.000000 0.000000
332 1 19.256876 35.544863 170.333939 3.000000 3.000000 1.000000 1.197480
332 0.000000 0.000000 0.000000
333 1 72.332756 44.490949 185.845821 1.000000 1.000000 1.000000 0.983094
333 0.000000 0.000000 0.000000
335 1 22.993495 47.681835 60.572569 1.000000 1.000000 1.000000 0.983094
335 0.000000 0.000000 0.000000
336 1 64.325426 34.327091 56.181605 1.000000 1.000000 1.000000 0.983094
336 0.000000 0.000000 0.000000
337 1 21.386251 49.651330 123.684436 1.000000 1.000000 1.000000 0.983094
337 0.000000 0.000000 0.000000
338 1 62.113412 22.700025 155.757843 1.000000 1.000000 1.000000 0.983094
338 0.000000 0.000000 0.000000
340 1 69.675997 91.653149 196.420114 1.000000 1.000000 1.000000 0.983094
340 0.000000 0.000000 0.000000
341 1 46.386093 11.511437 6.652367 2.000000 2.000000 1.000000 1.127810
341 0.000000 0.000000 0.000000
342 1 47.406466 63.961178 34.256561 1.000000 1.000000 1.000000 0.983094
342 0.000000 0.000000 0.000000
343 1 3.061663 33.456282 109.568568 1.000000 1.000000 1.000000 0.983094
343 0.000000 0.000000 0.000000
344 1 84.120935 76.436176 34.916622 1.000000 1.000000 1.000000 0.983094
344 0.000000 0.000000 0.000000
348 1 70.915348 19.505197 72.487210 1.000000 1.000000 1.000000 0.983094
348 0.000000 0.000000 0.000000
349 1 78.585032 31.599059 139.028955 2.000000 2.000000 1.000000 1.127810
349 0.000000 0.000000 0.000000
350 1 40.915956 56.257841 63.718768 1.000000 1.000000 1.000000 0.983094
350 0.000000 0.000000 0.000000
351 1 46.907921 15.602590 171.379182 2.000000 2.000000 1.000000 1.127810
351 0.000000 0.000000 0.000000
352 1 39.381506 61.448291 153.054085 3.000000 3.000000 1.000000 1.197480
352 0.000000 0.000000 0.000000
353 1 51.883416 59.821362 159.962196 1.000000 1.000000 1.000000 0.983094
353 0.000000 0.000000 0.000000
355 1 57.139892 74.746719 126.288277 1.000000 1.000000 1.000000 0.983094
355 0.000000 0.000000 0.000000
356 1 35.999112 16.818242 113.407408 2.000000 2.000000 1.000000 1.127810
356 0.000000 0.000000 0.000000
357 1 59.138122 14.138892 14.645385 1.000000 1.000000 1.000000 0.983094
357 0.000000 0.000000 0.000000
358 1 71.042285 32.897886 108.188581 1.000000 1.000000 1.000000 0.983094
358 0.000000 0.000000 0.000000
359 1 56.258746 59.005617 149.532902 1.000000 1.000000 1.000000 0.983094
359 0.000000 0.000000 0.000000
360 1 92.969742 81.477176 162.110489 1.000000 1.000000 1.000000 0.983094
360 0.000000 0.000000 0.000000
361 1 30.694202 26.985070 111.426496 1.000000 1.000000 1.000000 0.983094
361 0.000000 0.000000 0.000000
362 1 41.734396 79.299312 149.492427 1.000000 1.000000 1.000000 0.983094
362 0.000000 0.000000 0.000000
363 1 12.179612 14.283125 42.975434 1.000000 1.000000 1.000000 0.983094
363 0.000000 0.000000 0.000000
364 1 41.306363 11.424365 97.824706 1.000000 1.000000 1.000000 0.983094
364 0.000000 0.000000 0.000000
367 1 36.922572 68.593879 68.901954 1.000000 1.000000 1.000000 0.983094
367 0.000000 0.000000 0.000000
368 1 45.956612 83.799574 121.177772 3.000000 3.000000 1.000000 1.197480
368 0.000000 0.000000 0.000000
369 1 29.170931 20.040415 185.052787 1.000000 1.000000 1.000000 0.983094
369 0.000000 0.000000 0.000000
370 1 48.583315 24.537718 104.435037 1.000000 1.000000 1.000000 0.983094
370 0.000000 0.000000 0.000000
371 1 34.408256 90.808349 152.694128 1.000000 1.000000 1.000000 0.983094
371 0.000000 0.000000 0.000000
372 1 89.160060 59.976901 171.087020 1.000000 1.000000 1.000000 0.983094
372 0.000000 0.000000 0.000000
373 1 83.437895 92.453012 121.489531 1.000000 1.000000 1.000000 0.983094
373 0.000000 0.000000 0.000000
375 1 93.825675 32.645408 156.791679 1.000000 1.000000 1.000000 0.983094
375 0.000000 0.000000 0.000000
376 1 98.599700 42.407051 165.414167 1.000000 1.000000 1.000000 0.983094
376 0.000000 0.000000 0.000000
377 1 0.892515 55.580248 107.156993 1.000000 1.000000 1.000000 0.983094
377 0.000000 0.000000 0.000000
378 1 3.428853 75.296294 67.366204 2.000000 2.000000 1.000000 1.127810
378 0.000000 0.000000 0.000000
380 1 95.469992 82.067990 27.474017 1.000000 1.000000 1.000000 0.983094
380 0.000000 0.000000 0.000000
381 1 31.491384 24.733032 99.167704 1.000000 1.000000 1.000000 0.983094
381 0.000000 0.000000 0.000000
382 1 58.015977 12.945995 160.985264 1.000000 1.000000 1.000000 0.983094
382 0.000000 0.000000 0.000000
383 1 4.060456 3.659276 141.372535 1.000000 1.000000 1.000000 0.983094
383 0.000000 0.000000 0.000000
384 1 60.504169 78.119843 101.970914 1.000000 1.000000 1.000000 0.983094
384 0.000000 0.000000 0.000000
385 1 18.331141 14.613767 157.706778 2.000000 2.000000 1.000000 1.127810
385 0.000000 0.000000 0.000000
387 1 55.437776 21.650279 18.355300 1.000000 1.000000 1.000000 0.983094
387 0.000000 0.000000 0.000000
388 1 57.290715 7.600342 156.195438 1.000000 1.000000 1.000000 0.983094
388 0.000000 0.000000 0.000000
391 1 27.897477 16.634365 59.395472 1.000000 1.000000 1.000000 0.983094
391 0.000000 0.000000 0.000000
392 1 39.537413 85.187514 99.337427 2.000000 2.000000 1.000000 1.127810
392 0.000000 0.000000 0.000000
394 1 43.067394 74.012144 179.317196 4.000000 4.000000 1.000000 1.237850
394 0.000000 0.000000 0.000000
396 1 51.493897 48.016647 22.740973 1.000000 1.000000 1.000000 0.983094
396 0.000000 0.000000 0.000000
397 1 61.523761 55.191317 37.367152 1.000000 1.000000 1.000000 0.983094
397 0.000000 0.000000 0.000000
398 1 78.795648 91.923255 53.357113 1.000000 1.000000 1.000000 0.983094
398 0.000000 0.000000 0.000000
399 1 29.827113 71.726700 65.968214 1.000000 1.000000 1.000000 0.983094
399 0.000000 0.000000 0.000000
400 1 95.961557 14.067010 10.950193 1.000000 1.000000 1.000000 0.983094
400 0.000000 0.000000 0.000000
401 1 74.087394 99.648739 17.431457 1.000000 1.000000 1.000000 0.983094
401 0.000000 0.000000 0.000000
402 1 79.909056 51.424290 190.427128 1.000000 1.000000 1.000000 0.983094
402 0.000000 0.000000 0.000000
403 1 27.980753 69.397144 135.977159 1.000000 1.000000 1.000000 0.983094
403 0.000000 0.000000 0.000000
404 1 28.560207 33.425795 79.098384 1.000000 1.000000 1.000000 0.983094
404 0.000000 0.000000 0.000000
405 1 91.637587 45.846632 17.576692 1.000000 1.000000 1.000000 0.983094
405 0.000000 0.000000 0.000000
406 1 55.914691 95.965953 125.102435 1.000000 1.000000 1.000000 0.983094
406 0.000000 0.000000 0.000000
407 1 72.891529 16.398389 170.830928 1.000000 1.000000 1.000000 0.983094
407 0.000000 0.000000 0.000000
408 1 80.866139 21.013614 81.099662 1.000000 1.000000 1.000000 0.983094
408 0.000000 0.000000 0.000000
409 1 6.199846 6.949492 132.507893 1.000000 1.000000 1.000000 0.983094
409 0.000000 0.000000 0.000000
410 1 96.105938 29.162049 109.373981 1.000000 1.000000 1.000000 0.983094
410 0.000000 0.000000 0.000000
411 1 51.508083 35.758086 30.691233 1.000000 1.000000 1.000000 0.983094
411 0.000000 0.000000 0.000000
412 1 68.732984 86.078218 145.705985 1.000000 1.000000 1.000000 0.983094
412 0.000000 0.000000 0.000000
414 1 98.276079 60.882772 70.140693 1.000000 1.000000 1.000000 0.983094
414 0.000000 0.000000 0.000000
415 1 1.878384 84.507284 59.113391 1.000000 1.000000 1.000000 0.983094
415 0.000000 0.000000 0.000000
416 1 66.768728 86.131300 192.362097 3.000000 3.000000 1.000000 1.197480
416 0.000000 0.000000 0.000000
418 1 21.189401 86.321573 41.896253 2.000000 2.000000 1.000000 1.127810
418 0.000000 0.000000 0.000000
420 1 4.314998 5.823088 69.801954 1.000000 1.000000 1.000000 0.983094
420 0.000000 0.000000 0.000000
421 1 42.993677 92.860731 199.919181 1.000000 1.000000 1.000000 0.983094
421 0.000000 0.000000 0.000000
424 1 66.613318 48.244789 150.113149 1.000000 1.000000 1.000000 0.983094
424 0.000000 0.000000 0.000000
426 1 9.326204 44.198127 26.161175 2.000000 2.000000 1.000000 1.127810
426 0.000000 0.000000 0.000000
427 1 2.048825 97.020824 166.277413 1.000000 1.000000 1.000000 0.983094
427 0.000000 0.000000 0.000000
428 1 3.836502 45.616089 73.090582 1.000000 1.000000 1.000000 0.983094
428 0.000000 0.000000 0.000000
429 1 40.839242 82.172301 160.481076 2.000000 2.000000 1.000000 1.127810
429 0.000000 0.000000 0.000000
430 1 42.371522 66.861872 20.313511 3.000000 3.000000 1.000000 1.197480
430 0.000000 0.000000 0.000000
431 1 97.622123 37.095146 79.291866 1.000000 1.000000 1.000000 0.983094
431 0.000000 0.000000 0.000000
433 1 26.562770 62.701531 169.840228 2.000000 2.000000 1.000000 1.127810
433 0.000000 0.000000 0.000000
434 1 12.297052 29.218678 81.500061 1.000000 1.000000 1.000000 0.983094
434 0.000000 0.000000 0.000000
436 1 93.422556 49.794311 47.108845 1.000000 1.000000 1.000000 0.983094
436 0.000000 0.000000 0.000000
439 1 57.251496 19.827633 81.730215 1.000000 1.000000 1.000000 0.983094
439 0.000000 0.000000 0.000000
441 1 76.556978 61.760816 154.779175 1.000000 1.000000 1.000000 0.983094
441 0.000000 0.000000 0.000000
442 1 86.666501 80.758552 110.249697 1.000000 1.000000 1.000000 0.983094
442 0.000000 0.000000 0.000000
446 1 21.455256 37.833439 44.049640 1.000000 1.000000 1.000000 0.983094
446 0.000000 0.000000 0.000000
447 1 4.330629 46.457036 126.805281 2.000000 2.000000 1.000000 1.127810
447 0.000000 0.000000 0.000000
448 1 57.820232 93.222715 112.717358 1.000000 1.000000 1.000000 0.983094
448 0.000000 0.000000 0.000000
449 1 10.218193 39.366860 82.198865 1.000000 1.000000 1.000000 0.983094
449 0.000000 0.000000 0.000000
450 1 37.815763 51.354581 169.097457 1.000000 1.000000 1.000000 0.983094
450 0.000000 0.000000 0.000000
451 1 62.119172 94.772131 190.173024 1.000000 1.000000 1.000000 0.983094
451 0.000000 0.000000 0.000000
452 1 70.255079 3.227141 46.849961 3.000000 3.000000 1.000000 1.197480
452 0.000000 0.000000 0.000000
453 1 84.701436 1.907192 190.462799 2.000000 2.000000 1.000000 1.127810
453 0.000000 0.000000 0.000000
456 1 2.216617 4.201973 108.392872 1.000000 1.000000 1.000000 0.983094
456 0.000000 0.000000 0.000000
457 1 80.113700 15.640581 166.054603 2.000000 2.000000 1.000000 1.127810
457 0.000000 0.000000 0.000000
459 1 61.684716 33.858617 104.470876 1.000000 1.000000 1.000000 0.983094
459 0.000000 0.000000 0.000000
460 1 65.101482 11.678369 57.033303 1.000000 1.000000 1.000000 0.983094
460 0.000000 0.000000 0.000000
461 1 94.592821 91.188787 13.711009 1.000000 1.000000 1.000000 0.983094
461 0.000000 0.000000 0.000000
462 1 5.026935 59.459251 165.747008 3.000000 3.000000 1.000000 1.197480
462 0.000000 0.000000 0.000000
464 1 54.100265 67.838466 62.054202 1.000000 1.000000 1.000000 0.983094
464 0.000000 0.000000 0.000000
465 1 96.194192 7.297113 51.457828 1.000000 1.000000 1.000000 0.983094
465 0.000000 0.000000 0.000000
466 1 49.095987 57.482995 193.693922 3.000000 3.000000 1.000000 1.197480
466 0.000000 0.000000 0.000000
467 1 72.513521 80.808773 172.920426 1.000000 1.000000 1.000000 0.983094
467 0.000000 0.000000 0.000000
469 1 15.037515 87.390894 187.482772 3.000000 3.000000 1.000000 1.197480
469 0.000000 0.000000 0.000000
470 1 7.106136 32.552284 120.298151 1.000000 1.000000 1.000000 0.983094
470 0.000000 0.000000 0.000000
471 1 83.240006 79.725342 125.765120 2.000000 2.000000 1.000000 1.127810
471 0.000000 0.000000 0.000000
473 1 27.459042 57.782356 21.914537 1.000000 1.000000 1.000000 0.983094
473 0.000000 0.000000 0.000000
474 1 18.749312 96.573879 172.571749 2.000000 2.000000 1.000000 1.127810
474 0.000000 0.000000 0.000000
475 1 11.250255 90.165700 76.294256 1.000000 1.000000 1.000000 0.983094
475 0.000000 0.000000 0.000000
478 1 24.243688 77.205785 124.676349 1.000000 1.000000 1.000000 0.983094
478 0.000000 0.000000 0.000000
481 1 2.913760 6.705235 187.286770 1.000000 1.000000 1.000000 0.983094
481 0.000000 0.000000 0.000000
482 1 43.502825 82.802850 58.834478 2.000000 2.000000 1.000000 1.127810
482 0.000000 0.000000 0.000000
483 1 88.861910 71.599664 18.349117 1.000000 1.000000 1.000000 0.983094
483 0.000000 0.000000 0.000000
484 1 70.770787 0.331522 51.442255 1.000000 1.000000 1.000000 0.983094
484 0.000000 0.000000 0.000000
486 1 42.281970 41.288493 95.824704 1.000000 1.000000 1.000000 0.983094
486 0.000000 0.000000 0.000000
488 1 5.710049 51.218799 76.914281 1.000000 1.000000 1.000000 0.983094
488 0.000000 0.000000 0.000000
489 1 90.166833 31.697810 45.948271 3.000000 3.000000 1.000000 1.197480
489 0.000000 0.000000 0.000000
491 1 70.378911 97.812031 74.149074 1.000000 1.000000 1.000000 0.983094
491 0.000000 0.000000 0.000000
492 1 79.954918 11.699019 18.719851 1.000000 1.000000 1.000000 0.983094
492 0.000000 0.000000 0.000000
493 1 81.597083 62.028469 48.100961 1.000000 1.000000 1.000000 0.983094
493 0.000000 0.000000 0.000000
495 1 56.188430 10.716087 10.348084 1.000000 1.000000 1.000000 0.983094
495 0.000000 0.000000 0.000000
496 1 79.073694 39.032363 165.571624 1.000000 1.000000 1.000000 0.983094
496 0.000000 0.000000 0.000000
498 1 87.035178 76.590947 180.219048 1.000000 1.000000 1.000000 0.983094
498 0.000000 0.000000 0.000000
499 1 3.154159 56.640315 105.988669 5.000000 5.000000 1.000000 1.263720
499 0.000000 0.000000 0.000000
