RESTART FILE
Timestep: 200

NUMBER OF PARTICLES
461

SIMULATION BOX
100 100 200

TIMESTEP
0.1

ATTRACTION RADIUS
25
0.983094 1.12781 1.19748 1.23785 1.26372 1.28133 1.2939 1.30312 1.31014 1.31562 1.32005 1.32351 1.32648 1.32881 1.33082 1.33244 1.33389 1.33515 1.3363 1.33723 1.33803 1.33868 1.33937 1.33991 1.34042 

AGGREGATES/BEADS
0 1 94.974950 84.419208 43.134993 1.000000 1.000000 1.000000 0.983094
0 0.000000 0.000000 0.000000
1 1 83.453029 6.790720 130.634692 1.000000 1.000000 1.000000 0.983094
1 0.000000 0.000000 0.000000
3 1 88.493602 73.682722 117.597192 1.000000 1.000000 1.000000 0.983094
3 0.000000 0.000000 0.000000
4 1 45.571299 84.504835 110.636337 1.000000 1.000000 1.000000 0.983094
4 0.000000 0.000000 0.000000
5 1 35.311033 70.407469 198.420569 1.000000 1.000000 1.000000 0.983094
5 0.000000 0.000000 0.000000
6 1 88.336452 0.228015 4.652571 1.000000 1.000000 1.000000 0.983094
6 0.000000 0.000000 0.000000
7 1 59.896846 13.097082 154.978053 1.000000 1.000000 1.000000 0.983094
7 0.000000 0.000000 0.000000
8 1 47.778499 94.074190 107.217756 1.000000 1.000000 1.000000 0.983094
8 0.000000 0.000000 0.000000
9 1 42.571927 25.752359 48.890224 1.000000 1.000000 1.000000 0.983094
9 0.000000 0.000000 0.000000
10 1 90.721977 93.434503 25.495783 1.000000 1.000000 1.000000 0.983094
10 0.000000 0.000000 0.000000
11 1 37.044685 57.777602 23.149939 1.000000 1.000000 1.000000 0.983094
11 0.000000 0.000000 0.000000
12 1 76.645206 75.507380 66.782083 1.000000 1.000000 1.000000 0.983094
12 0.000000 0.000000 0.000000
13 1 42.743209 57.522730 22.763070 1.000000 1.000000 1.000000 0.983094
13 0.000000 0.000000 0.000000
14 1 34.273991 18.925790 23.009568 1.000000 1.000000 1.000000 0.983094
14 0.000000 0.000000 0.000000
15 1 50.393818 56.088636 192.978060 1.000000 1.000000 1.000000 0.983094
15 0.000000 0.000000 0.000000
16 1 51.994837 75.417527 13.505780 1.000000 1.000000 1.000000 0.983094
16 0.000000 0.000000 0.000000
17 1 91.956387 76.879096 98.779008 2.000000 2.000000 1.000000 1.127810
17 0.000000 0.000000 0.000000
18 1 68.698646 78.179059 170.070266 1.000000 1.000000 1.000000 0.983094
18 0.000000 0.000000 0.000000
19 1 56.089708 54.629771 187.413399 1.000000 1.000000 1.000000 0.983094
19 0.000000 0.000000 0.000000
20 1 79.116819 14.205917 105.761717 1.000000 1.000000 1.000000 0.983094
20 0.000000 0.000000 0.000000
21 1 9.978881 39.823783 33.775882 2.000000 2.000000 1.000000 1.127810
21 0.000000 0.000000 0.000000
22 1 73.104449 37.786005 138.000967 1.000000 1.000000 1.000000 0.983094
22 0.000000 0.000000 0.000000
23 1 79.263193 45.432932 108.219895 1.000000 1.000000 1.000000 0.983094
23 0.000000 0.000000 0.000000
24 1 26.683624 75.887491 87.293474 1.000000 1.000000 1.000000 0.983094
24 0.000000 0.000000 0.000000
25 1 80.863255 85.916349 76.498620 1.000000 1.000000 1.000000 0.983094
25 0.000000 0.000000 0.000000
26 1 94.031871 43.073884 50.643090 1.000000 1.000000 1.000000 0.983094
26 0.000000 0.000000 0.000000
29 1 33.494523 30.568549 17.089740 1.000000 1.000000 1.000000 0.983094
29 0.000000 0.000000 0.000000
30 1 15.710029 41.434699 197.374999 1.000000 1.000000 1.000000 0.983094
30 0.000000 0.000000 0.000000
31 1 93.658573 36.600473 12.992101 1.000000 1.000000 1.000000 0.983094
31 0.000000 0.000000 0.000000
32 1 97.024761 60.318847 150.111395 1.000000 1.000000 1.000000 0.983094
32 0.000000 0.000000 0.000000
33 1 66.400292 56.390910 26.235433 1.000000 1.000000 1.000000 0.983094
33 0.000000 0.000000 0.000000
35 1 35.268340 20.420393 31.746667 1.000000 1.000000 1.000000 0.983094
35 0.000000 0.000000 0.000000
36 1 75.417664 4.962245 50.756922 1.000000 1.000000 1.000000 0.983094
36 0.000000 0.000000 0.000000
37 1 99.435232 9.825806 147.913630 1.000000 1.000000 1.000000 0.983094
37 0.000000 0.000000 0.000000
38 1 71.495428 67.113958 69.098524 1.000000 1.000000 1.000000 0.983094
38 0.000000 0.000000 0.000000
39 1 48.742307 95.260563 20.137013 1.000000 1.000000 1.000000 0.983094
39 0.000000 0.000000 0.000000
40 1 90.640803 97.517284 78.145492 2.000000 2.000000 1.000000 1.127810
40 0.000000 0.000000 0.000000
41 1 76.037901 25.781231 97.042753 1.000000 1.000000 1.000000 0.983094
41 0.000000 0.000000 0.000000
42 1 26.629677 75.547516 131.222268 1.000000 1.000000 1.000000 0.983094
42 0.000000 0.000000 0.000000
44 1 68.443216 69.887061 107.358106 1.000000 1.000000 1.000000 0.983094
44 0.000000 0.000000 0.000000
45 1 49.748369 2.444498 85.885605 1.000000 1.000000 1.000000 0.983094
45 0.000000 0.000000 0.000000
46 1 41.099119 94.316991 47.234398 1.000000 1.000000 1.000000 0.983094
46 0.000000 0.000000 0.000000
47 1 29.012062 67.186960 23.770228 2.000000 2.000000 1.000000 1.127810
47 0.000000 0.000000 0.000000
48 1 49.934239 34.348328 8.637734 1.000000 1.000000 1.000000 0.983094
48 0.000000 0.000000 0.000000
49 1 76.248668 49.768898 32.085276 1.000000 1.000000 1.000000 0.983094
49 0.000000 0.000000 0.000000
50 1 94.250144 76.896284 15.209252 1.000000 1.000000 1.000000 0.983094
50 0.000000 0.000000 0.000000
51 1 10.481591 44.750843 131.176826 1.000000 1.000000 1.000000 0.983094
51 0.000000 0.000000 0.000000
52 1 65.130990 99.647648 157.061203 1.000000 1.000000 1.000000 0.983094
52 0.000000 0.000000 0.000000
53 1 70.365221 87.985132 60.111124 1.000000 1.000000 1.000000 0.983094
53 0.000000 0.000000 0.000000
54 1 39.208999 49.993230 50.798407 1.000000 1.000000 1.000000 0.983094
54 0.000000 0.000000 0.000000
55 1 47.403305 66.297174 118.968980 1.000000 1.000000 1.000000 0.983094
55 0.000000 0.000000 0.000000
56 1 19.292915 65.541261 3.263995 1.000000 1.000000 1.000000 0.983094
56 0.000000 0.000000 0.000000
57 1 80.951908 98.661487 167.976325 1.000000 1.000000 1.000000 0.983094
57 0.000000 0.000000 0.000000
58 1 27.997125 48.878520 29.161031 1.000000 1.000000 1.000000 0.983094
58 0.000000 0.000000 0.000000
60 1 5.004455 37.523772 29.477478 1.000000 1.000000 1.000000 0.983094
60 0.000000 0.000000 0.000000
61 1 70.233425 0.303561 184.103602 1.000000 1.000000 1.000000 0.983094
61 0.000000 0.000000 0.000000
62 1 52.188787 18.077945 109.742166 2.000000 2.000000 1.000000 1.127810
62 0.000000 0.000000 0.000000
63 1 22.565645 11.316758 44.861694 1.000000 1.000000 1.000000 0.983094
63 0.000000 0.000000 0.000000
64 1 53.243741 80.824534 86.923053 2.000000 2.000000 1.000000 1.127810
64 0.000000 0.000000 0.000000
65 1 93.829015 75.527223 98.729662 1.000000 1.000000 1.000000 0.983094
65 0.000000 0.000000 0.000000
66 1 88.719006 60.890900 197.783915 1.000000 1.000000 1.000000 0.983094
66 0.000000 0.000000 0.000000
67 1 74.219331 26.326606 10.940504 1.000000 1.000000 1.000000 0.983094
67 0.000000 0.000000 0.000000
68 1 12.025655 33.547982 143.624459 1.000000 1.000000 1.000000 0.983094
68 0.000000 0.000000 0.000000
69 1 82.420263 69.422852 196.004736 1.000000 1.000000 1.000000 0.983094
69 0.000000 0.000000 0.000000
70 1 46.314017 51.597196 93.052296 1.000000 1.000000 1.000000 0.983094
70 0.000000 0.000000 0.000000
71 1 67.884295 68.493229 7.833809 2.000000 2.000000 1.000000 1.127810
71 0.000000 0.000000 0.000000
72 1 88.889162 86.724987 68.765379 1.000000 1.000000 1.000000 0.983094
72 0.000000 0.000000 0.000000
74 1 38.173960 17.319273 75.444424 1.000000 1.000000 1.000000 0.983094
74 0.000000 0.000000 0.000000
75 1 5.554169 15.948331 102.817132 1.000000 1.000000 1.000000 0.983094
75 0.000000 0.000000 0.000000
76 1 75.247301 43.933123 15.920618 1.000000 1.000000 1.000000 0.983094
76 0.000000 0.000000 0.000000
77 1 90.627714 56.356040 57.172227 1.000000 1.000000 1.000000 0.983094
77 0.000000 0.000000 0.000000
79 1 21.622170 98.575219 189.765908 1.000000 1.000000 1.000000 0.983094
79 0.000000 0.000000 0.000000
80 1 12.916332 75.257993 38.491237 1.000000 1.000000 1.000000 0.983094
80 0.000000 0.000000 0.000000
81 1 75.212445 17.926363 21.302818 1.000000 1.000000 1.000000 0.983094
81 0.000000 0.000000 0.000000
83 1 45.838690 94.042555 176.756919 1.000000 1.000000 1.000000 0.983094
83 0.000000 0.000000 0.000000
84 1 74.724536 17.244128 176.849496 1.000000 1.000000 1.000000 0.983094
84 0.000000 0.000000 0.000000
85 1 35.973336 7.439080 86.873862 1.000000 1.000000 1.000000 0.983094
85 0.000000 0.000000 0.000000
86 1 96.331325 14.506813 61.561211 1.000000 1.000000 1.000000 0.983094
86 0.000000 0.000000 0.000000
87 1 71.913971 49.031241 88.359375 1.000000 1.000000 1.000000 0.983094
87 0.000000 0.000000 0.000000
88 1 11.427574 78.735389 157.462829 1.000000 1.000000 1.000000 0.983094
88 0.000000 0.000000 0.000000
89 1 23.509732 31.902650 122.467940 1.000000 1.000000 1.000000 0.983094
89 0.000000 0.000000 0.000000
90 1 7.470818 87.393124 30.661486 1.000000 1.000000 1.000000 0.983094
90 0.000000 0.000000 0.000000
91 1 93.069166 2.247257 16.320764 1.000000 1.000000 1.000000 0.983094
91 0.000000 0.000000 0.000000
92 1 10.226500 35.685619 84.462352 1.000000 1.000000 1.000000 0.983094
92 0.000000 0.000000 0.000000
93 1 42.406073 94.605046 182.590541 1.000000 1.000000 1.000000 0.983094
93 0.000000 0.000000 0.000000
94 1 84.823164 85.916547 120.531158 1.000000 1.000000 1.000000 0.983094
94 0.000000 0.000000 0.000000
95 1 71.035772 18.518477 65.928854 1.000000 1.000000 1.000000 0.983094
95 0.000000 0.000000 0.000000
96 1 74.395345 29.725343 23.554294 1.000000 1.000000 1.000000 0.983094
96 0.000000 0.000000 0.000000
97 1 46.338394 97.934477 24.935266 1.000000 1.000000 1.000000 0.983094
97 0.000000 0.000000 0.000000
98 1 58.421884 33.127179 39.776784 1.000000 1.000000 1.000000 0.983094
98 0.000000 0.000000 0.000000
99 1 65.359215 80.975618 56.965175 1.000000 1.000000 1.000000 0.983094
99 0.000000 0.000000 0.000000
100 1 87.572770 26.938276 0.774880 1.000000 1.000000 1.000000 0.983094
100 0.000000 0.000000 0.000000
101 1 60.527120 7.127758 124.854963 1.000000 1.000000 1.000000 0.983094
101 0.000000 0.000000 0.000000
102 1 25.332487 60.064969 118.709936 1.000000 1.000000 1.000000 0.983094
102 0.000000 0.000000 0.000000
103 1 67.738482 53.011512 131.965818 1.000000 1.000000 1.000000 0.983094
103 0.000000 0.000000 0.000000
104 1 56.425962 8.652025 62.156540 3.000000 3.000000 1.000000 1.197480
104 0.000000 0.000000 0.000000
105 1 78.635630 53.319928 191.226826 1.000000 1.000000 1.000000 0.983094
105 0.000000 0.000000 0.000000
106 1 66.619488 26.393342 159.039700 1.000000 1.000000 1.000000 0.983094
106 0.000000 0.000000 0.000000
108 1 28.481710 32.355163 177.945243 1.000000 1.000000 1.000000 0.983094
108 0.000000 0.000000 0.000000
109 1 5.533431 30.471383 170.454985 1.000000 1.000000 1.000000 0.983094
109 0.000000 0.000000 0.000000
110 1 41.276045 52.828814 170.943794 1.000000 1.000000 1.000000 0.983094
110 0.000000 0.000000 0.000000
111 1 72.905094 15.679697 65.721135 1.000000 1.000000 1.000000 0.983094
111 0.000000 0.000000 0.000000
112 1 30.722295 24.939197 43.502918 1.000000 1.000000 1.000000 0.983094
112 0.000000 0.000000 0.000000
113 1 25.879523 75.994896 130.221268 1.000000 1.000000 1.000000 0.983094
113 0.000000 0.000000 0.000000
115 1 75.454513 40.353633 143.336816 1.000000 1.000000 1.000000 0.983094
115 0.000000 0.000000 0.000000
116 1 54.089348 85.193962 112.002312 1.000000 1.000000 1.000000 0.983094
116 0.000000 0.000000 0.000000
117 1 28.085318 73.403488 5.157722 1.000000 1.000000 1.000000 0.983094
117 0.000000 0.000000 0.000000
118 1 37.574229 3.136870 58.830634 1.000000 1.000000 1.000000 0.983094
118 0.000000 0.000000 0.000000
119 1 37.646752 58.731306 170.361776 1.000000 1.000000 1.000000 0.983094
119 0.000000 0.000000 0.000000
120 1 99.453374 54.912823 26.585879 3.000000 3.000000 1.000000 1.197480
120 0.000000 0.000000 0.000000
121 1 55.039128 30.838333 63.033709 1.000000 1.000000 1.000000 0.983094
121 0.000000 0.000000 0.000000
122 1 57.862794 15.123912 168.663995 1.000000 1.000000 1.000000 0.983094
122 0.000000 0.000000 0.000000
123 1 1.113359 87.139985 8.981463 1.000000 1.000000 1.000000 0.983094
123 0.000000 0.000000 0.000000
124 1 55.060761 76.745636 191.980383 1.000000 1.000000 1.000000 0.983094
124 0.000000 0.000000 0.000000
125 1 82.283104 34.847268 71.721622 1.000000 1.000000 1.000000 0.983094
125 0.000000 0.000000 0.000000
126 1 15.882750 85.449666 81.694579 1.000000 1.000000 1.000000 0.983094
126 0.000000 0.000000 0.000000
128 1 51.338943 13.191620 144.187469 1.000000 1.000000 1.000000 0.983094
128 0.000000 0.000000 0.000000
129 1 67.168636 52.101103 162.284199 1.000000 1.000000 1.000000 0.983094
129 0.000000 0.000000 0.000000
130 1 1.698164 25.095792 129.164215 1.000000 1.000000 1.000000 0.983094
130 0.000000 0.000000 0.000000
131 1 63.670098 85.513588 101.454509 1.000000 1.000000 1.000000 0.983094
131 0.000000 0.000000 0.000000
132 1 53.343274 43.865526 41.103045 1.000000 1.000000 1.000000 0.983094
132 0.000000 0.000000 0.000000
133 1 56.720868 96.763044 73.206408 1.000000 1.000000 1.000000 0.983094
133 0.000000 0.000000 0.000000
134 1 61.616673 42.230888 55.282878 1.000000 1.000000 1.000000 0.983094
134 0.000000 0.000000 0.000000
136 1 15.181921 37.756683 86.965724 1.000000 1.000000 1.000000 0.983094
136 0.000000 0.000000 0.000000
137 1 23.284954 67.126855 163.784917 1.000000 1.000000 1.000000 0.983094
137 0.000000 0.000000 0.000000
139 1 21.181599 46.078435 180.943310 1.000000 1.000000 1.000000 0.983094
139 0.000000 0.000000 0.000000
140 1 71.600598 67.147297 162.202410 1.000000 1.000000 1.000000 0.983094
140 0.000000 0.000000 0.000000
141 1 39.344168 73.634429 92.343424 1.000000 1.000000 1.000000 0.983094
141 0.000000 0.000000 0.000000
142 1 6.905854 8.773010 89.152384 1.000000 1.000000 1.000000 0.983094
142 0.000000 0.000000 0.000000
143 1 75.055144 37.390043 155.665638 1.000000 1.000000 1.000000 0.983094
143 0.000000 0.000000 0.000000
144 1 3.310731 37.276685 177.431514 1.000000 1.000000 1.000000 0.983094
144 0.000000 0.000000 0.000000
145 1 70.911860 81.224289 180.179321 1.000000 1.000000 1.000000 0.983094
145 0.000000 0.000000 0.000000
146 1 54.529008 55.714339 35.290901 2.000000 2.000000 1.000000 1.127810
146 0.000000 0.000000 0.000000
147 1 69.479636 54.615833 103.467921 1.000000 1.000000 1.000000 0.983094
147 0.000000 0.000000 0.000000
148 1 23.253376 3.681812 149.436889 1.000000 1.000000 1.000000 0.983094
148 0.000000 0.000000 0.000000
149 1 26.954216 31.345169 89.611605 1.000000 1.000000 1.000000 0.983094
149 0.000000 0.000000 0.000000
150 1 58.516984 25.655445 33.467543 1.000000 1.000000 1.000000 0.983094
150 0.000000 0.000000 0.000000
151 1 22.043021 37.902940 159.968059 1.000000 1.000000 1.000000 0.983094
151 0.000000 0.000000 0.000000
152 1 40.675458 63.679720 117.913192 1.000000 1.000000 1.000000 0.983094
152 0.000000 0.000000 0.000000
154 1 1.222602 67.491151 115.353055 1.000000 1.000000 1.000000 0.983094
154 0.000000 0.000000 0.000000
155 1 17.004056 35.250640 8.475819 1.000000 1.000000 1.000000 0.983094
155 0.000000 0.000000 0.000000
156 1 94.659181 87.719756 78.941132 1.000000 1.000000 1.000000 0.983094
156 0.000000 0.000000 0.000000
157 1 24.498398 63.128162 139.572011 1.000000 1.000000 1.000000 0.983094
157 0.000000 0.000000 0.000000
158 1 30.207396 28.330618 175.509991 1.000000 1.000000 1.000000 0.983094
158 0.000000 0.000000 0.000000
159 1 51.798571 22.458972 179.623608 1.000000 1.000000 1.000000 0.983094
159 0.000000 0.000000 0.000000
160 1 29.304592 83.234447 34.817968 1.000000 1.000000 1.000000 0.983094
160 0.000000 0.000000 0.000000
161 1 2.777185 52.335512 119.289450 1.000000 1.000000 1.000000 0.983094
161 0.000000 0.000000 0.000000
162 1 45.923994 1.827265 113.345822 1.000000 1.000000 1.000000 0.983094
162 0.000000 0.000000 0.000000
163 1 34.087941 83.231495 26.548533 1.000000 1.000000 1.000000 0.983094
163 0.000000 0.000000 0.000000
164 1 13.909276 29.029180 172.191005 2.000000 2.000000 1.000000 1.127810
164 0.000000 0.000000 0.000000
165 1 87.633955 27.699578 158.630814 2.000000 2.000000 1.000000 1.127810
165 0.000000 0.000000 0.000000
166 1 62.322954 94.304596 97.436454 1.000000 1.000000 1.000000 0.983094
166 0.000000 0.000000 0.000000
167 1 47.987364 97.180770 25.807284 1.000000 1.000000 1.000000 0.983094
167 0.000000 0.000000 0.000000
168 1 95.324341 12.372573 157.482628 1.000000 1.000000 1.000000 0.983094
168 0.000000 0.000000 0.000000
169 1 55.291017 14.416027 42.977807 1.000000 1.000000 1.000000 0.983094
169 0.000000 0.000000 0.000000
170 1 21.186988 68.863665 184.603009 1.000000 1.000000 1.000000 0.983094
170 0.000000 0.000000 0.000000
171 1 74.558124 90.777390 109.295821 1.000000 1.000000 1.000000 0.983094
171 0.000000 0.000000 0.000000
172 1 18.866146 40.132374 68.183409 1.000000 1.000000 1.000000 0.983094
172 0.000000 0.000000 0.000000
173 1 41.267026 68.774855 87.648920 1.000000 1.000000 1.000000 0.983094
173 0.000000 0.000000 0.000000
175 1 37.222633 19.117688 121.857085 1.000000 1.000000 1.000000 0.983094
175 0.000000 0.000000 0.000000
176 1 27.824548 1.451110 78.216272 1.000000 1.000000 1.000000 0.983094
176 0.000000 0.000000 0.000000
177 1 55.404529 24.830121 113.161820 1.000000 1.000000 1.000000 0.983094
177 0.000000 0.000000 0.000000
178 1 41.774939 24.351945 13.041273 1.000000 1.000000 1.000000 0.983094
178 0.000000 0.000000 0.000000
179 1 36.256748 86.550422 92.992317 2.000000 2.000000 1.000000 1.127810
179 0.000000 0.000000 0.000000
180 1 36.969386 24.051477 199.973945 1.000000 1.000000 1.000000 0.983094
180 0.000000 0.000000 0.000000
181 1 38.726892 23.378119 195.642356 1.000000 1.000000 1.000000 0.983094
181 0.000000 0.000000 0.000000
182 1 68.880332 54.771606 28.516770 1.000000 1.000000 1.000000 0.983094
182 0.000000 0.000000 0.000000
183 1 99.038512 4.957734 128.146909 1.000000 1.000000 1.000000 0.983094
183 0.000000 0.000000 0.000000
184 1 67.077269 5.028872 74.992753 1.000000 1.000000 1.000000 0.983094
184 0.000000 0.000000 0.000000
185 1 52.843677 3.012493 169.871359 1.000000 1.000000 1.000000 0.983094
185 0.000000 0.000000 0.000000
186 1 82.472012 20.106972 26.481108 1.000000 1.000000 1.000000 0.983094
186 0.000000 0.000000 0.000000
187 1 28.354553 76.832850 52.341586 1.000000 1.000000 1.000000 0.983094
187 0.000000 0.000000 0.000000
188 1 59.728774 95.600014 17.712728 2.000000 2.000000 1.000000 1.127810
188 0.000000 0.000000 0.000000
189 1 80.481546 75.669381 109.609856 1.000000 1.000000 1.000000 0.983094
189 0.000000 0.000000 0.000000
190 1 5.426806 51.947601 45.370090 1.000000 1.000000 1.000000 0.983094
190 0.000000 0.000000 0.000000
191 1 49.525967 69.736730 98.781135 1.000000 1.000000 1.000000 0.983094
191 0.000000 0.000000 0.000000
192 1 63.621804 80.184579 20.067531 1.000000 1.000000 1.000000 0.983094
192 0.000000 0.000000 0.000000
193 1 23.584315 72.638394 192.863854 1.000000 1.000000 1.000000 0.983094
193 0.000000 0.000000 0.000000
194 1 99.519208 41.671246 171.570473 1.000000 1.000000 1.000000 0.983094
194 0.000000 0.000000 0.000000
195 1 12.432137 31.861683 172.107301 1.000000 1.000000 1.000000 0.983094
195 0.000000 0.000000 0.000000
196 1 58.493023 51.055961 112.908260 1.000000 1.000000 1.000000 0.983094
196 0.000000 0.000000 0.000000
197 1 67.212956 13.448076 95.765139 1.000000 1.000000 1.000000 0.983094
197 0.000000 0.000000 0.000000
198 1 95.616938 90.215775 8.362980 1.000000 1.000000 1.000000 0.983094
198 0.000000 0.000000 0.000000
199 1 16.050495 85.080275 170.942277 1.000000 1.000000 1.000000 0.983094
199 0.000000 0.000000 0.000000
200 1 37.191030 31.511680 149.397297 1.000000 1.000000 1.000000 0.983094
200 0.000000 0.000000 0.000000
201 1 30.803279 34.671064 97.217463 1.000000 1.000000 1.000000 0.983094
201 0.000000 0.000000 0.000000
202 1 89.855539 80.992785 196.090820 1.000000 1.000000 1.000000 0.983094
202 0.000000 0.000000 0.000000
203 1 51.361674 85.167231 33.207087 1.000000 1.000000 1.000000 0.983094
203 0.000000 0.000000 0.000000
204 1 35.737135 7.426573 130.079525 1.000000 1.000000 1.000000 0.983094
204 0.000000 0.000000 0.000000
205 1 54.848411 81.221153 29.879629 1.000000 1.000000 1.000000 0.983094
205 0.000000 0.000000 0.000000
206 1 51.037806 12.305045 5.744424 1.000000 1.000000 1.000000 0.983094
206 0.000000 0.000000 0.000000
207 1 32.103062 83.070108 155.801308 1.000000 1.000000 1.000000 0.983094
207 0.000000 0.000000 0.000000
208 1 14.589221 90.301766 94.565780 1.000000 1.000000 1.000000 0.983094
208 0.000000 0.000000 0.000000
209 1 55.634642 79.473698 108.033721 1.000000 1.000000 1.000000 0.983094
209 0.000000 0.000000 0.000000
211 1 54.682890 62.880358 75.229850 1.000000 1.000000 1.000000 0.983094
211 0.000000 0.000000 0.000000
212 1 85.762649 26.047008 108.434424 1.000000 1.000000 1.000000 0.983094
212 0.000000 0.000000 0.000000
213 1 16.993096 39.396941 156.785694 1.000000 1.000000 1.000000 0.983094
213 0.000000 0.000000 0.000000
214 1 54.585320 37.336851 34.102336 1.000000 1.000000 1.000000 0.983094
214 0.000000 0.000000 0.000000
215 1 22.247907 31.291325 54.199767 2.000000 2.000000 1.000000 1.127810
215 0.000000 0.000000 0.000000
216 1 5.665642 64.607171 120.360094 1.000000 1.000000 1.000000 0.983094
216 0.000000 0.000000 0.000000
217 1 40.727001 35.544139 158.827739 1.000000 1.000000 1.000000 0.983094
217 0.000000 0.000000 0.000000
218 1 44.391507 59.244918 103.221285 1.000000 1.000000 1.000000 0.983094
218 0.000000 0.000000 0.000000
219 1 81.288209 75.969051 51.040232 1.000000 1.000000 1.000000 0.983094
219 0.000000 0.000000 0.000000
220 1 78.234906 62.027216 86.910472 1.000000 1.000000 1.000000 0.983094
220 0.000000 0.000000 0.000000
221 1 26.396456 16.523395 158.193684 1.000000 1.000000 1.000000 0.983094
221 0.000000 0.000000 0.000000
222 1 58.049735 41.241498 97.239077 1.000000 1.000000 1.000000 0.983094
222 0.000000 0.000000 0.000000
223 1 89.020718 53.677118 134.486080 1.000000 1.000000 1.000000 0.983094
223 0.000000 0.000000 0.000000
224 1 48.596804 96.228379 184.803101 1.000000 1.000000 1.000000 0.983094
224 0.000000 0.000000 0.000000
225 1 24.791078 30.710763 102.574231 1.000000 1.000000 1.000000 0.983094
225 0.000000 0.000000 0.000000
226 1 17.446565 94.427961 59.502320 1.000000 1.000000 1.000000 0.983094
226 0.000000 0.000000 0.000000
227 1 28.932725 17.474358 176.349020 1.000000 1.000000 1.000000 0.983094
227 0.000000 0.000000 0.000000
228 1 65.756451 49.325039 41.978273 1.000000 1.000000 1.000000 0.983094
228 0.000000 0.000000 0.000000
229 1 42.781651 68.404811 19.063974 1.000000 1.000000 1.000000 0.983094
229 0.000000 0.000000 0.000000
230 1 26.744231 31.598827 1.172036 1.000000 1.000000 1.000000 0.983094
230 0.000000 0.000000 0.000000
231 1 90.870736 27.988023 10.005406 1.000000 1.000000 1.000000 0.983094
231 0.000000 0.000000 0.000000
232 1 4.725309 62.649712 71.189224 1.000000 1.000000 1.000000 0.983094
232 0.000000 0.000000 0.000000
233 1 18.442774 75.420261 30.833330 1.000000 1.000000 1.000000 0.983094
233 0.000000 0.000000 0.000000
234 1 41.157402 41.995961 125.999034 1.000000 1.000000 1.000000 0.983094
234 0.000000 0.000000 0.000000
235 1 26.436450 72.217409 10.906098 1.000000 1.000000 1.000000 0.983094
235 0.000000 0.000000 0.000000
236 1 52.813891 34.295160 199.542329 1.000000 1.000000 1.000000 0.983094
236 0.000000 0.000000 0.000000
237 1 22.004196 75.906043 52.580453 1.000000 1.000000 1.000000 0.983094
237 0.000000 0.000000 0.000000
238 1 29.670955 46.170832 110.534770 1.000000 1.000000 1.000000 0.983094
238 0.000000 0.000000 0.000000
239 1 96.014593 72.103189 171.719457 1.000000 1.000000 1.000000 0.983094
239 0.000000 0.000000 0.000000
240 1 36.996433 30.301718 51.556685 1.000000 1.000000 1.000000 0.983094
240 0.000000 0.000000 0.000000
242 1 29.347894 94.444612 72.559855 1.000000 1.000000 1.000000 0.983094
242 0.000000 0.000000 0.000000
243 1 97.817131 11.441330 74.552833 1.000000 1.000000 1.000000 0.983094
243 0.000000 0.000000 0.000000
244 1 96.527079 64.662267 61.098830 1.000000 1.000000 1.000000 0.983094
244 0.000000 0.000000 0.000000
245 1 87.930227 24.561741 15.155370 1.000000 1.000000 1.000000 0.983094
245 0.000000 0.000000 0.000000
246 1 46.779879 2.586293 102.643592 1.000000 1.000000 1.000000 0.983094
246 0.000000 0.000000 0.000000
247 1 27.800051 24.586660 124.488946 1.000000 1.000000 1.000000 0.983094
247 0.000000 0.000000 0.000000
248 1 97.268072 37.763649 69.106487 1.000000 1.000000 1.000000 0.983094
248 0.000000 0.000000 0.000000
249 1 51.652712 83.762355 2.209888 1.000000 1.000000 1.000000 0.983094
249 0.000000 0.000000 0.000000
250 1 96.241675 4.423226 121.160563 1.000000 1.000000 1.000000 0.983094
250 0.000000 0.000000 0.000000
251 1 60.317735 3.883860 137.650942 1.000000 1.000000 1.000000 0.983094
251 0.000000 0.000000 0.000000
252 1 4.386769 50.507263 56.337282 1.000000 1.000000 1.000000 0.983094
252 0.000000 0.000000 0.000000
254 1 72.928189 63.792249 178.261636 1.000000 1.000000 1.000000 0.983094
254 0.000000 0.000000 0.000000
255 1 9.193167 24.801493 59.603588 1.000000 1.000000 1.000000 0.983094
255 0.000000 0.000000 0.000000
256 1 49.726320 37.657405 150.708041 1.000000 1.000000 1.000000 0.983094
256 0.000000 0.000000 0.000000
257 1 67.587117 71.948237 14.490804 1.000000 1.000000 1.000000 0.983094
257 0.000000 0.000000 0.000000
258 1 40.680620 88.839096 131.471407 1.000000 1.000000 1.000000 0.983094
258 0.000000 0.000000 0.000000
260 1 96.605293 49.512465 170.217984 1.000000 1.000000 1.000000 0.983094
260 0.000000 0.000000 0.000000
261 1 16.369043 82.091683 196.098864 1.000000 1.000000 1.000000 0.983094
261 0.000000 0.000000 0.000000
262 1 76.635481 51.712108 46.213374 1.000000 1.000000 1.000000 0.983094
262 0.000000 0.000000 0.000000
263 1 54.141491 81.926839 196.588064 2.000000 2.000000 1.000000 1.127810
263 0.000000 0.000000 0.000000
266 1 15.465884 26.485778 157.582658 1.000000 1.000000 1.000000 0.983094
266 0.000000 0.000000 0.000000
267 1 52.810241 50.053655 125.104087 1.000000 1.000000 1.000000 0.983094
267 0.000000 0.000000 0.000000
268 1 85.433532 58.151970 184.327941 1.000000 1.000000 1.000000 0.983094
268 0.000000 0.000000 0.000000
269 1 62.372193 42.850565 88.486173 1.000000 1.000000 1.000000 0.983094
269 0.000000 0.000000 0.000000
270 1 34.604265 16.379468 41.654621 1.000000 1.000000 1.000000 0.983094
270 0.000000 0.000000 0.000000
271 1 90.244598 31.802703 164.245720 1.000000 1.000000 1.000000 0.983094
271 0.000000 0.000000 0.000000
272 1 24.211094 40.906551 52.944385 1.000000 1.000000 1.000000 0.983094
272 0.000000 0.000000 0.000000
273 1 42.596655 89.954632 189.700428 2.000000 2.000000 1.000000 1.127810
273 0.000000 0.000000 0.000000
274 1 86.543345 77.923079 40.812478 1.000000 1.000000 1.000000 0.983094
274 0.000000 0.000000 0.000000
276 1 62.250618 62.530091 106.789062 1.000000 1.000000 1.000000 0.983094
276 0.000000 0.000000 0.000000
277 1 76.892954 95.315229 125.573560 1.000000 1.000000 1.000000 0.983094
277 0.000000 0.000000 0.000000
278 1 2.936772 87.210782 101.350239 1.000000 1.000000 1.000000 0.983094
278 0.000000 0.000000 0.000000
279 1 20.970975 97.825772 52.795740 1.000000 1.000000 1.000000 0.983094
279 0.000000 0.000000 0.000000
281 1 84.063535 24.768626 146.541388 1.000000 1.000000 1.000000 0.983094
281 0.000000 0.000000 0.000000
282 1 10.659617 42.920439 49.409102 1.000000 1.000000 1.000000 0.983094
282 0.000000 0.000000 0.000000
283 1 49.923990 21.865846 76.137414 1.000000 1.000000 1.000000 0.983094
283 0.000000 0.000000 0.000000
284 1 82.793376 50.568096 184.958091 1.000000 1.000000 1.000000 0.983094
284 0.000000 0.000000 0.000000
285 1 56.521353 71.063170 71.177468 1.000000 1.000000 1.000000 0.983094
285 0.000000 0.000000 0.000000
286 1 52.733109 57.330903 66.351469 2.000000 2.000000 1.000000 1.127810
286 0.000000 0.000000 0.000000
287 1 53.972147 77.652063 44.960792 1.000000 1.000000 1.000000 0.983094
287 0.000000 0.000000 0.000000
288 1 26.726843 32.660724 67.624912 1.000000 1.000000 1.000000 0.983094
288 0.000000 0.000000 0.000000
289 1 5.759428 66.869404 98.160886 1.000000 1.000000 1.000000 0.983094
289 0.000000 0.000000 0.000000
290 1 44.632986 3.124327 91.771728 1.000000 1.000000 1.000000 0.983094
290 0.000000 0.000000 0.000000
291 1 52.912332 16.803046 40.340708 1.000000 1.000000 1.000000 0.983094
291 0.000000 0.000000 0.000000
292 1 94.655548 87.053737 95.030124 1.000000 1.000000 1.000000 0.983094
292 0.000000 0.000000 0.000000
293 1 12.996267 7.026359 65.322288 1.000000 1.000000 1.000000 0.983094
293 0.000000 0.000000 0.000000
294 1 33.537862 59.679180 102.458908 1.000000 1.000000 1.000000 0.983094
294 0.000000 0.000000 0.000000
295 1 28.674337 23.426309 108.958785 1.000000 1.000000 1.000000 0.983094
295 0.000000 0.000000 0.000000
296 1 99.498775 77.956079 64.216276 1.000000 1.000000 1.000000 0.983094
296 0.000000 0.000000 0.000000
297 1 26.457256 96.672873 189.194584 1.000000 1.000000 1.000000 0.983094
297 0.000000 0.000000 0.000000
298 1 76.228471 1.041278 115.948587 1.000000 1.000000 1.000000 0.983094
298 0.000000 0.000000 0.000000
299 1 49.405133 46.929651 11.562675 1.000000 1.000000 1.000000 0.983094
299 0.000000 0.000000 0.000000
300 1 86.751108 69.177760 54.367759 1.000000 1.000000 1.000000 0.983094
300 0.000000 0.000000 0.000000
301 1 78.617821 32.060584 65.967049 1.000000 1.000000 1.000000 0.983094
301 0.000000 0.000000 0.000000
302 1 64.161082 30.049770 192.896558 1.000000 1.000000 1.000000 0.983094
302 0.000000 0.000000 0.000000
303 1 37.619994 79.916707 158.735979 1.000000 1.000000 1.000000 0.983094
303 0.000000 0.000000 0.000000
304 1 19.203502 5.824519 42.556399 1.000000 1.000000 1.000000 0.983094
304 0.000000 0.000000 0.000000
305 1 49.790061 14.994356 126.130748 1.000000 1.000000 1.000000 0.983094
305 0.000000 0.000000 0.000000
306 1 36.596079 61.476762 77.996582 1.000000 1.000000 1.000000 0.983094
306 0.000000 0.000000 0.000000
307 1 27.663089 41.975460 132.082813 1.000000 1.000000 1.000000 0.983094
307 0.000000 0.000000 0.000000
308 1 23.775417 98.720979 169.130756 1.000000 1.000000 1.000000 0.983094
308 0.000000 0.000000 0.000000
309 1 5.103262 5.843493 180.490209 1.000000 1.000000 1.000000 0.983094
309 0.000000 0.000000 0.000000
310 1 34.215617 92.430446 123.270914 1.000000 1.000000 1.000000 0.983094
310 0.000000 0.000000 0.000000
311 1 85.911806 81.671828 135.960356 1.000000 1.000000 1.000000 0.983094
311 0.000000 0.000000 0.000000
312 1 36.646301 44.661488 39.965973 1.000000 1.000000 1.000000 0.983094
312 0.000000 0.000000 0.000000
313 1 48.416577 9.857805 158.484204 1.000000 1.000000 1.000000 0.983094
313 0.000000 0.000000 0.000000
314 1 66.414451 87.873241 16.576962 1.000000 1.000000 1.000000 0.983094
314 0.000000 0.000000 0.000000
315 1 29.932894 27.340076 60.624185 1.000000 1.000000 1.000000 0.983094
315 0.000000 0.000000 0.000000
316 1 95.218872 64.306935 169.215285 2.000000 2.000000 1.000000 1.127810
316 0.000000 0.000000 0.000000
317 1 77.321270 86.118865 7.511082 1.000000 1.000000 1.000000 0.983094
317 0.000000 0.000000 0.000000
318 1 11.681501 24.149116 114.327398 1.000000 1.000000 1.000000 0.983094
318 0.000000 0.000000 0.000000
319 1 98.646197 41.076020 131.536872 1.000000 1.000000 1.000000 0.983094
319 0.000000 0.000000 0.000000
320 1 38.748977 46.036237 111.382707 1.000000 1.000000 1.000000 0.983094
320 0.000000 0.000000 0.000000
321 1 90.724012 11.662695 130.881779 1.000000 1.000000 1.000000 0.983094
321 0.000000 0.000000 0.000000
322 1 91.361507 91.583631 8.038989 2.000000 2.000000 1.000000 1.127810
322 0.000000 0.000000 0.000000
323 1 79.455676 44.976000 129.868961 1.000000 1.000000 1.000000 0.983094
323 0.000000 0.000000 0.000000
324 1 73.105824 89.803439 46.362166 2.000000 2.000000 1.000000 1.127810
324 0.000000 0.000000 0.000000
325 1 55.264725 58.851844 99.984539 1.000000 1.000000 1.000000 0.983094
325 0.000000 0.000000 0.000000
326 1 98.226571 56.752851 50.306864 1.000000 1.000000 1.000000 0.983094
326 0.000000 0.000000 0.000000
328 1 39.009265 67.172895 159.639562 1.000000 1.000000 1.000000 0.983094
328 0.000000 0.000000 0.000000
329 1 27.133019 86.311730 105.728856 1.000000 1.000000 1.000000 0.983094
329 0.000000 0.000000 0.000000
330 1 38.517486 94.485864 69.028289 1.000000 1.000000 1.000000 0.983094
330 0.000000 0.000000 0.000000
331 1 70.361614 15.990479 58.041247 1.000000 1.000000 1.000000 0.983094
331 0.000000 0.000000 0.000000
332 1 21.735487 45.822979 175.397753 1.000000 1.000000 1.000000 0.983094
332 0.000000 0.000000 0.000000
333 1 77.390440 45.635702 10.162542 1.000000 1.000000 1.000000 0.983094
333 0.000000 0.000000 0.000000
334 1 34.059445 88.469287 81.877633 1.000000 1.000000 1.000000 0.983094
334 0.000000 0.000000 0.000000
335 1 11.618949 52.335548 40.789378 1.000000 1.000000 1.000000 0.983094
335 0.000000 0.000000 0.000000
336 1 69.440774 49.762426 52.728510 1.000000 1.000000 1.000000 0.983094
336 0.000000 0.000000 0.000000
337 1 27.129379 64.459910 103.872651 1.000000 1.000000 1.000000 0.983094
337 0.000000 0.000000 0.000000
338 1 54.729127 30.346583 157.775271 1.000000 1.000000 1.000000 0.983094
338 0.000000 0.000000 0.000000
339 1 99.072374 21.421970 34.228213 2.000000 2.000000 1.000000 1.127810
339 0.000000 0.000000 0.000000
340 1 62.991485 67.699350 181.539907 1.000000 1.000000 1.000000 0.983094
340 0.000000 0.000000 0.000000
341 1 38.024332 6.243413 19.677410 1.000000 1.000000 1.000000 0.983094
341 0.000000 0.000000 0.000000
342 1 72.434887 59.720231 29.824557 1.000000 1.000000 1.000000 0.983094
342 0.000000 0.000000 0.000000
343 1 14.983838 30.061020 92.767948 1.000000 1.000000 1.000000 0.983094
343 0.000000 0.000000 0.000000
344 1 94.287964 75.623173 23.315231 1.000000 1.000000 1.000000 0.983094
344 0.000000 0.000000 0.000000
345 1 40.023217 52.579244 140.176616 2.000000 2.000000 1.000000 1.127810
345 0.000000 0.000000 0.000000
348 1 80.861241 17.674595 93.040604 1.000000 1.000000 1.000000 0.983094
348 0.000000 0.000000 0.000000
349 1 75.574400 21.725137 134.016778 2.000000 2.000000 1.000000 1.127810
349 0.000000 0.000000 0.000000
350 1 25.465285 45.621860 66.519329 1.000000 1.000000 1.000000 0.983094
350 0.000000 0.000000 0.000000
351 1 45.523674 15.721882 180.240914 2.000000 2.000000 1.000000 1.127810
351 0.000000 0.000000 0.000000
352 1 39.907553 89.570381 147.448059 1.000000 1.000000 1.000000 0.983094
352 0.000000 0.000000 0.000000
353 1 46.537524 71.602255 157.169808 1.000000 1.000000 1.000000 0.983094
353 0.000000 0.000000 0.000000
355 1 43.213704 74.301193 121.408501 1.000000 1.000000 1.000000 0.983094
355 0.000000 0.000000 0.000000
356 1 51.440311 92.100484 108.469780 1.000000 1.000000 1.000000 0.983094
356 0.000000 0.000000 0.000000
357 1 33.180559 82.771893 31.114156 1.000000 1.000000 1.000000 0.983094
357 0.000000 0.000000 0.000000
358 1 41.516659 49.693007 122.503669 1.000000 1.000000 1.000000 0.983094
358 0.000000 0.000000 0.000000
359 1 63.967287 56.537246 156.916352 1.000000 1.000000 1.000000 0.983094
359 0.000000 0.000000 0.000000
360 1 88.547613 98.687369 163.100167 1.000000 1.000000 1.000000 0.983094
360 0.000000 0.000000 0.000000
361 1 17.736197 18.496572 96.464319 1.000000 1.000000 1.000000 0.983094
361 0.000000 0.000000 0.000000
362 1 57.419203 71.052590 151.321543 1.000000 1.000000 1.000000 0.983094
362 0.000000 0.000000 0.000000
363 1 7.499470 10.326938 38.500733 1.000000 1.000000 1.000000 0.983094
363 0.000000 0.000000 0.000000
364 1 32.953694 3.518094 102.529625 1.000000 1.000000 1.000000 0.983094
364 0.000000 0.000000 0.000000
365 1 33.057181 76.941106 193.948979 3.000000 3.000000 1.000000 1.197480
365 0.000000 0.000000 0.000000
366 1 73.955855 82.652569 112.445510 1.000000 1.000000 1.000000 0.983094
366 0.000000 0.000000 0.000000
367 1 58.167682 58.633556 67.638144 1.000000 1.000000 1.000000 0.983094
367 0.000000 0.000000 0.000000
368 1 52.766676 78.770772 127.374386 2.000000 2.000000 1.000000 1.127810
368 0.000000 0.000000 0.000000
369 1 18.255642 5.993380 191.554947 1.000000 1.000000 1.000000 0.983094
369 0.000000 0.000000 0.000000
370 1 30.601753 13.361270 120.989188 1.000000 1.000000 1.000000 0.983094
370 0.000000 0.000000 0.000000
371 1 30.772559 82.257458 170.504685 1.000000 1.000000 1.000000 0.983094
371 0.000000 0.000000 0.000000
372 1 81.965313 65.017620 164.737216 1.000000 1.000000 1.000000 0.983094
372 0.000000 0.000000 0.000000
373 1 79.753833 92.212484 114.928533 1.000000 1.000000 1.000000 0.983094
373 0.000000 0.000000 0.000000
375 1 78.949007 37.014656 147.364749 1.000000 1.000000 1.000000 0.983094
375 0.000000 0.000000 0.000000
376 1 99.706615 36.735650 163.787031 1.000000 1.000000 1.000000 0.983094
376 0.000000 0.000000 0.000000
377 1 7.011985 72.458272 97.516717 1.000000 1.000000 1.000000 0.983094
377 0.000000 0.000000 0.000000
378 1 25.760577 74.811131 62.269860 1.000000 1.000000 1.000000 0.983094
378 0.000000 0.000000 0.000000
379 1 77.858157 89.474851 89.228391 1.000000 1.000000 1.000000 0.983094
379 0.000000 0.000000 0.000000
380 1 80.933478 80.482405 23.464834 1.000000 1.000000 1.000000 0.983094
380 0.000000 0.000000 0.000000
381 1 22.827014 24.613735 97.775726 1.000000 1.000000 1.000000 0.983094
381 0.000000 0.000000 0.000000
382 1 22.605110 96.739234 158.227564 1.000000 1.000000 1.000000 0.983094
382 0.000000 0.000000 0.000000
383 1 8.843930 1.832087 156.632814 1.000000 1.000000 1.000000 0.983094
383 0.000000 0.000000 0.000000
384 1 48.474793 67.295645 107.551423 1.000000 1.000000 1.000000 0.983094
384 0.000000 0.000000 0.000000
385 1 11.774083 17.802407 161.236591 1.000000 1.000000 1.000000 0.983094
385 0.000000 0.000000 0.000000
386 1 19.230214 6.278829 62.074132 2.000000 2.000000 1.000000 1.127810
386 0.000000 0.000000 0.000000
387 1 62.614318 5.000527 3.703129 1.000000 1.000000 1.000000 0.983094
387 0.000000 0.000000 0.000000
388 1 65.653448 12.390423 166.414269 1.000000 1.000000 1.000000 0.983094
388 0.000000 0.000000 0.000000
389 1 5.994443 71.132064 146.531978 1.000000 1.000000 1.000000 0.983094
389 0.000000 0.000000 0.000000
390 1 29.714969 21.294732 27.768104 1.000000 1.000000 1.000000 0.983094
390 0.000000 0.000000 0.000000
391 1 24.762437 96.607120 58.480402 1.000000 1.000000 1.000000 0.983094
391 0.000000 0.000000 0.000000
392 1 27.933531 92.463649 96.568353 1.000000 1.000000 1.000000 0.983094
392 0.000000 0.000000 0.000000
393 1 98.635923 89.299804 146.665421 1.000000 1.000000 1.000000 0.983094
393 0.000000 0.000000 0.000000
394 1 38.514256 73.809648 181.870173 1.000000 1.000000 1.000000 0.983094
394 0.000000 0.000000 0.000000
396 1 48.797452 69.600738 13.390626 1.000000 1.000000 1.000000 0.983094
396 0.000000 0.000000 0.000000
397 1 48.671822 53.442252 43.159038 1.000000 1.000000 1.000000 0.983094
397 0.000000 0.000000 0.000000
398 1 81.020757 96.386745 40.986949 1.000000 1.000000 1.000000 0.983094
398 0.000000 0.000000 0.000000
399 1 45.605345 76.001239 58.681832 1.000000 1.000000 1.000000 0.983094
399 0.000000 0.000000 0.000000
400 1 97.777205 21.380907 19.162995 1.000000 1.000000 1.000000 0.983094
400 0.000000 0.000000 0.000000
401 1 58.439798 13.347306 17.225254 1.000000 1.000000 1.000000 0.983094
401 0.000000 0.000000 0.000000
402 1 66.483122 49.701999 194.438466 1.000000 1.000000 1.000000 0.983094
402 0.000000 0.000000 0.000000
403 1 43.394617 70.957108 140.019870 1.000000 1.000000 1.000000 0.983094
403 0.000000 0.000000 0.000000
404 1 23.069380 26.936037 104.466044 1.000000 1.000000 1.000000 0.983094
404 0.000000 0.000000 0.000000
405 1 90.693024 52.688309 8.521846 1.000000 1.000000 1.000000 0.983094
405 0.000000 0.000000 0.000000
406 1 32.798611 92.137793 133.161112 1.000000 1.000000 1.000000 0.983094
406 0.000000 0.000000 0.000000
407 1 84.641953 24.158161 185.158295 1.000000 1.000000 1.000000 0.983094
407 0.000000 0.000000 0.000000
408 1 80.857167 27.596484 76.157364 1.000000 1.000000 1.000000 0.983094
408 0.000000 0.000000 0.000000
409 1 14.390904 23.824383 142.489084 1.000000 1.000000 1.000000 0.983094
409 0.000000 0.000000 0.000000
410 1 23.584805 12.054091 103.378204 1.000000 1.000000 1.000000 0.983094
410 0.000000 0.000000 0.000000
411 1 48.873867 33.663763 27.193891 1.000000 1.000000 1.000000 0.983094
411 0.000000 0.000000 0.000000
412 1 69.320769 92.189551 143.943406 1.000000 1.000000 1.000000 0.983094
412 0.000000 0.000000 0.000000
414 1 6.214979 81.190560 70.558878 1.000000 1.000000 1.000000 0.983094
414 0.000000 0.000000 0.000000
415 1 96.999592 95.123408 69.688041 1.000000 1.000000 1.000000 0.983094
415 0.000000 0.000000 0.000000
416 1 45.898011 83.868269 183.216611 1.000000 1.000000 1.000000 0.983094
416 0.000000 0.000000 0.000000
417 1 92.758411 35.128982 134.333764 1.000000 1.000000 1.000000 0.983094
417 0.000000 0.000000 0.000000
418 1 27.071091 96.585749 34.955546 2.000000 2.000000 1.000000 1.127810
418 0.000000 0.000000 0.000000
420 1 1.883827 20.220024 73.069597 1.000000 1.000000 1.000000 0.983094
420 0.000000 0.000000 0.000000
421 1 61.992879 99.928223 199.084180 1.000000 1.000000 1.000000 0.983094
421 0.000000 0.000000 0.000000
422 1 15.612307 11.068364 180.122925 1.000000 1.000000 1.000000 0.983094
422 0.000000 0.000000 0.000000
423 1 25.612577 36.122716 65.609260 1.000000 1.000000 1.000000 0.983094
423 0.000000 0.000000 0.000000
424 1 69.763629 46.303427 145.326781 1.000000 1.000000 1.000000 0.983094
424 0.000000 0.000000 0.000000
426 1 19.205514 49.741159 4.990175 1.000000 1.000000 1.000000 0.983094
426 0.000000 0.000000 0.000000
427 1 6.148470 0.553260 170.733162 1.000000 1.000000 1.000000 0.983094
427 0.000000 0.000000 0.000000
428 1 12.117372 26.479445 64.436612 1.000000 1.000000 1.000000 0.983094
428 0.000000 0.000000 0.000000
429 1 49.463592 65.525612 156.078504 2.000000 2.000000 1.000000 1.127810
429 0.000000 0.000000 0.000000
430 1 38.737599 65.089714 12.765068 3.000000 3.000000 1.000000 1.197480
430 0.000000 0.000000 0.000000
431 1 5.771975 28.200133 86.809370 1.000000 1.000000 1.000000 0.983094
431 0.000000 0.000000 0.000000
432 1 74.388707 73.892614 52.824361 2.000000 2.000000 1.000000 1.127810
432 0.000000 0.000000 0.000000
433 1 31.579217 58.476139 162.826276 1.000000 1.000000 1.000000 0.983094
433 0.000000 0.000000 0.000000
434 1 97.175757 20.012678 95.788273 1.000000 1.000000 1.000000 0.983094
434 0.000000 0.000000 0.000000
435 1 25.138135 80.906893 181.927403 1.000000 1.000000 1.000000 0.983094
435 0.000000 0.000000 0.000000
436 1 10.583598 49.099825 50.826521 1.000000 1.000000 1.000000 0.983094
436 0.000000 0.000000 0.000000
438 1 98.433946 63.456232 105.018261 1.000000 1.000000 1.000000 0.983094
438 0.000000 0.000000 0.000000
439 1 40.102257 10.002954 66.112414 1.000000 1.000000 1.000000 0.983094
439 0.000000 0.000000 0.000000
441 1 84.249775 59.363790 145.440720 1.000000 1.000000 1.000000 0.983094
441 0.000000 0.000000 0.000000
442 1 92.661728 62.942421 111.477681 1.000000 1.000000 1.000000 0.983094
442 0.000000 0.000000 0.000000
444 1 20.564230 79.132590 65.560793 1.000000 1.000000 1.000000 0.983094
444 0.000000 0.000000 0.000000
446 1 38.379692 39.536198 58.048281 1.000000 1.000000 1.000000 0.983094
446 0.000000 0.000000 0.000000
447 1 95.832156 30.752527 122.576078 1.000000 1.000000 1.000000 0.983094
447 0.000000 0.000000 0.000000
448 1 79.627215 95.341872 100.914164 1.000000 1.000000 1.000000 0.983094
448 0.000000 0.000000 0.000000
449 1 6.738003 36.893951 75.317362 1.000000 1.000000 1.000000 0.983094
449 0.000000 0.000000 0.000000
450 1 39.497773 40.537435 185.020860 1.000000 1.000000 1.000000 0.983094
450 0.000000 0.000000 0.000000
451 1 70.960051 93.489607 1.576841 1.000000 1.000000 1.000000 0.983094
451 0.000000 0.000000 0.000000
452 1 76.762633 94.252958 45.273569 1.000000 1.000000 1.000000 0.983094
452 0.000000 0.000000 0.000000
453 1 83.593664 4.095930 4.772892 2.000000 2.000000 1.000000 1.127810
453 0.000000 0.000000 0.000000
455 1 62.139071 60.105627 119.860023 1.000000 1.000000 1.000000 0.983094
455 0.000000 0.000000 0.000000
456 1 10.546900 21.214908 101.772274 1.000000 1.000000 1.000000 0.983094
456 0.000000 0.000000 0.000000
457 1 77.722627 25.869879 164.161096 1.000000 1.000000 1.000000 0.983094
457 0.000000 0.000000 0.000000
458 1 22.003836 91.673486 60.465050 1.000000 1.000000 1.000000 0.983094
458 0.000000 0.000000 0.000000
459 1 80.871786 32.660228 110.581930 1.000000 1.000000 1.000000 0.983094
459 0.000000 0.000000 0.000000
460 1 36.064526 4.732628 48.516846 1.000000 1.000000 1.000000 0.983094
460 0.000000 0.000000 0.000000
461 1 9.027435 90.328082 8.821419 1.000000 1.000000 1.000000 0.983094
461 0.000000 0.000000 0.000000
462 1 13.027334 65.792138 171.931064 1.000000 1.000000 1.000000 0.983094
462 0.000000 0.000000 0.000000
463 1 85.209511 40.566921 158.832140 1.000000 1.000000 1.000000 0.983094
463 0.000000 0.000000 0.000000
464 1 21.025017 68.779176 66.067844 1.000000 1.000000 1.000000 0.983094
464 0.000000 0.000000 0.000000
465 1 5.702088 1.124139 47.947791 1.000000 1.000000 1.000000 0.983094
465 0.000000 0.000000 0.000000
466 1 45.382758 62.255185 197.089774 1.000000 1.000000 1.000000 0.983094
466 0.000000 0.000000 0.000000
467 1 56.608229 88.662919 175.826875 1.000000 1.000000 1.000000 0.983094
467 0.000000 0.000000 0.000000
469 1 35.031884 84.306671 197.983200 1.000000 1.000000 1.000000 0.983094
469 0.000000 0.000000 0.000000
470 1 88.428162 29.049396 147.538560 1.000000 1.000000 1.000000 0.983094
470 0.000000 0.000000 0.000000
471 1 74.485937 70.447530 129.536432 2.000000 2.000000 1.000000 1.127810
471 0.000000 0.000000 0.000000
472 1 90.030970 9.844121 125.514215 1.000000 1.000000 1.000000 0.983094
472 0.000000 0.000000 0.000000
473 1 31.218866 71.203414 42.800036 1.000000 1.000000 1.000000 0.983094
473 0.000000 0.000000 0.000000
474 1 21.133084 80.689772 192.653535 1.000000 1.000000 1.000000 0.983094
474 0.000000 0.000000 0.000000
475 1 25.208546 83.013819 61.749576 1.000000 1.000000 1.000000 0.983094
475 0.000000 0.000000 0.000000
476 1 23.213060 85.391676 100.403919 1.000000 1.000000 1.000000 0.983094
476 0.000000 0.000000 0.000000
477 1 75.545300 91.923237 31.125884 1.000000 1.000000 1.000000 0.983094
477 0.000000 0.000000 0.000000
478 1 18.419855 69.362254 117.338345 1.000000 1.000000 1.000000 0.983094
478 0.000000 0.000000 0.000000
479 1 65.608959 78.973257 186.576463 1.000000 1.000000 1.000000 0.983094
479 0.000000 0.000000 0.000000
480 1 44.141235 90.237260 36.966516 1.000000 1.000000 1.000000 0.983094
480 0.000000 0.000000 0.000000
481 1 97.614578 0.755790 182.649913 1.000000 1.000000 1.000000 0.983094
481 0.000000 0.000000 0.000000
482 1 55.050622 87.213974 61.080568 1.000000 1.000000 1.000000 0.983094
482 0.000000 0.000000 0.000000
483 1 77.629643 60.024098 12.514091 1.000000 1.000000 1.000000 0.983094
483 0.000000 0.000000 0.000000
484 1 86.112748 5.029863 44.514082 1.000000 1.000000 1.000000 0.983094
484 0.000000 0.000000 0.000000
485 1 91.054245 7.689881 169.454941 1.000000 1.000000 1.000000 0.983094
485 0.000000 0.000000 0.000000
486 1 39.704719 41.852747 93.958487 1.000000 1.000000 1.000000 0.983094
486 0.000000 0.000000 0.000000
487 1 58.971019 49.181758 186.677923 2.000000 2.000000 1.000000 1.127810
487 0.000000 0.000000 0.000000
488 1 15.669484 50.643997 85.866213 1.000000 1.000000 1.000000 0.983094
488 0.000000 0.000000 0.000000
489 1 81.761135 32.356163 42.562401 1.000000 1.000000 1.000000 0.983094
489 0.000000 0.000000 0.000000
490 1 74.297817 42.233150 141.990584 1.000000 1.000000 1.000000 0.983094
490 0.000000 0.000000 0.000000
491 1 64.412381 8.858491 83.434639 1.000000 1.000000 1.000000 0.983094
491 0.000000 0.000000 0.000000
492 1 82.873601 10.125414 6.945950 1.000000 1.000000 1.000000 0.983094
492 0.000000 0.000000 0.000000
493 1 99.945909 48.420144 37.589940 1.000000 1.000000 1.000000 0.983094
493 0.000000 0.000000 0.000000
494 1 34.680276 13.983294 23.782909 1.000000 1.000000 1.000000 0.983094
494 0.000000 0.000000 0.000000
495 1 44.008455 93.728339 8.106836 1.000000 1.000000 1.000000 0.983094
495 0.000000 0.000000 0.000000
496 1 73.917802 39.806117 173.235826 1.000000 1.000000 1.000000 0.983094
496 0.000000 0.000000 0.000000
497 1 9.924108 81.642941 9.138818 1.000000 1.000000 1.000000 0.983094
497 0.000000 0.000000 0.000000
498 1 98.830517 81.295502 178.823075 1.000000 1.000000 1.000000 0.983094
498 0.000000 0.000000 0.000000
499 1 93.796919 65.923324 90.205544 1.000000 1.000000 1.000000 0.983094
499 0.000000 0.000000 0.000000
