# MagChain 24Nov2011
#timestep	A	<N>	<S>	ET [s]
10 496 1.00806 1.01600 0.00000
20 493 1.01420 1.02800 1.00000
30 489 1.02249 1.04400 1.00000
40 489 1.02249 1.04400 2.00000
50 487 1.02669 1.05200 2.00000
60 484 1.03306 1.06400 3.00000
70 480 1.04167 1.08400 3.00000
80 478 1.04603 1.09600 3.00000
90 477 1.04822 1.10000 4.00000
100 477 1.04822 1.10000 4.00000
110 473 1.05708 1.11600 5.00000
120 471 1.06157 1.12400 5.00000
130 469 1.06610 1.13200 6.00000
140 469 1.06610 1.13200 6.00000
150 467 1.07066 1.14400 7.00000
160 467 1.07066 1.14400 7.00000
170 466 1.07296 1.14800 8.00000
180 465 1.07527 1.15200 8.00000
190 464 1.07759 1.15600 8.00000
200 461 1.08460 1.17200 9.00000
210 459 1.08932 1.18000 9.00000
220 455 1.09890 1.20000 10.00000
230 454 1.10132 1.20800 10.00000
240 451 1.10865 1.22400 10.00000
250 450 1.11111 1.22800 11.00000
260 449 1.11359 1.23600 11.00000
270 448 1.11607 1.24000 12.00000
280 447 1.11857 1.24400 12.00000
290 447 1.11857 1.24400 12.00000
300 447 1.11857 1.24400 13.00000
310 445 1.12360 1.25600 13.00000
320 445 1.12360 1.25600 14.00000
330 443 1.12867 1.26800 14.00000
340 442 1.13122 1.28000 14.00000
350 441 1.13379 1.29200 15.00000
360 439 1.13895 1.30000 15.00000
370 438 1.14155 1.30800 15.00000
380 436 1.14679 1.32400 16.00000
390 435 1.14943 1.32800 16.00000
400 434 1.15207 1.33200 17.00000
410 434 1.15207 1.33200 17.00000
420 434 1.15207 1.33200 17.00000
430 431 1.16009 1.34800 18.00000
440 430 1.16279 1.35600 18.00000
450 428 1.16822 1.36400 18.00000
460 427 1.17096 1.36800 19.00000
470 426 1.17371 1.37200 19.00000
480 426 1.17371 1.37200 19.00000
490 424 1.17925 1.38400 20.00000
500 423 1.18203 1.39200 20.00000
510 422 1.18483 1.40000 20.00000
520 419 1.19332 1.43200 21.00000
530 418 1.19617 1.44000 21.00000
540 416 1.20192 1.45600 22.00000
550 414 1.20773 1.46800 22.00000
560 413 1.21065 1.47200 22.00000
570 412 1.21359 1.47600 23.00000
580 411 1.21655 1.48000 23.00000
590 410 1.21951 1.48400 23.00000
600 409 1.22249 1.49200 23.00000
610 408 1.22549 1.50000 24.00000
620 406 1.23153 1.50800 24.00000
630 406 1.23153 1.50800 24.00000
640 403 1.24069 1.53200 25.00000
650 402 1.24378 1.54400 25.00000
660 399 1.25313 1.55600 25.00000
670 399 1.25313 1.55600 26.00000
680 398 1.25628 1.56400 26.00000
690 396 1.26263 1.57600 26.00000
700 394 1.26904 1.58400 27.00000
710 392 1.27551 1.59200 27.00000
720 390 1.28205 1.61200 27.00000
730 390 1.28205 1.61200 28.00000
740 388 1.28866 1.62400 28.00000
750 387 1.29199 1.63200 28.00000
760 387 1.29199 1.63200 28.00000
770 386 1.29534 1.64000 29.00000
780 385 1.29870 1.64400 29.00000
790 384 1.30208 1.64800 29.00000
800 384 1.30208 1.64800 30.00000
810 383 1.30548 1.65600 30.00000
820 381 1.31234 1.67600 30.00000
830 380 1.31579 1.68800 30.00000
840 379 1.31926 1.69200 31.00000
850 378 1.32275 1.69600 31.00000
860 377 1.32626 1.70000 31.00000
870 374 1.33690 1.71200 32.00000
880 373 1.34048 1.71600 32.00000
890 373 1.34048 1.71600 32.00000
900 372 1.34409 1.72000 32.00000
910 372 1.34409 1.72000 33.00000
920 371 1.34771 1.72400 33.00000
930 370 1.35135 1.72800 33.00000
940 370 1.35135 1.72800 33.00000
950 370 1.35135 1.72800 34.00000
960 369 1.35501 1.74400 34.00000
970 366 1.36612 1.76000 34.00000
980 366 1.36612 1.76000 34.00000
990 366 1.36612 1.76000 35.00000
1000 363 1.37741 1.78400 35.00000
