# MagChain 24Nov2011
#timestep n-Chains size1 size2 size3 size4 size5 size6 size7 size8 size9 size10 size11 size12 size13 size14 size15 size16 size17 size18 size19 size20
100 337  230 64 33 7 3 0 0 0 0 0 0 0 0 0 0 0 0 0 0 0
200 330  218 68 34 6 4 0 0 0 0 0 0 0 0 0 0 0 0 0 0 0
300 320  205 68 35 7 4 1 0 0 0 0 0 0 0 0 0 0 0 0 0 0
400 311  194 68 34 8 6 1 0 0 0 0 0 0 0 0 0 0 0 0 0 0
500 299  178 69 34 9 8 1 0 0 0 0 0 0 0 0 0 0 0 0 0 0
600 286  158 74 34 10 8 2 0 0 0 0 0 0 0 0 0 0 0 0 0 0
700 282  152 74 36 10 8 2 0 0 0 0 0 0 0 0 0 0 0 0 0 0
800 273  142 73 35 12 8 2 1 0 0 0 0 0 0 0 0 0 0 0 0 0
900 266  134 71 36 13 9 2 1 0 0 0 0 0 0 0 0 0 0 0 0 0
1000 257  128 65 36 14 10 2 1 0 1 0 0 0 0 0 0 0 0 0 0 0
