RESTART FILE
Timestep: 800

NUMBER OF PARTICLES
273

SIMULATION BOX
100 100 200

TIMESTEP
0.1

ATTRACTION RADIUS
25
0.983094 1.12781 1.19748 1.23785 1.26372 1.28133 1.2939 1.30312 1.31014 1.31562 1.32005 1.32351 1.32648 1.32881 1.33082 1.33244 1.33389 1.33515 1.3363 1.33723 1.33803 1.33868 1.33937 1.33991 1.34042 

AGGREGATES/BEADS
0 1 89.261018 52.238947 51.253941 1.000000 1.000000 1.000000 0.983094
0 0.000000 0.000000 0.000000
1 1 90.357460 18.744640 153.079391 2.000000 2.000000 1.000000 1.127810
1 0.000000 0.000000 0.000000
3 1 97.806598 62.953565 96.819354 1.000000 1.000000 1.000000 0.983094
3 0.000000 0.000000 0.000000
4 1 42.619676 98.035475 108.326343 1.000000 1.000000 1.000000 0.983094
4 0.000000 0.000000 0.000000
6 1 57.088788 23.596745 13.206733 1.000000 1.000000 1.000000 0.983094
6 0.000000 0.000000 0.000000
7 1 83.131865 95.438715 131.469145 1.000000 1.000000 1.000000 0.983094
7 0.000000 0.000000 0.000000
8 1 55.396763 8.465084 101.373473 4.000000 4.000000 1.000000 1.237850
8 0.000000 0.000000 0.000000
9 1 18.944412 26.919654 26.794299 1.000000 1.000000 1.000000 0.983094
9 0.000000 0.000000 0.000000
10 1 83.734052 9.139711 48.607481 1.000000 1.000000 1.000000 0.983094
10 0.000000 0.000000 0.000000
11 1 32.224284 47.285956 18.705748 5.000000 5.000000 1.000000 1.263720
11 0.000000 0.000000 0.000000
13 1 27.084310 72.857430 189.611344 1.000000 1.000000 1.000000 0.983094
13 0.000000 0.000000 0.000000
14 1 23.644430 22.843718 56.751351 2.000000 2.000000 1.000000 1.127810
14 0.000000 0.000000 0.000000
15 1 81.458371 65.361955 197.382230 1.000000 1.000000 1.000000 0.983094
15 0.000000 0.000000 0.000000
16 1 70.055177 68.008231 30.889737 3.000000 3.000000 1.000000 1.197480
16 0.000000 0.000000 0.000000
17 1 15.740950 92.108950 79.740832 1.000000 1.000000 1.000000 0.983094
17 0.000000 0.000000 0.000000
19 1 62.003699 64.838085 144.528524 1.000000 1.000000 1.000000 0.983094
19 0.000000 0.000000 0.000000
20 1 63.178757 20.814967 76.562806 2.000000 2.000000 1.000000 1.127810
20 0.000000 0.000000 0.000000
22 1 50.401178 69.163182 167.231995 1.000000 1.000000 1.000000 0.983094
22 0.000000 0.000000 0.000000
24 1 50.761524 64.572271 71.846067 1.000000 1.000000 1.000000 0.983094
24 0.000000 0.000000 0.000000
25 1 85.865933 55.363136 74.753502 1.000000 1.000000 1.000000 0.983094
25 0.000000 0.000000 0.000000
26 1 14.959394 3.569609 44.922423 1.000000 1.000000 1.000000 0.983094
26 0.000000 0.000000 0.000000
29 1 35.849286 29.892893 17.192540 1.000000 1.000000 1.000000 0.983094
29 0.000000 0.000000 0.000000
32 1 15.725546 63.980712 184.200911 3.000000 3.000000 1.000000 1.197480
32 0.000000 0.000000 0.000000
38 1 61.511110 65.077108 79.669510 3.000000 3.000000 1.000000 1.197480
38 0.000000 0.000000 0.000000
40 1 5.393317 99.764718 74.906164 2.000000 2.000000 1.000000 1.127810
40 0.000000 0.000000 0.000000
42 1 24.295716 69.093593 123.331717 3.000000 3.000000 1.000000 1.197480
42 0.000000 0.000000 0.000000
44 1 73.387665 70.529501 145.846864 1.000000 1.000000 1.000000 0.983094
44 0.000000 0.000000 0.000000
45 1 45.439801 26.519411 69.955288 1.000000 1.000000 1.000000 0.983094
45 0.000000 0.000000 0.000000
46 1 74.870225 0.784571 42.189214 3.000000 3.000000 1.000000 1.197480
46 0.000000 0.000000 0.000000
47 1 9.837990 76.588656 8.286933 4.000000 4.000000 1.000000 1.237850
47 0.000000 0.000000 0.000000
49 1 19.989985 52.270006 32.936898 1.000000 1.000000 1.000000 0.983094
49 0.000000 0.000000 0.000000
50 1 71.756725 78.118122 38.683532 2.000000 2.000000 1.000000 1.127810
50 0.000000 0.000000 0.000000
51 1 24.846351 44.448233 160.363476 3.000000 3.000000 1.000000 1.197480
51 0.000000 0.000000 0.000000
52 1 64.214092 76.350862 157.774022 1.000000 1.000000 1.000000 0.983094
52 0.000000 0.000000 0.000000
54 1 66.310456 76.403391 17.650799 1.000000 1.000000 1.000000 0.983094
54 0.000000 0.000000 0.000000
57 1 40.687328 89.450883 172.225300 1.000000 1.000000 1.000000 0.983094
57 0.000000 0.000000 0.000000
58 1 43.004369 66.733218 57.748937 3.000000 3.000000 1.000000 1.197480
58 0.000000 0.000000 0.000000
59 1 55.185140 92.058943 31.985958 2.000000 2.000000 1.000000 1.127810
59 0.000000 0.000000 0.000000
61 1 33.891953 82.578373 170.804940 2.000000 2.000000 1.000000 1.127810
61 0.000000 0.000000 0.000000
63 1 29.116795 29.815949 24.260386 2.000000 2.000000 1.000000 1.127810
63 0.000000 0.000000 0.000000
65 1 99.528297 80.579674 105.089215 7.000000 7.000000 1.000000 1.293900
65 0.000000 0.000000 0.000000
67 1 54.998853 27.974559 20.726096 1.000000 1.000000 1.000000 0.983094
67 0.000000 0.000000 0.000000
68 1 8.429265 49.942032 142.288136 1.000000 1.000000 1.000000 0.983094
68 0.000000 0.000000 0.000000
71 1 94.482638 42.652664 7.643760 1.000000 1.000000 1.000000 0.983094
71 0.000000 0.000000 0.000000
72 1 1.747102 57.708824 74.251149 2.000000 2.000000 1.000000 1.127810
72 0.000000 0.000000 0.000000
73 1 59.837382 52.579120 54.248443 5.000000 5.000000 1.000000 1.263720
73 0.000000 0.000000 0.000000
74 1 57.702098 89.512923 51.643835 1.000000 1.000000 1.000000 0.983094
74 0.000000 0.000000 0.000000
82 1 51.798389 94.510651 105.557038 1.000000 1.000000 1.000000 0.983094
82 0.000000 0.000000 0.000000
84 1 85.650041 50.747139 168.228517 1.000000 1.000000 1.000000 0.983094
84 0.000000 0.000000 0.000000
85 1 22.051436 20.991061 92.699895 1.000000 1.000000 1.000000 0.983094
85 0.000000 0.000000 0.000000
88 1 27.050565 2.276364 142.655848 2.000000 2.000000 1.000000 1.127810
88 0.000000 0.000000 0.000000
90 1 29.747810 74.547631 34.988697 3.000000 3.000000 1.000000 1.197480
90 0.000000 0.000000 0.000000
92 1 2.020505 85.254583 77.516931 1.000000 1.000000 1.000000 0.983094
92 0.000000 0.000000 0.000000
93 1 33.204728 92.834074 168.086694 2.000000 2.000000 1.000000 1.127810
93 0.000000 0.000000 0.000000
95 1 62.031377 19.302605 57.450722 2.000000 2.000000 1.000000 1.127810
95 0.000000 0.000000 0.000000
98 1 56.394020 66.436618 67.143267 2.000000 2.000000 1.000000 1.127810
98 0.000000 0.000000 0.000000
101 1 92.526564 18.305856 134.213929 3.000000 3.000000 1.000000 1.197480
101 0.000000 0.000000 0.000000
102 1 39.957857 58.879161 126.027700 3.000000 3.000000 1.000000 1.197480
102 0.000000 0.000000 0.000000
103 1 79.452431 63.750703 152.845041 3.000000 3.000000 1.000000 1.197480
103 0.000000 0.000000 0.000000
104 1 81.087537 13.371451 78.183917 1.000000 1.000000 1.000000 0.983094
104 0.000000 0.000000 0.000000
105 1 33.986613 34.377825 174.502933 2.000000 2.000000 1.000000 1.127810
105 0.000000 0.000000 0.000000
106 1 77.634130 25.433905 146.022547 2.000000 2.000000 1.000000 1.127810
106 0.000000 0.000000 0.000000
108 1 85.188681 21.697337 178.400191 1.000000 1.000000 1.000000 0.983094
108 0.000000 0.000000 0.000000
109 1 0.219333 13.476733 146.482943 2.000000 2.000000 1.000000 1.127810
109 0.000000 0.000000 0.000000
111 1 93.899639 10.892686 103.693186 2.000000 2.000000 1.000000 1.127810
111 0.000000 0.000000 0.000000
115 1 67.410751 17.967276 133.716914 4.000000 4.000000 1.000000 1.237850
115 0.000000 0.000000 0.000000
118 1 56.977677 1.382165 48.357967 5.000000 5.000000 1.000000 1.263720
118 0.000000 0.000000 0.000000
119 1 45.992245 51.552816 190.555167 1.000000 1.000000 1.000000 0.983094
119 0.000000 0.000000 0.000000
120 1 10.601923 53.333365 40.748800 1.000000 1.000000 1.000000 0.983094
120 0.000000 0.000000 0.000000
122 1 49.603649 19.532462 165.755990 3.000000 3.000000 1.000000 1.197480
122 0.000000 0.000000 0.000000
124 1 83.481669 63.619884 2.174343 1.000000 1.000000 1.000000 0.983094
124 0.000000 0.000000 0.000000
125 1 83.808065 30.439891 39.272758 1.000000 1.000000 1.000000 0.983094
125 0.000000 0.000000 0.000000
127 1 44.122772 22.144649 182.503203 3.000000 3.000000 1.000000 1.197480
127 0.000000 0.000000 0.000000
128 1 47.119159 8.936889 127.659134 1.000000 1.000000 1.000000 0.983094
128 0.000000 0.000000 0.000000
129 1 62.338741 70.581037 159.574031 2.000000 2.000000 1.000000 1.127810
129 0.000000 0.000000 0.000000
131 1 56.059614 70.036767 97.225317 3.000000 3.000000 1.000000 1.197480
131 0.000000 0.000000 0.000000
133 1 39.069203 14.207753 90.515939 2.000000 2.000000 1.000000 1.127810
133 0.000000 0.000000 0.000000
135 1 5.068621 1.483889 14.947439 2.000000 2.000000 1.000000 1.127810
135 0.000000 0.000000 0.000000
138 1 81.164556 62.628070 185.711388 1.000000 1.000000 1.000000 0.983094
138 0.000000 0.000000 0.000000
140 1 80.319827 87.836045 171.023656 2.000000 2.000000 1.000000 1.127810
140 0.000000 0.000000 0.000000
142 1 34.491163 23.791382 95.334092 2.000000 2.000000 1.000000 1.127810
142 0.000000 0.000000 0.000000
145 1 65.789118 72.089512 183.313529 1.000000 1.000000 1.000000 0.983094
145 0.000000 0.000000 0.000000
146 1 60.612397 73.275791 43.716825 3.000000 3.000000 1.000000 1.197480
146 0.000000 0.000000 0.000000
149 1 46.056060 19.804696 63.980811 1.000000 1.000000 1.000000 0.983094
149 0.000000 0.000000 0.000000
150 1 45.049097 25.882724 19.747814 4.000000 4.000000 1.000000 1.237850
150 0.000000 0.000000 0.000000
151 1 9.963645 69.997350 162.327836 2.000000 2.000000 1.000000 1.127810
151 0.000000 0.000000 0.000000
152 1 51.021837 54.202747 106.329605 1.000000 1.000000 1.000000 0.983094
152 0.000000 0.000000 0.000000
156 1 82.414071 87.764907 57.902626 2.000000 2.000000 1.000000 1.127810
156 0.000000 0.000000 0.000000
161 1 66.419040 33.419918 103.333286 1.000000 1.000000 1.000000 0.983094
161 0.000000 0.000000 0.000000
164 1 29.969160 15.874056 199.689098 1.000000 1.000000 1.000000 0.983094
164 0.000000 0.000000 0.000000
165 1 3.588809 28.924364 153.023954 2.000000 2.000000 1.000000 1.127810
165 0.000000 0.000000 0.000000
166 1 72.138167 65.737915 120.347797 1.000000 1.000000 1.000000 0.983094
166 0.000000 0.000000 0.000000
169 1 51.095521 38.638379 29.190953 2.000000 2.000000 1.000000 1.127810
169 0.000000 0.000000 0.000000
172 1 33.460116 97.893958 57.647160 2.000000 2.000000 1.000000 1.127810
172 0.000000 0.000000 0.000000
177 1 69.190885 37.564033 139.728617 1.000000 1.000000 1.000000 0.983094
177 0.000000 0.000000 0.000000
180 1 2.234277 98.870948 16.820126 1.000000 1.000000 1.000000 0.983094
180 0.000000 0.000000 0.000000
182 1 48.872322 48.232028 32.069553 1.000000 1.000000 1.000000 0.983094
182 0.000000 0.000000 0.000000
184 1 69.332905 18.952132 87.837242 1.000000 1.000000 1.000000 0.983094
184 0.000000 0.000000 0.000000
185 1 65.573443 89.705652 1.579350 2.000000 2.000000 1.000000 1.127810
185 0.000000 0.000000 0.000000
186 1 12.715927 58.133365 37.106895 1.000000 1.000000 1.000000 0.983094
186 0.000000 0.000000 0.000000
190 1 21.147432 39.251089 14.582486 1.000000 1.000000 1.000000 0.983094
190 0.000000 0.000000 0.000000
191 1 39.596274 68.315427 80.238069 1.000000 1.000000 1.000000 0.983094
191 0.000000 0.000000 0.000000
192 1 55.970505 87.986295 42.475278 1.000000 1.000000 1.000000 0.983094
192 0.000000 0.000000 0.000000
194 1 94.071626 41.785358 141.179065 1.000000 1.000000 1.000000 0.983094
194 0.000000 0.000000 0.000000
195 1 3.710839 48.804885 173.988016 5.000000 5.000000 1.000000 1.263720
195 0.000000 0.000000 0.000000
202 1 75.385231 95.277957 192.351409 1.000000 1.000000 1.000000 0.983094
202 0.000000 0.000000 0.000000
207 1 27.850358 81.870460 161.688430 1.000000 1.000000 1.000000 0.983094
207 0.000000 0.000000 0.000000
208 1 95.659144 16.629185 135.461674 2.000000 2.000000 1.000000 1.127810
208 0.000000 0.000000 0.000000
209 1 67.766707 40.718999 104.037276 4.000000 4.000000 1.000000 1.237850
209 0.000000 0.000000 0.000000
211 1 42.712909 47.304936 95.682666 5.000000 5.000000 1.000000 1.263720
211 0.000000 0.000000 0.000000
212 1 96.048170 36.192732 124.167093 1.000000 1.000000 1.000000 0.983094
212 0.000000 0.000000 0.000000
214 1 62.185148 39.208689 172.702351 1.000000 1.000000 1.000000 0.983094
214 0.000000 0.000000 0.000000
215 1 24.227739 36.965294 47.617597 1.000000 1.000000 1.000000 0.983094
215 0.000000 0.000000 0.000000
218 1 36.621014 78.240603 130.028158 2.000000 2.000000 1.000000 1.127810
218 0.000000 0.000000 0.000000
220 1 13.632744 81.768324 83.459334 2.000000 2.000000 1.000000 1.127810
220 0.000000 0.000000 0.000000
221 1 24.284378 29.202042 159.557433 1.000000 1.000000 1.000000 0.983094
221 0.000000 0.000000 0.000000
223 1 75.311042 61.054336 158.244206 1.000000 1.000000 1.000000 0.983094
223 0.000000 0.000000 0.000000
224 1 48.114473 9.587014 178.390159 1.000000 1.000000 1.000000 0.983094
224 0.000000 0.000000 0.000000
225 1 15.766888 15.518900 144.715992 3.000000 3.000000 1.000000 1.197480
225 0.000000 0.000000 0.000000
226 1 8.198820 98.316630 46.333430 2.000000 2.000000 1.000000 1.127810
226 0.000000 0.000000 0.000000
227 1 42.720836 16.096937 172.478526 3.000000 3.000000 1.000000 1.197480
227 0.000000 0.000000 0.000000
228 1 46.085426 48.658323 57.493223 1.000000 1.000000 1.000000 0.983094
228 0.000000 0.000000 0.000000
229 1 77.168637 82.434464 13.380070 3.000000 3.000000 1.000000 1.197480
229 0.000000 0.000000 0.000000
232 1 15.760375 71.338216 76.620325 3.000000 3.000000 1.000000 1.197480
232 0.000000 0.000000 0.000000
235 1 82.666090 79.565099 5.008322 4.000000 4.000000 1.000000 1.237850
235 0.000000 0.000000 0.000000
236 1 60.249981 13.731940 38.275372 1.000000 1.000000 1.000000 0.983094
236 0.000000 0.000000 0.000000
237 1 23.545405 7.799687 51.355567 1.000000 1.000000 1.000000 0.983094
237 0.000000 0.000000 0.000000
238 1 29.027127 37.708637 106.194110 2.000000 2.000000 1.000000 1.127810
238 0.000000 0.000000 0.000000
239 1 6.169041 97.394258 186.051497 4.000000 4.000000 1.000000 1.237850
239 0.000000 0.000000 0.000000
240 1 32.098616 34.134216 63.969009 2.000000 2.000000 1.000000 1.127810
240 0.000000 0.000000 0.000000
241 1 93.973975 44.120392 53.551109 1.000000 1.000000 1.000000 0.983094
241 0.000000 0.000000 0.000000
244 1 93.254954 89.409470 74.453193 2.000000 2.000000 1.000000 1.127810
244 0.000000 0.000000 0.000000
246 1 66.573179 25.600067 93.672032 2.000000 2.000000 1.000000 1.127810
246 0.000000 0.000000 0.000000
247 1 24.834664 10.727738 125.357473 1.000000 1.000000 1.000000 0.983094
247 0.000000 0.000000 0.000000
249 1 32.954181 60.660715 9.341570 1.000000 1.000000 1.000000 0.983094
249 0.000000 0.000000 0.000000
250 1 98.749149 5.504923 128.285687 1.000000 1.000000 1.000000 0.983094
250 0.000000 0.000000 0.000000
252 1 93.553832 42.711640 44.246827 1.000000 1.000000 1.000000 0.983094
252 0.000000 0.000000 0.000000
254 1 64.913203 16.780070 192.673505 1.000000 1.000000 1.000000 0.983094
254 0.000000 0.000000 0.000000
255 1 97.770465 37.501003 41.009329 2.000000 2.000000 1.000000 1.127810
255 0.000000 0.000000 0.000000
257 1 5.794738 51.687066 45.018065 1.000000 1.000000 1.000000 0.983094
257 0.000000 0.000000 0.000000
258 1 61.359825 6.489642 161.665993 1.000000 1.000000 1.000000 0.983094
258 0.000000 0.000000 0.000000
261 1 28.400601 22.903462 14.147091 1.000000 1.000000 1.000000 0.983094
261 0.000000 0.000000 0.000000
263 1 61.667985 67.403433 6.573167 2.000000 2.000000 1.000000 1.127810
263 0.000000 0.000000 0.000000
264 1 26.194137 72.818909 8.529976 4.000000 4.000000 1.000000 1.237850
264 0.000000 0.000000 0.000000
265 1 2.747755 73.140053 45.183252 2.000000 2.000000 1.000000 1.127810
265 0.000000 0.000000 0.000000
275 1 95.160735 22.194179 98.639536 3.000000 3.000000 1.000000 1.197480
275 0.000000 0.000000 0.000000
276 1 38.637138 50.760946 67.690299 2.000000 2.000000 1.000000 1.127810
276 0.000000 0.000000 0.000000
277 1 90.505397 39.948872 148.658720 4.000000 4.000000 1.000000 1.237850
277 0.000000 0.000000 0.000000
283 1 60.338137 27.330903 92.001681 1.000000 1.000000 1.000000 0.983094
283 0.000000 0.000000 0.000000
284 1 9.876205 20.776099 11.933344 1.000000 1.000000 1.000000 0.983094
284 0.000000 0.000000 0.000000
285 1 32.498836 35.552584 80.801829 2.000000 2.000000 1.000000 1.127810
285 0.000000 0.000000 0.000000
286 1 59.973422 79.167767 46.331824 3.000000 3.000000 1.000000 1.197480
286 0.000000 0.000000 0.000000
287 1 68.936925 64.538327 21.749665 2.000000 2.000000 1.000000 1.127810
287 0.000000 0.000000 0.000000
290 1 56.021196 3.311081 84.772355 1.000000 1.000000 1.000000 0.983094
290 0.000000 0.000000 0.000000
291 1 49.573951 84.713647 27.443279 1.000000 1.000000 1.000000 0.983094
291 0.000000 0.000000 0.000000
293 1 22.614537 78.203200 115.316308 3.000000 3.000000 1.000000 1.197480
293 0.000000 0.000000 0.000000
295 1 70.975510 23.173326 157.590059 1.000000 1.000000 1.000000 0.983094
295 0.000000 0.000000 0.000000
296 1 82.903513 96.325196 84.906809 1.000000 1.000000 1.000000 0.983094
296 0.000000 0.000000 0.000000
297 1 32.749635 18.145155 15.103576 6.000000 6.000000 1.000000 1.281330
297 0.000000 0.000000 0.000000
298 1 60.407873 9.125624 101.555377 3.000000 3.000000 1.000000 1.197480
298 0.000000 0.000000 0.000000
304 1 30.902273 92.357930 2.671610 2.000000 2.000000 1.000000 1.127810
304 0.000000 0.000000 0.000000
305 1 38.110828 32.924452 122.005842 1.000000 1.000000 1.000000 0.983094
305 0.000000 0.000000 0.000000
309 1 46.191757 97.435457 170.295235 1.000000 1.000000 1.000000 0.983094
309 0.000000 0.000000 0.000000
311 1 69.296665 81.419525 166.803031 1.000000 1.000000 1.000000 0.983094
311 0.000000 0.000000 0.000000
314 1 68.601316 90.999117 46.648220 1.000000 1.000000 1.000000 0.983094
314 0.000000 0.000000 0.000000
315 1 92.583023 30.491413 96.484824 6.000000 6.000000 1.000000 1.281330
315 0.000000 0.000000 0.000000
319 1 25.457933 62.781727 129.141974 2.000000 2.000000 1.000000 1.127810
319 0.000000 0.000000 0.000000
320 1 26.429564 40.076394 128.161376 1.000000 1.000000 1.000000 0.983094
320 0.000000 0.000000 0.000000
321 1 91.070588 5.062641 107.448319 2.000000 2.000000 1.000000 1.127810
321 0.000000 0.000000 0.000000
324 1 49.498909 82.433584 57.942987 2.000000 2.000000 1.000000 1.127810
324 0.000000 0.000000 0.000000
326 1 79.481888 51.233074 18.761613 2.000000 2.000000 1.000000 1.127810
326 0.000000 0.000000 0.000000
328 1 24.168478 30.089075 176.589847 3.000000 3.000000 1.000000 1.197480
328 0.000000 0.000000 0.000000
329 1 8.105888 71.116870 107.971548 2.000000 2.000000 1.000000 1.127810
329 0.000000 0.000000 0.000000
332 1 28.263725 30.553813 188.818210 1.000000 1.000000 1.000000 0.983094
332 0.000000 0.000000 0.000000
333 1 72.289032 34.272119 44.087669 2.000000 2.000000 1.000000 1.127810
333 0.000000 0.000000 0.000000
337 1 41.933732 59.321216 96.713304 1.000000 1.000000 1.000000 0.983094
337 0.000000 0.000000 0.000000
338 1 49.906771 16.084395 140.389022 2.000000 2.000000 1.000000 1.127810
338 0.000000 0.000000 0.000000
339 1 75.571708 39.825297 68.895785 2.000000 2.000000 1.000000 1.127810
339 0.000000 0.000000 0.000000
342 1 75.392601 63.698663 7.697051 3.000000 3.000000 1.000000 1.197480
342 0.000000 0.000000 0.000000
343 1 1.428070 39.744333 105.188333 1.000000 1.000000 1.000000 0.983094
343 0.000000 0.000000 0.000000
344 1 87.005618 75.887803 40.043491 3.000000 3.000000 1.000000 1.197480
344 0.000000 0.000000 0.000000
345 1 34.151121 39.391387 146.458398 2.000000 2.000000 1.000000 1.127810
345 0.000000 0.000000 0.000000
346 1 34.102328 35.843959 27.033673 1.000000 1.000000 1.000000 0.983094
346 0.000000 0.000000 0.000000
349 1 76.019148 15.390755 134.161184 1.000000 1.000000 1.000000 0.983094
349 0.000000 0.000000 0.000000
350 1 92.664123 58.953572 69.468974 1.000000 1.000000 1.000000 0.983094
350 0.000000 0.000000 0.000000
352 1 47.717861 92.906014 102.198578 1.000000 1.000000 1.000000 0.983094
352 0.000000 0.000000 0.000000
353 1 40.666328 41.099610 141.375851 1.000000 1.000000 1.000000 0.983094
353 0.000000 0.000000 0.000000
355 1 69.523995 43.794685 108.676039 3.000000 3.000000 1.000000 1.197480
355 0.000000 0.000000 0.000000
357 1 18.492489 61.769963 50.506096 1.000000 1.000000 1.000000 0.983094
357 0.000000 0.000000 0.000000
358 1 60.767960 24.856566 119.806255 1.000000 1.000000 1.000000 0.983094
358 0.000000 0.000000 0.000000
360 1 84.930671 71.235372 191.705885 2.000000 2.000000 1.000000 1.127810
360 0.000000 0.000000 0.000000
361 1 7.022757 35.594340 103.381710 1.000000 1.000000 1.000000 0.983094
361 0.000000 0.000000 0.000000
362 1 59.119453 51.819369 133.915350 2.000000 2.000000 1.000000 1.127810
362 0.000000 0.000000 0.000000
363 1 41.907857 89.410948 11.142795 1.000000 1.000000 1.000000 0.983094
363 0.000000 0.000000 0.000000
365 1 36.897026 57.247127 174.704477 2.000000 2.000000 1.000000 1.127810
365 0.000000 0.000000 0.000000
367 1 42.768506 71.177732 53.131155 1.000000 1.000000 1.000000 0.983094
367 0.000000 0.000000 0.000000
368 1 57.518741 73.748400 152.019092 2.000000 2.000000 1.000000 1.127810
368 0.000000 0.000000 0.000000
370 1 36.240062 23.644290 122.494837 1.000000 1.000000 1.000000 0.983094
370 0.000000 0.000000 0.000000
372 1 77.207073 24.624140 181.078517 2.000000 2.000000 1.000000 1.127810
372 0.000000 0.000000 0.000000
373 1 83.938133 84.677583 123.784130 1.000000 1.000000 1.000000 0.983094
373 0.000000 0.000000 0.000000
375 1 52.259642 25.683341 189.032383 3.000000 3.000000 1.000000 1.197480
375 0.000000 0.000000 0.000000
378 1 63.028355 47.103111 77.475739 1.000000 1.000000 1.000000 0.983094
378 0.000000 0.000000 0.000000
379 1 65.616958 4.082545 73.038509 1.000000 1.000000 1.000000 0.983094
379 0.000000 0.000000 0.000000
381 1 15.290423 34.169117 76.235009 1.000000 1.000000 1.000000 0.983094
381 0.000000 0.000000 0.000000
382 1 16.037284 82.019136 156.178951 2.000000 2.000000 1.000000 1.127810
382 0.000000 0.000000 0.000000
383 1 81.536026 91.668563 180.917259 3.000000 3.000000 1.000000 1.197480
383 0.000000 0.000000 0.000000
384 1 45.089155 78.897940 82.329576 1.000000 1.000000 1.000000 0.983094
384 0.000000 0.000000 0.000000
385 1 35.125018 18.694348 116.987145 4.000000 4.000000 1.000000 1.237850
385 0.000000 0.000000 0.000000
386 1 33.783213 92.899105 40.584538 2.000000 2.000000 1.000000 1.127810
386 0.000000 0.000000 0.000000
387 1 88.964595 13.432331 198.041242 3.000000 3.000000 1.000000 1.197480
387 0.000000 0.000000 0.000000
391 1 94.522265 6.357489 48.456299 2.000000 2.000000 1.000000 1.127810
391 0.000000 0.000000 0.000000
393 1 20.267885 60.859947 124.293255 1.000000 1.000000 1.000000 0.983094
393 0.000000 0.000000 0.000000
394 1 62.088095 5.139114 198.582693 5.000000 5.000000 1.000000 1.263720
394 0.000000 0.000000 0.000000
400 1 65.373227 39.251046 33.798520 1.000000 1.000000 1.000000 0.983094
400 0.000000 0.000000 0.000000
401 1 53.708385 31.809058 14.444104 1.000000 1.000000 1.000000 0.983094
401 0.000000 0.000000 0.000000
405 1 95.195544 19.983482 39.044346 1.000000 1.000000 1.000000 0.983094
405 0.000000 0.000000 0.000000
407 1 85.339261 28.245300 0.364480 1.000000 1.000000 1.000000 0.983094
407 0.000000 0.000000 0.000000
408 1 1.505181 12.212077 81.268352 1.000000 1.000000 1.000000 0.983094
408 0.000000 0.000000 0.000000
409 1 32.493868 27.538764 146.145568 1.000000 1.000000 1.000000 0.983094
409 0.000000 0.000000 0.000000
412 1 38.667340 77.140355 166.032796 1.000000 1.000000 1.000000 0.983094
412 0.000000 0.000000 0.000000
413 1 8.544089 20.593366 23.912414 1.000000 1.000000 1.000000 0.983094
413 0.000000 0.000000 0.000000
414 1 10.749238 79.338909 53.529432 2.000000 2.000000 1.000000 1.127810
414 0.000000 0.000000 0.000000
415 1 5.942350 91.030027 71.683646 2.000000 2.000000 1.000000 1.127810
415 0.000000 0.000000 0.000000
417 1 81.718963 9.710190 135.126695 3.000000 3.000000 1.000000 1.197480
417 0.000000 0.000000 0.000000
418 1 23.232912 99.527830 35.041998 3.000000 3.000000 1.000000 1.197480
418 0.000000 0.000000 0.000000
419 1 83.535345 59.429824 85.529568 1.000000 1.000000 1.000000 0.983094
419 0.000000 0.000000 0.000000
420 1 39.665942 41.816642 82.969774 1.000000 1.000000 1.000000 0.983094
420 0.000000 0.000000 0.000000
421 1 55.703525 31.379085 173.177291 1.000000 1.000000 1.000000 0.983094
421 0.000000 0.000000 0.000000
422 1 48.486618 13.414539 189.181241 1.000000 1.000000 1.000000 0.983094
422 0.000000 0.000000 0.000000
427 1 11.674524 34.924408 175.785081 2.000000 2.000000 1.000000 1.127810
427 0.000000 0.000000 0.000000
428 1 88.350760 67.435687 64.230343 2.000000 2.000000 1.000000 1.127810
428 0.000000 0.000000 0.000000
429 1 53.678300 74.527588 165.194748 1.000000 1.000000 1.000000 0.983094
429 0.000000 0.000000 0.000000
430 1 33.161335 68.071193 8.744806 2.000000 2.000000 1.000000 1.127810
430 0.000000 0.000000 0.000000
431 1 29.922394 67.450306 76.770933 2.000000 2.000000 1.000000 1.127810
431 0.000000 0.000000 0.000000
435 1 34.625919 62.517954 194.441305 1.000000 1.000000 1.000000 0.983094
435 0.000000 0.000000 0.000000
437 1 47.862340 21.551335 145.417158 1.000000 1.000000 1.000000 0.983094
437 0.000000 0.000000 0.000000
439 1 32.435811 7.648542 50.557076 1.000000 1.000000 1.000000 0.983094
439 0.000000 0.000000 0.000000
440 1 24.499527 2.557134 87.770472 2.000000 2.000000 1.000000 1.127810
440 0.000000 0.000000 0.000000
443 1 54.202633 79.564263 134.754879 1.000000 1.000000 1.000000 0.983094
443 0.000000 0.000000 0.000000
444 1 45.698748 79.865146 73.253851 1.000000 1.000000 1.000000 0.983094
444 0.000000 0.000000 0.000000
447 1 19.615600 5.265569 111.405630 3.000000 3.000000 1.000000 1.197480
447 0.000000 0.000000 0.000000
450 1 43.543360 39.098332 187.743747 2.000000 2.000000 1.000000 1.127810
450 0.000000 0.000000 0.000000
451 1 58.242981 3.294215 6.784857 4.000000 4.000000 1.000000 1.237850
451 0.000000 0.000000 0.000000
452 1 65.757375 95.487192 18.339931 2.000000 2.000000 1.000000 1.127810
452 0.000000 0.000000 0.000000
454 1 21.731986 35.701981 158.711135 1.000000 1.000000 1.000000 0.983094
454 0.000000 0.000000 0.000000
457 1 6.825618 19.171153 193.386281 1.000000 1.000000 1.000000 0.983094
457 0.000000 0.000000 0.000000
458 1 3.102717 60.894678 51.760291 1.000000 1.000000 1.000000 0.983094
458 0.000000 0.000000 0.000000
460 1 45.837332 5.901829 38.226630 1.000000 1.000000 1.000000 0.983094
460 0.000000 0.000000 0.000000
461 1 15.312318 79.839040 188.267265 3.000000 3.000000 1.000000 1.197480
461 0.000000 0.000000 0.000000
462 1 15.803153 89.757568 189.248672 2.000000 2.000000 1.000000 1.127810
462 0.000000 0.000000 0.000000
463 1 8.783803 29.704732 175.597599 1.000000 1.000000 1.000000 0.983094
463 0.000000 0.000000 0.000000
465 1 38.161084 96.029606 38.132107 1.000000 1.000000 1.000000 0.983094
465 0.000000 0.000000 0.000000
466 1 34.615262 43.094189 25.070580 1.000000 1.000000 1.000000 0.983094
466 0.000000 0.000000 0.000000
468 1 47.799023 9.008848 86.913354 1.000000 1.000000 1.000000 0.983094
468 0.000000 0.000000 0.000000
469 1 38.443681 93.684873 0.931913 5.000000 5.000000 1.000000 1.263720
469 0.000000 0.000000 0.000000
471 1 72.039146 60.732315 110.787164 1.000000 1.000000 1.000000 0.983094
471 0.000000 0.000000 0.000000
472 1 85.253922 96.723714 133.190290 2.000000 2.000000 1.000000 1.127810
472 0.000000 0.000000 0.000000
473 1 19.467545 95.212160 41.394099 1.000000 1.000000 1.000000 0.983094
473 0.000000 0.000000 0.000000
476 1 23.813133 4.699804 113.562977 1.000000 1.000000 1.000000 0.983094
476 0.000000 0.000000 0.000000
477 1 64.784127 75.665230 187.455757 1.000000 1.000000 1.000000 0.983094
477 0.000000 0.000000 0.000000
478 1 21.972559 50.627718 127.423518 1.000000 1.000000 1.000000 0.983094
478 0.000000 0.000000 0.000000
481 1 97.962672 93.863479 188.408207 1.000000 1.000000 1.000000 0.983094
481 0.000000 0.000000 0.000000
484 1 54.573411 3.639850 60.617356 1.000000 1.000000 1.000000 0.983094
484 0.000000 0.000000 0.000000
485 1 4.053997 13.348385 185.810126 1.000000 1.000000 1.000000 0.983094
485 0.000000 0.000000 0.000000
486 1 34.235143 48.499926 72.466335 1.000000 1.000000 1.000000 0.983094
486 0.000000 0.000000 0.000000
487 1 74.123869 33.696839 181.196286 4.000000 4.000000 1.000000 1.237850
487 0.000000 0.000000 0.000000
488 1 14.635994 64.814042 107.702570 2.000000 2.000000 1.000000 1.127810
488 0.000000 0.000000 0.000000
489 1 79.054425 78.578155 55.920551 1.000000 1.000000 1.000000 0.983094
489 0.000000 0.000000 0.000000
492 1 63.653003 41.591653 196.061220 2.000000 2.000000 1.000000 1.127810
492 0.000000 0.000000 0.000000
493 1 70.219601 56.916350 37.273955 5.000000 5.000000 1.000000 1.263720
493 0.000000 0.000000 0.000000
496 1 68.327150 79.174508 26.215175 1.000000 1.000000 1.000000 0.983094
496 0.000000 0.000000 0.000000
497 1 36.748165 60.187797 29.337617 1.000000 1.000000 1.000000 0.983094
497 0.000000 0.000000 0.000000
498 1 38.474632 88.908722 180.332552 3.000000 3.000000 1.000000 1.197480
498 0.000000 0.000000 0.000000
