RESTART FILE
Timestep: 400

NUMBER OF PARTICLES
311

SIMULATION BOX
100 100 200

TIMESTEP
0.1

ATTRACTION RADIUS
25
0.983094 1.12781 1.19748 1.23785 1.26372 1.28133 1.2939 1.30312 1.31014 1.31562 1.32005 1.32351 1.32648 1.32881 1.33082 1.33244 1.33389 1.33515 1.3363 1.33723 1.33803 1.33868 1.33937 1.33991 1.34042 

AGGREGATES/BEADS
0 1 84.259990 55.480063 50.321649 1.000000 1.000000 1.000000 0.983094
0 0.000000 0.000000 0.000000
1 1 81.972479 22.717662 155.590766 2.000000 2.000000 1.000000 1.127810
1 0.000000 0.000000 0.000000
3 1 15.703181 68.372342 93.237164 1.000000 1.000000 1.000000 0.983094
3 0.000000 0.000000 0.000000
4 1 34.650982 96.023017 94.412932 1.000000 1.000000 1.000000 0.983094
4 0.000000 0.000000 0.000000
6 1 77.919850 3.942024 7.338436 1.000000 1.000000 1.000000 0.983094
6 0.000000 0.000000 0.000000
7 1 84.664079 99.395090 134.919710 1.000000 1.000000 1.000000 0.983094
7 0.000000 0.000000 0.000000
8 1 52.295821 14.665841 111.949265 4.000000 4.000000 1.000000 1.237850
8 0.000000 0.000000 0.000000
9 1 26.688287 19.144755 39.091541 1.000000 1.000000 1.000000 0.983094
9 0.000000 0.000000 0.000000
10 1 62.114377 9.187235 46.578045 1.000000 1.000000 1.000000 0.983094
10 0.000000 0.000000 0.000000
11 1 26.162961 43.793125 19.921349 1.000000 1.000000 1.000000 0.983094
11 0.000000 0.000000 0.000000
13 1 41.141734 72.722662 191.898430 1.000000 1.000000 1.000000 0.983094
13 0.000000 0.000000 0.000000
14 1 18.072482 24.522220 46.365354 2.000000 2.000000 1.000000 1.127810
14 0.000000 0.000000 0.000000
15 1 71.990878 59.713253 188.163436 1.000000 1.000000 1.000000 0.983094
15 0.000000 0.000000 0.000000
16 1 78.309323 51.778119 32.078434 1.000000 1.000000 1.000000 0.983094
16 0.000000 0.000000 0.000000
17 1 99.358001 91.760077 73.578970 1.000000 1.000000 1.000000 0.983094
17 0.000000 0.000000 0.000000
19 1 53.287581 50.847952 152.132779 1.000000 1.000000 1.000000 0.983094
19 0.000000 0.000000 0.000000
20 1 68.241813 24.176688 84.083617 2.000000 2.000000 1.000000 1.127810
20 0.000000 0.000000 0.000000
22 1 56.148090 59.745136 174.272092 1.000000 1.000000 1.000000 0.983094
22 0.000000 0.000000 0.000000
24 1 53.726779 65.904173 73.678287 1.000000 1.000000 1.000000 0.983094
24 0.000000 0.000000 0.000000
25 1 69.468969 56.788454 71.612198 1.000000 1.000000 1.000000 0.983094
25 0.000000 0.000000 0.000000
26 1 17.555768 1.603272 47.656692 1.000000 1.000000 1.000000 0.983094
26 0.000000 0.000000 0.000000
29 1 47.357111 41.458716 17.956572 1.000000 1.000000 1.000000 0.983094
29 0.000000 0.000000 0.000000
30 1 29.615406 45.062296 170.099646 1.000000 1.000000 1.000000 0.983094
30 0.000000 0.000000 0.000000
32 1 8.360589 62.236133 175.079319 3.000000 3.000000 1.000000 1.197480
32 0.000000 0.000000 0.000000
38 1 60.260712 69.891858 74.311802 3.000000 3.000000 1.000000 1.197480
38 0.000000 0.000000 0.000000
40 1 8.294172 2.912748 89.477344 2.000000 2.000000 1.000000 1.127810
40 0.000000 0.000000 0.000000
41 1 96.931296 20.756955 115.540085 1.000000 1.000000 1.000000 0.983094
41 0.000000 0.000000 0.000000
42 1 34.398315 65.242560 135.460753 3.000000 3.000000 1.000000 1.197480
42 0.000000 0.000000 0.000000
43 1 16.361847 86.044171 0.169402 3.000000 3.000000 1.000000 1.197480
43 0.000000 0.000000 0.000000
44 1 61.051153 76.269000 144.352644 1.000000 1.000000 1.000000 0.983094
44 0.000000 0.000000 0.000000
45 1 43.081131 9.922601 66.294503 1.000000 1.000000 1.000000 0.983094
45 0.000000 0.000000 0.000000
46 1 64.575670 93.807826 44.917682 3.000000 3.000000 1.000000 1.197480
46 0.000000 0.000000 0.000000
47 1 8.138431 92.509439 21.989451 1.000000 1.000000 1.000000 0.983094
47 0.000000 0.000000 0.000000
49 1 8.121049 55.794447 31.183500 1.000000 1.000000 1.000000 0.983094
49 0.000000 0.000000 0.000000
50 1 65.390675 71.096192 44.376432 2.000000 2.000000 1.000000 1.127810
50 0.000000 0.000000 0.000000
51 1 14.474366 53.670574 155.504991 3.000000 3.000000 1.000000 1.197480
51 0.000000 0.000000 0.000000
52 1 74.699853 86.989859 150.227674 1.000000 1.000000 1.000000 0.983094
52 0.000000 0.000000 0.000000
53 1 49.388459 97.791915 52.572866 3.000000 3.000000 1.000000 1.197480
53 0.000000 0.000000 0.000000
54 1 57.250135 71.778517 31.319000 1.000000 1.000000 1.000000 0.983094
54 0.000000 0.000000 0.000000
57 1 49.393929 89.897118 152.902211 1.000000 1.000000 1.000000 0.983094
57 0.000000 0.000000 0.000000
58 1 37.714474 65.953239 73.045621 3.000000 3.000000 1.000000 1.197480
58 0.000000 0.000000 0.000000
59 1 47.798530 76.742666 35.171632 1.000000 1.000000 1.000000 0.983094
59 0.000000 0.000000 0.000000
61 1 52.096520 85.281777 187.006115 2.000000 2.000000 1.000000 1.127810
61 0.000000 0.000000 0.000000
63 1 28.177243 31.982262 14.683210 2.000000 2.000000 1.000000 1.127810
63 0.000000 0.000000 0.000000
65 1 4.495388 82.442100 99.601553 1.000000 1.000000 1.000000 0.983094
65 0.000000 0.000000 0.000000
67 1 47.375356 28.163578 19.064383 1.000000 1.000000 1.000000 0.983094
67 0.000000 0.000000 0.000000
68 1 7.044372 49.903497 152.230759 1.000000 1.000000 1.000000 0.983094
68 0.000000 0.000000 0.000000
71 1 87.557867 49.202938 11.796747 1.000000 1.000000 1.000000 0.983094
71 0.000000 0.000000 0.000000
72 1 0.322216 63.181905 61.774501 2.000000 2.000000 1.000000 1.127810
72 0.000000 0.000000 0.000000
73 1 60.669818 54.609698 54.402946 5.000000 5.000000 1.000000 1.263720
73 0.000000 0.000000 0.000000
74 1 59.134593 93.359560 73.174841 1.000000 1.000000 1.000000 0.983094
74 0.000000 0.000000 0.000000
76 1 67.150569 38.052585 26.868563 1.000000 1.000000 1.000000 0.983094
76 0.000000 0.000000 0.000000
82 1 50.217816 3.050548 120.134547 1.000000 1.000000 1.000000 0.983094
82 0.000000 0.000000 0.000000
84 1 91.208621 39.245562 165.631689 1.000000 1.000000 1.000000 0.983094
84 0.000000 0.000000 0.000000
85 1 15.136455 8.001006 95.697642 1.000000 1.000000 1.000000 0.983094
85 0.000000 0.000000 0.000000
86 1 5.953805 1.234508 80.488882 1.000000 1.000000 1.000000 0.983094
86 0.000000 0.000000 0.000000
88 1 18.087106 99.744788 149.026032 2.000000 2.000000 1.000000 1.127810
88 0.000000 0.000000 0.000000
90 1 28.207834 84.183786 35.956710 3.000000 3.000000 1.000000 1.197480
90 0.000000 0.000000 0.000000
92 1 92.031603 78.938519 78.626074 1.000000 1.000000 1.000000 0.983094
92 0.000000 0.000000 0.000000
93 1 44.853078 94.442386 162.957050 2.000000 2.000000 1.000000 1.127810
93 0.000000 0.000000 0.000000
94 1 94.417258 86.069445 110.357596 5.000000 5.000000 1.000000 1.263720
94 0.000000 0.000000 0.000000
95 1 66.677791 25.069198 52.004746 2.000000 2.000000 1.000000 1.127810
95 0.000000 0.000000 0.000000
98 1 67.221726 57.271471 63.965988 2.000000 2.000000 1.000000 1.127810
98 0.000000 0.000000 0.000000
101 1 88.270262 21.160894 122.751708 2.000000 2.000000 1.000000 1.127810
101 0.000000 0.000000 0.000000
102 1 42.613249 55.441259 116.756827 3.000000 3.000000 1.000000 1.197480
102 0.000000 0.000000 0.000000
103 1 82.472889 59.289528 139.925533 3.000000 3.000000 1.000000 1.197480
103 0.000000 0.000000 0.000000
104 1 70.297716 6.419067 91.629129 1.000000 1.000000 1.000000 0.983094
104 0.000000 0.000000 0.000000
105 1 48.607183 33.553507 166.910007 2.000000 2.000000 1.000000 1.127810
105 0.000000 0.000000 0.000000
106 1 75.843078 23.723573 138.960584 2.000000 2.000000 1.000000 1.127810
106 0.000000 0.000000 0.000000
108 1 84.876244 29.600943 164.578393 1.000000 1.000000 1.000000 0.983094
108 0.000000 0.000000 0.000000
109 1 4.367076 0.235945 156.420321 2.000000 2.000000 1.000000 1.127810
109 0.000000 0.000000 0.000000
111 1 3.185836 6.061583 92.566286 2.000000 2.000000 1.000000 1.127810
111 0.000000 0.000000 0.000000
115 1 71.009359 28.782073 128.945321 1.000000 1.000000 1.000000 0.983094
115 0.000000 0.000000 0.000000
117 1 13.200935 62.369970 8.230695 2.000000 2.000000 1.000000 1.127810
117 0.000000 0.000000 0.000000
118 1 51.720711 6.531220 46.410805 1.000000 1.000000 1.000000 0.983094
118 0.000000 0.000000 0.000000
119 1 48.471902 40.851666 180.638287 1.000000 1.000000 1.000000 0.983094
119 0.000000 0.000000 0.000000
120 1 2.599329 61.507975 33.329170 1.000000 1.000000 1.000000 0.983094
120 0.000000 0.000000 0.000000
122 1 40.180300 14.771536 170.431596 1.000000 1.000000 1.000000 0.983094
122 0.000000 0.000000 0.000000
124 1 73.643497 71.268808 187.388735 1.000000 1.000000 1.000000 0.983094
124 0.000000 0.000000 0.000000
125 1 70.547748 37.681803 50.349907 1.000000 1.000000 1.000000 0.983094
125 0.000000 0.000000 0.000000
127 1 35.775392 23.941957 195.119008 1.000000 1.000000 1.000000 0.983094
127 0.000000 0.000000 0.000000
128 1 44.010312 13.686350 132.648942 1.000000 1.000000 1.000000 0.983094
128 0.000000 0.000000 0.000000
129 1 66.050309 69.511270 150.243780 2.000000 2.000000 1.000000 1.127810
129 0.000000 0.000000 0.000000
130 1 86.271814 7.172242 125.461955 1.000000 1.000000 1.000000 0.983094
130 0.000000 0.000000 0.000000
131 1 46.161584 76.732397 92.065407 3.000000 3.000000 1.000000 1.197480
131 0.000000 0.000000 0.000000
133 1 47.426469 16.296429 83.707268 2.000000 2.000000 1.000000 1.127810
133 0.000000 0.000000 0.000000
135 1 93.570923 92.962560 19.261416 2.000000 2.000000 1.000000 1.127810
135 0.000000 0.000000 0.000000
136 1 39.586775 35.042356 94.270885 1.000000 1.000000 1.000000 0.983094
136 0.000000 0.000000 0.000000
138 1 81.297722 76.298200 188.666549 1.000000 1.000000 1.000000 0.983094
138 0.000000 0.000000 0.000000
140 1 71.577406 79.810693 173.527712 2.000000 2.000000 1.000000 1.127810
140 0.000000 0.000000 0.000000
142 1 33.677951 29.003037 95.823742 1.000000 1.000000 1.000000 0.983094
142 0.000000 0.000000 0.000000
145 1 56.613862 82.381144 176.671886 1.000000 1.000000 1.000000 0.983094
145 0.000000 0.000000 0.000000
146 1 57.849456 71.407777 50.894334 3.000000 3.000000 1.000000 1.197480
146 0.000000 0.000000 0.000000
147 1 84.998231 32.895410 93.883959 5.000000 5.000000 1.000000 1.263720
147 0.000000 0.000000 0.000000
149 1 47.596045 18.767109 71.036779 1.000000 1.000000 1.000000 0.983094
149 0.000000 0.000000 0.000000
150 1 42.556395 27.192607 12.312724 4.000000 4.000000 1.000000 1.237850
150 0.000000 0.000000 0.000000
151 1 9.124980 75.001677 156.398654 2.000000 2.000000 1.000000 1.127810
151 0.000000 0.000000 0.000000
152 1 57.878609 60.357833 113.533624 1.000000 1.000000 1.000000 0.983094
152 0.000000 0.000000 0.000000
155 1 27.620614 48.248901 12.087539 4.000000 4.000000 1.000000 1.237850
155 0.000000 0.000000 0.000000
156 1 82.742337 95.636007 56.043869 2.000000 2.000000 1.000000 1.127810
156 0.000000 0.000000 0.000000
158 1 19.121661 34.180802 159.976167 1.000000 1.000000 1.000000 0.983094
158 0.000000 0.000000 0.000000
161 1 74.724771 37.293512 91.410291 1.000000 1.000000 1.000000 0.983094
161 0.000000 0.000000 0.000000
163 1 42.589703 8.440786 55.275997 1.000000 1.000000 1.000000 0.983094
163 0.000000 0.000000 0.000000
164 1 9.993714 15.593381 199.853029 1.000000 1.000000 1.000000 0.983094
164 0.000000 0.000000 0.000000
165 1 0.563993 31.646876 158.930365 2.000000 2.000000 1.000000 1.127810
165 0.000000 0.000000 0.000000
166 1 70.244058 55.946349 120.858525 1.000000 1.000000 1.000000 0.983094
166 0.000000 0.000000 0.000000
169 1 49.369567 40.029613 25.924978 2.000000 2.000000 1.000000 1.127810
169 0.000000 0.000000 0.000000
172 1 41.941079 5.245637 46.733863 2.000000 2.000000 1.000000 1.127810
172 0.000000 0.000000 0.000000
177 1 66.336706 44.116686 142.846845 1.000000 1.000000 1.000000 0.983094
177 0.000000 0.000000 0.000000
179 1 11.593791 64.080046 76.367758 2.000000 2.000000 1.000000 1.127810
179 0.000000 0.000000 0.000000
180 1 10.767771 93.158065 24.437726 1.000000 1.000000 1.000000 0.983094
180 0.000000 0.000000 0.000000
182 1 51.101081 49.220160 20.299585 1.000000 1.000000 1.000000 0.983094
182 0.000000 0.000000 0.000000
184 1 76.924761 19.707810 87.848332 1.000000 1.000000 1.000000 0.983094
184 0.000000 0.000000 0.000000
185 1 54.432194 92.410766 5.177733 2.000000 2.000000 1.000000 1.127810
185 0.000000 0.000000 0.000000
186 1 96.630900 55.651783 47.174577 1.000000 1.000000 1.000000 0.983094
186 0.000000 0.000000 0.000000
190 1 8.027357 55.176460 16.639857 1.000000 1.000000 1.000000 0.983094
190 0.000000 0.000000 0.000000
191 1 46.691291 71.170345 82.720867 1.000000 1.000000 1.000000 0.983094
191 0.000000 0.000000 0.000000
192 1 62.108540 87.818492 37.211282 1.000000 1.000000 1.000000 0.983094
192 0.000000 0.000000 0.000000
194 1 83.510952 33.626001 142.360073 1.000000 1.000000 1.000000 0.983094
194 0.000000 0.000000 0.000000
195 1 95.330531 46.651178 179.245365 1.000000 1.000000 1.000000 0.983094
195 0.000000 0.000000 0.000000
202 1 94.022829 90.510453 14.347351 1.000000 1.000000 1.000000 0.983094
202 0.000000 0.000000 0.000000
204 1 53.068731 14.111404 169.500652 2.000000 2.000000 1.000000 1.127810
204 0.000000 0.000000 0.000000
206 1 56.902684 12.929460 1.328998 3.000000 3.000000 1.000000 1.197480
206 0.000000 0.000000 0.000000
207 1 33.729258 73.883358 160.992605 1.000000 1.000000 1.000000 0.983094
207 0.000000 0.000000 0.000000
208 1 92.084025 4.342913 119.338066 1.000000 1.000000 1.000000 0.983094
208 0.000000 0.000000 0.000000
209 1 64.718098 45.331297 111.471998 4.000000 4.000000 1.000000 1.237850
209 0.000000 0.000000 0.000000
211 1 41.609693 37.292327 88.357607 1.000000 1.000000 1.000000 0.983094
211 0.000000 0.000000 0.000000
212 1 84.867478 23.266200 120.420732 1.000000 1.000000 1.000000 0.983094
212 0.000000 0.000000 0.000000
214 1 52.317619 28.195175 199.868602 1.000000 1.000000 1.000000 0.983094
214 0.000000 0.000000 0.000000
215 1 22.038643 29.285358 52.035674 1.000000 1.000000 1.000000 0.983094
215 0.000000 0.000000 0.000000
217 1 46.387911 25.701176 177.840387 1.000000 1.000000 1.000000 0.983094
217 0.000000 0.000000 0.000000
218 1 37.057851 67.162912 139.345318 2.000000 2.000000 1.000000 1.127810
218 0.000000 0.000000 0.000000
219 1 86.436020 79.580138 32.439026 2.000000 2.000000 1.000000 1.127810
219 0.000000 0.000000 0.000000
220 1 6.148051 70.686456 82.822963 2.000000 2.000000 1.000000 1.127810
220 0.000000 0.000000 0.000000
221 1 29.986875 29.600998 160.351675 1.000000 1.000000 1.000000 0.983094
221 0.000000 0.000000 0.000000
223 1 79.118453 56.079000 162.681871 1.000000 1.000000 1.000000 0.983094
223 0.000000 0.000000 0.000000
224 1 48.829230 12.311642 186.614300 1.000000 1.000000 1.000000 0.983094
224 0.000000 0.000000 0.000000
225 1 14.697238 13.867012 134.196111 3.000000 3.000000 1.000000 1.197480
225 0.000000 0.000000 0.000000
226 1 10.756109 2.158748 38.219167 2.000000 2.000000 1.000000 1.127810
226 0.000000 0.000000 0.000000
227 1 46.247450 3.576321 175.570229 3.000000 3.000000 1.000000 1.197480
227 0.000000 0.000000 0.000000
228 1 48.166799 47.137308 65.833696 1.000000 1.000000 1.000000 0.983094
228 0.000000 0.000000 0.000000
229 1 65.664029 80.375427 14.866168 3.000000 3.000000 1.000000 1.197480
229 0.000000 0.000000 0.000000
232 1 5.038729 66.768098 77.926451 1.000000 1.000000 1.000000 0.983094
232 0.000000 0.000000 0.000000
235 1 78.598856 87.832895 4.345324 1.000000 1.000000 1.000000 0.983094
235 0.000000 0.000000 0.000000
236 1 57.991851 6.300901 22.348334 1.000000 1.000000 1.000000 0.983094
236 0.000000 0.000000 0.000000
237 1 33.154001 9.027567 46.063471 1.000000 1.000000 1.000000 0.983094
237 0.000000 0.000000 0.000000
238 1 40.000337 40.980494 103.298826 2.000000 2.000000 1.000000 1.127810
238 0.000000 0.000000 0.000000
239 1 3.392082 96.477836 185.181394 4.000000 4.000000 1.000000 1.237850
239 0.000000 0.000000 0.000000
240 1 47.103284 35.461136 65.834720 1.000000 1.000000 1.000000 0.983094
240 0.000000 0.000000 0.000000
241 1 95.598027 41.540154 49.558768 1.000000 1.000000 1.000000 0.983094
241 0.000000 0.000000 0.000000
244 1 86.669116 81.316448 80.216597 2.000000 2.000000 1.000000 1.127810
244 0.000000 0.000000 0.000000
245 1 12.002810 90.194507 16.415049 1.000000 1.000000 1.000000 0.983094
245 0.000000 0.000000 0.000000
246 1 68.818419 21.760144 104.034306 2.000000 2.000000 1.000000 1.127810
246 0.000000 0.000000 0.000000
247 1 36.052405 13.571306 138.925080 1.000000 1.000000 1.000000 0.983094
247 0.000000 0.000000 0.000000
249 1 45.760111 66.140987 7.922670 1.000000 1.000000 1.000000 0.983094
249 0.000000 0.000000 0.000000
250 1 96.408712 12.055738 126.859317 1.000000 1.000000 1.000000 0.983094
250 0.000000 0.000000 0.000000
252 1 79.903769 39.567581 41.044756 1.000000 1.000000 1.000000 0.983094
252 0.000000 0.000000 0.000000
254 1 57.403571 25.463326 191.074728 1.000000 1.000000 1.000000 0.983094
254 0.000000 0.000000 0.000000
255 1 94.373584 31.062244 46.565480 2.000000 2.000000 1.000000 1.127810
255 0.000000 0.000000 0.000000
257 1 0.303760 62.839565 38.487157 1.000000 1.000000 1.000000 0.983094
257 0.000000 0.000000 0.000000
258 1 46.793068 4.295162 146.340778 1.000000 1.000000 1.000000 0.983094
258 0.000000 0.000000 0.000000
260 1 94.501425 44.372285 168.107616 4.000000 4.000000 1.000000 1.237850
260 0.000000 0.000000 0.000000
261 1 20.517045 14.148596 2.643124 1.000000 1.000000 1.000000 0.983094
261 0.000000 0.000000 0.000000
263 1 48.860418 78.194222 0.180005 2.000000 2.000000 1.000000 1.127810
263 0.000000 0.000000 0.000000
264 1 18.757238 70.760927 16.147713 1.000000 1.000000 1.000000 0.983094
264 0.000000 0.000000 0.000000
265 1 2.024326 68.563746 39.528160 1.000000 1.000000 1.000000 0.983094
265 0.000000 0.000000 0.000000
268 1 94.168200 32.274183 193.282911 1.000000 1.000000 1.000000 0.983094
268 0.000000 0.000000 0.000000
275 1 95.592052 7.024381 92.223785 3.000000 3.000000 1.000000 1.197480
275 0.000000 0.000000 0.000000
276 1 44.868465 47.513953 85.793026 2.000000 2.000000 1.000000 1.127810
276 0.000000 0.000000 0.000000
277 1 90.222488 27.865800 151.413308 4.000000 4.000000 1.000000 1.237850
277 0.000000 0.000000 0.000000
282 1 17.948650 75.358281 50.382915 1.000000 1.000000 1.000000 0.983094
282 0.000000 0.000000 0.000000
283 1 55.776926 38.643334 85.282077 1.000000 1.000000 1.000000 0.983094
283 0.000000 0.000000 0.000000
284 1 9.462777 26.989230 2.485520 1.000000 1.000000 1.000000 0.983094
284 0.000000 0.000000 0.000000
285 1 34.014656 27.479826 84.585699 2.000000 2.000000 1.000000 1.127810
285 0.000000 0.000000 0.000000
286 1 54.971802 81.578476 53.717516 3.000000 3.000000 1.000000 1.197480
286 0.000000 0.000000 0.000000
287 1 59.361844 59.017206 22.887258 2.000000 2.000000 1.000000 1.127810
287 0.000000 0.000000 0.000000
290 1 50.133100 18.938668 78.588988 1.000000 1.000000 1.000000 0.983094
290 0.000000 0.000000 0.000000
291 1 49.940193 93.053038 39.259145 1.000000 1.000000 1.000000 0.983094
291 0.000000 0.000000 0.000000
292 1 90.283695 79.817651 109.672452 1.000000 1.000000 1.000000 0.983094
292 0.000000 0.000000 0.000000
293 1 23.638091 82.220021 124.685095 3.000000 3.000000 1.000000 1.197480
293 0.000000 0.000000 0.000000
294 1 34.218012 41.548394 88.271687 3.000000 3.000000 1.000000 1.197480
294 0.000000 0.000000 0.000000
295 1 1.971032 36.162448 162.155022 1.000000 1.000000 1.000000 0.983094
295 0.000000 0.000000 0.000000
296 1 86.151568 86.138969 90.336876 1.000000 1.000000 1.000000 0.983094
296 0.000000 0.000000 0.000000
297 1 40.655353 17.356328 7.258868 6.000000 6.000000 1.000000 1.281330
297 0.000000 0.000000 0.000000
298 1 60.242935 12.266409 104.528208 3.000000 3.000000 1.000000 1.197480
298 0.000000 0.000000 0.000000
300 1 75.597788 66.767292 35.804990 2.000000 2.000000 1.000000 1.127810
300 0.000000 0.000000 0.000000
302 1 75.122266 37.699503 184.048321 2.000000 2.000000 1.000000 1.127810
302 0.000000 0.000000 0.000000
304 1 29.101283 93.111362 18.821571 2.000000 2.000000 1.000000 1.127810
304 0.000000 0.000000 0.000000
305 1 30.176080 27.917245 126.540897 1.000000 1.000000 1.000000 0.983094
305 0.000000 0.000000 0.000000
309 1 22.673940 6.671238 170.902008 1.000000 1.000000 1.000000 0.983094
309 0.000000 0.000000 0.000000
311 1 66.508103 82.766322 159.145651 1.000000 1.000000 1.000000 0.983094
311 0.000000 0.000000 0.000000
312 1 40.960355 27.274619 58.025670 1.000000 1.000000 1.000000 0.983094
312 0.000000 0.000000 0.000000
314 1 71.080157 83.399707 40.326363 1.000000 1.000000 1.000000 0.983094
314 0.000000 0.000000 0.000000
315 1 84.938917 28.648877 86.015909 1.000000 1.000000 1.000000 0.983094
315 0.000000 0.000000 0.000000
319 1 23.729724 63.269673 121.754210 2.000000 2.000000 1.000000 1.127810
319 0.000000 0.000000 0.000000
320 1 39.168638 32.569101 121.951319 1.000000 1.000000 1.000000 0.983094
320 0.000000 0.000000 0.000000
321 1 77.675371 2.278413 103.650024 1.000000 1.000000 1.000000 0.983094
321 0.000000 0.000000 0.000000
323 1 70.336922 45.032465 130.473351 1.000000 1.000000 1.000000 0.983094
323 0.000000 0.000000 0.000000
324 1 38.684086 76.202021 48.562826 2.000000 2.000000 1.000000 1.127810
324 0.000000 0.000000 0.000000
326 1 79.159275 63.529123 13.103211 2.000000 2.000000 1.000000 1.127810
326 0.000000 0.000000 0.000000
327 1 0.851086 94.452617 170.491687 1.000000 1.000000 1.000000 0.983094
327 0.000000 0.000000 0.000000
328 1 32.393628 35.824517 177.503333 3.000000 3.000000 1.000000 1.197480
328 0.000000 0.000000 0.000000
329 1 16.296731 80.813965 108.132523 2.000000 2.000000 1.000000 1.127810
329 0.000000 0.000000 0.000000
332 1 30.915992 37.832079 191.045890 1.000000 1.000000 1.000000 0.983094
332 0.000000 0.000000 0.000000
333 1 67.581497 32.793264 34.462075 1.000000 1.000000 1.000000 0.983094
333 0.000000 0.000000 0.000000
337 1 49.321278 56.085256 104.593387 1.000000 1.000000 1.000000 0.983094
337 0.000000 0.000000 0.000000
338 1 53.948671 14.764615 139.493005 2.000000 2.000000 1.000000 1.127810
338 0.000000 0.000000 0.000000
339 1 92.041593 42.591884 65.341733 2.000000 2.000000 1.000000 1.127810
339 0.000000 0.000000 0.000000
342 1 83.424381 58.498992 6.960941 3.000000 3.000000 1.000000 1.197480
342 0.000000 0.000000 0.000000
343 1 1.919969 52.894297 100.574981 1.000000 1.000000 1.000000 0.983094
343 0.000000 0.000000 0.000000
344 1 89.961779 80.913517 36.809811 1.000000 1.000000 1.000000 0.983094
344 0.000000 0.000000 0.000000
345 1 36.960128 32.490989 145.791446 2.000000 2.000000 1.000000 1.127810
345 0.000000 0.000000 0.000000
346 1 34.934004 40.172254 36.978858 1.000000 1.000000 1.000000 0.983094
346 0.000000 0.000000 0.000000
349 1 64.117731 4.014054 135.751254 1.000000 1.000000 1.000000 0.983094
349 0.000000 0.000000 0.000000
350 1 98.086684 49.296267 72.151140 1.000000 1.000000 1.000000 0.983094
350 0.000000 0.000000 0.000000
351 1 41.121687 26.340919 171.466204 1.000000 1.000000 1.000000 0.983094
351 0.000000 0.000000 0.000000
352 1 43.266025 97.436537 114.912783 1.000000 1.000000 1.000000 0.983094
352 0.000000 0.000000 0.000000
353 1 43.301753 45.942278 150.946222 1.000000 1.000000 1.000000 0.983094
353 0.000000 0.000000 0.000000
355 1 76.984631 54.608284 115.943973 3.000000 3.000000 1.000000 1.197480
355 0.000000 0.000000 0.000000
357 1 28.912137 65.605865 42.379351 1.000000 1.000000 1.000000 0.983094
357 0.000000 0.000000 0.000000
358 1 48.790832 38.628598 112.973001 1.000000 1.000000 1.000000 0.983094
358 0.000000 0.000000 0.000000
360 1 84.837694 64.993992 195.337250 2.000000 2.000000 1.000000 1.127810
360 0.000000 0.000000 0.000000
361 1 95.369785 36.417995 105.710692 1.000000 1.000000 1.000000 0.983094
361 0.000000 0.000000 0.000000
362 1 59.061529 52.958850 136.858532 1.000000 1.000000 1.000000 0.983094
362 0.000000 0.000000 0.000000
363 1 38.121506 86.383519 16.455682 1.000000 1.000000 1.000000 0.983094
363 0.000000 0.000000 0.000000
365 1 37.923970 62.271480 169.710737 2.000000 2.000000 1.000000 1.127810
365 0.000000 0.000000 0.000000
367 1 43.238111 60.053062 59.105980 1.000000 1.000000 1.000000 0.983094
367 0.000000 0.000000 0.000000
368 1 67.995506 60.822814 142.699431 2.000000 2.000000 1.000000 1.127810
368 0.000000 0.000000 0.000000
370 1 35.426351 21.800048 130.569688 1.000000 1.000000 1.000000 0.983094
370 0.000000 0.000000 0.000000
372 1 81.228707 31.900591 161.649883 1.000000 1.000000 1.000000 0.983094
372 0.000000 0.000000 0.000000
373 1 88.813003 89.641097 123.420929 1.000000 1.000000 1.000000 0.983094
373 0.000000 0.000000 0.000000
374 1 16.646882 86.552459 183.780797 1.000000 1.000000 1.000000 0.983094
374 0.000000 0.000000 0.000000
375 1 60.795137 38.676150 174.085217 3.000000 3.000000 1.000000 1.197480
375 0.000000 0.000000 0.000000
377 1 1.488350 0.269882 103.042298 1.000000 1.000000 1.000000 0.983094
377 0.000000 0.000000 0.000000
378 1 66.615723 60.428422 86.431013 1.000000 1.000000 1.000000 0.983094
378 0.000000 0.000000 0.000000
379 1 54.397820 6.057273 82.290807 1.000000 1.000000 1.000000 0.983094
379 0.000000 0.000000 0.000000
381 1 14.142454 23.662486 83.263320 1.000000 1.000000 1.000000 0.983094
381 0.000000 0.000000 0.000000
382 1 7.084655 81.377134 153.634050 2.000000 2.000000 1.000000 1.127810
382 0.000000 0.000000 0.000000
383 1 89.448669 4.835448 174.123713 1.000000 1.000000 1.000000 0.983094
383 0.000000 0.000000 0.000000
384 1 41.205423 85.319079 95.216344 1.000000 1.000000 1.000000 0.983094
384 0.000000 0.000000 0.000000
385 1 24.254397 12.762416 132.454076 4.000000 4.000000 1.000000 1.237850
385 0.000000 0.000000 0.000000
386 1 38.835132 88.600793 38.281623 2.000000 2.000000 1.000000 1.127810
386 0.000000 0.000000 0.000000
387 1 89.772735 11.027626 5.548773 3.000000 3.000000 1.000000 1.197480
387 0.000000 0.000000 0.000000
388 1 81.387680 84.750834 198.974011 3.000000 3.000000 1.000000 1.197480
388 0.000000 0.000000 0.000000
391 1 93.255334 98.994198 50.511352 2.000000 2.000000 1.000000 1.127810
391 0.000000 0.000000 0.000000
393 1 9.003291 68.673503 135.836365 1.000000 1.000000 1.000000 0.983094
393 0.000000 0.000000 0.000000
394 1 66.962519 92.817088 2.572552 5.000000 5.000000 1.000000 1.263720
394 0.000000 0.000000 0.000000
397 1 33.476475 20.084103 94.911040 1.000000 1.000000 1.000000 0.983094
397 0.000000 0.000000 0.000000
400 1 76.949316 41.572205 23.104147 1.000000 1.000000 1.000000 0.983094
400 0.000000 0.000000 0.000000
401 1 59.889807 20.435366 21.227655 1.000000 1.000000 1.000000 0.983094
401 0.000000 0.000000 0.000000
405 1 84.656326 28.515593 17.826261 1.000000 1.000000 1.000000 0.983094
405 0.000000 0.000000 0.000000
406 1 76.673642 17.781302 129.446331 3.000000 3.000000 1.000000 1.197480
406 0.000000 0.000000 0.000000
407 1 81.844938 4.549907 188.336189 1.000000 1.000000 1.000000 0.983094
407 0.000000 0.000000 0.000000
408 1 2.262592 19.380404 99.125898 1.000000 1.000000 1.000000 0.983094
408 0.000000 0.000000 0.000000
409 1 18.384863 33.974002 130.888664 1.000000 1.000000 1.000000 0.983094
409 0.000000 0.000000 0.000000
412 1 49.690914 76.237541 159.189038 1.000000 1.000000 1.000000 0.983094
412 0.000000 0.000000 0.000000
413 1 93.440794 11.466404 24.182982 1.000000 1.000000 1.000000 0.983094
413 0.000000 0.000000 0.000000
414 1 8.629459 77.092110 53.594015 2.000000 2.000000 1.000000 1.127810
414 0.000000 0.000000 0.000000
415 1 6.548964 89.365182 74.626874 1.000000 1.000000 1.000000 0.983094
415 0.000000 0.000000 0.000000
417 1 84.769931 3.113313 131.501308 3.000000 3.000000 1.000000 1.197480
417 0.000000 0.000000 0.000000
418 1 31.674016 1.488546 32.736255 3.000000 3.000000 1.000000 1.197480
418 0.000000 0.000000 0.000000
419 1 81.242888 69.908669 88.567700 1.000000 1.000000 1.000000 0.983094
419 0.000000 0.000000 0.000000
420 1 56.620290 44.427315 72.054857 1.000000 1.000000 1.000000 0.983094
420 0.000000 0.000000 0.000000
421 1 45.574028 16.606675 174.495820 1.000000 1.000000 1.000000 0.983094
421 0.000000 0.000000 0.000000
422 1 38.258021 7.702408 180.058859 1.000000 1.000000 1.000000 0.983094
422 0.000000 0.000000 0.000000
427 1 23.586847 31.388248 157.259074 1.000000 1.000000 1.000000 0.983094
427 0.000000 0.000000 0.000000
428 1 90.670909 52.385773 82.111643 2.000000 2.000000 1.000000 1.127810
428 0.000000 0.000000 0.000000
429 1 51.391358 67.404281 162.014592 1.000000 1.000000 1.000000 0.983094
429 0.000000 0.000000 0.000000
430 1 38.499093 69.922616 5.475574 2.000000 2.000000 1.000000 1.127810
430 0.000000 0.000000 0.000000
431 1 26.541995 53.504198 81.618070 2.000000 2.000000 1.000000 1.127810
431 0.000000 0.000000 0.000000
432 1 54.874021 89.431927 38.623009 1.000000 1.000000 1.000000 0.983094
432 0.000000 0.000000 0.000000
435 1 38.764737 68.055725 198.233167 1.000000 1.000000 1.000000 0.983094
435 0.000000 0.000000 0.000000
437 1 54.916599 27.692688 155.288757 1.000000 1.000000 1.000000 0.983094
437 0.000000 0.000000 0.000000
439 1 25.375235 6.483635 55.177408 1.000000 1.000000 1.000000 0.983094
439 0.000000 0.000000 0.000000
440 1 25.276821 84.284029 97.930245 2.000000 2.000000 1.000000 1.127810
440 0.000000 0.000000 0.000000
443 1 47.893249 71.030497 128.029076 1.000000 1.000000 1.000000 0.983094
443 0.000000 0.000000 0.000000
444 1 42.845416 77.957726 80.830248 1.000000 1.000000 1.000000 0.983094
444 0.000000 0.000000 0.000000
447 1 17.122154 7.947377 116.395461 3.000000 3.000000 1.000000 1.197480
447 0.000000 0.000000 0.000000
450 1 33.581452 46.087452 176.622993 1.000000 1.000000 1.000000 0.983094
450 0.000000 0.000000 0.000000
451 1 51.718041 17.449126 3.236480 1.000000 1.000000 1.000000 0.983094
451 0.000000 0.000000 0.000000
452 1 70.624942 87.382674 21.302103 2.000000 2.000000 1.000000 1.127810
452 0.000000 0.000000 0.000000
454 1 21.104900 33.697977 147.872644 1.000000 1.000000 1.000000 0.983094
454 0.000000 0.000000 0.000000
457 1 97.467859 28.288358 168.304090 1.000000 1.000000 1.000000 0.983094
457 0.000000 0.000000 0.000000
458 1 4.322291 60.606083 46.862932 1.000000 1.000000 1.000000 0.983094
458 0.000000 0.000000 0.000000
460 1 48.426462 22.974762 55.093107 1.000000 1.000000 1.000000 0.983094
460 0.000000 0.000000 0.000000
461 1 20.637828 82.642924 193.557514 3.000000 3.000000 1.000000 1.197480
461 0.000000 0.000000 0.000000
462 1 13.515945 87.504960 185.267525 1.000000 1.000000 1.000000 0.983094
462 0.000000 0.000000 0.000000
463 1 11.708684 30.531774 178.709150 1.000000 1.000000 1.000000 0.983094
463 0.000000 0.000000 0.000000
465 1 35.823037 87.866200 30.762819 1.000000 1.000000 1.000000 0.983094
465 0.000000 0.000000 0.000000
466 1 37.720671 44.329249 25.006183 1.000000 1.000000 1.000000 0.983094
466 0.000000 0.000000 0.000000
468 1 59.657436 92.422902 106.013545 1.000000 1.000000 1.000000 0.983094
468 0.000000 0.000000 0.000000
469 1 31.323680 86.899957 1.464866 5.000000 5.000000 1.000000 1.263720
469 0.000000 0.000000 0.000000
471 1 82.553268 60.803526 110.913915 1.000000 1.000000 1.000000 0.983094
471 0.000000 0.000000 0.000000
472 1 75.343314 84.180842 127.036492 2.000000 2.000000 1.000000 1.127810
472 0.000000 0.000000 0.000000
473 1 24.500763 89.018014 47.934941 1.000000 1.000000 1.000000 0.983094
473 0.000000 0.000000 0.000000
474 1 92.855337 85.503436 175.124137 1.000000 1.000000 1.000000 0.983094
474 0.000000 0.000000 0.000000
476 1 35.561215 13.818262 109.914300 1.000000 1.000000 1.000000 0.983094
476 0.000000 0.000000 0.000000
477 1 76.268110 94.770988 194.688705 1.000000 1.000000 1.000000 0.983094
477 0.000000 0.000000 0.000000
478 1 4.889118 48.985920 126.748808 1.000000 1.000000 1.000000 0.983094
478 0.000000 0.000000 0.000000
481 1 85.645280 80.802221 190.012250 1.000000 1.000000 1.000000 0.983094
481 0.000000 0.000000 0.000000
484 1 53.391271 15.040872 56.743363 1.000000 1.000000 1.000000 0.983094
484 0.000000 0.000000 0.000000
485 1 1.773926 17.917204 178.982392 1.000000 1.000000 1.000000 0.983094
485 0.000000 0.000000 0.000000
486 1 42.722509 52.836576 79.555782 1.000000 1.000000 1.000000 0.983094
486 0.000000 0.000000 0.000000
487 1 75.854205 41.336999 187.468831 2.000000 2.000000 1.000000 1.127810
487 0.000000 0.000000 0.000000
488 1 13.272181 64.985188 99.030732 2.000000 2.000000 1.000000 1.127810
488 0.000000 0.000000 0.000000
489 1 80.605120 72.656684 47.730026 1.000000 1.000000 1.000000 0.983094
489 0.000000 0.000000 0.000000
492 1 60.522924 35.470741 1.113485 2.000000 2.000000 1.000000 1.127810
492 0.000000 0.000000 0.000000
493 1 72.949323 50.195682 34.259957 5.000000 5.000000 1.000000 1.263720
493 0.000000 0.000000 0.000000
496 1 70.873510 80.957648 6.284304 1.000000 1.000000 1.000000 0.983094
496 0.000000 0.000000 0.000000
497 1 25.301190 65.684199 37.330807 1.000000 1.000000 1.000000 0.983094
497 0.000000 0.000000 0.000000
498 1 37.456211 88.632436 175.428346 3.000000 3.000000 1.000000 1.197480
498 0.000000 0.000000 0.000000
