RESTART FILE
Timestep: 900

NUMBER OF PARTICLES
266

SIMULATION BOX
100 100 200

TIMESTEP
0.1

ATTRACTION RADIUS
25
0.983094 1.12781 1.19748 1.23785 1.26372 1.28133 1.2939 1.30312 1.31014 1.31562 1.32005 1.32351 1.32648 1.32881 1.33082 1.33244 1.33389 1.33515 1.3363 1.33723 1.33803 1.33868 1.33937 1.33991 1.34042 

AGGREGATES/BEADS
0 1 86.940057 47.878458 54.577882 1.000000 1.000000 1.000000 0.983094
0 0.000000 0.000000 0.000000
1 1 92.302659 21.576456 155.519707 2.000000 2.000000 1.000000 1.127810
1 0.000000 0.000000 0.000000
3 1 2.180583 60.925714 96.025034 1.000000 1.000000 1.000000 0.983094
3 0.000000 0.000000 0.000000
4 1 44.552489 91.817836 109.093059 1.000000 1.000000 1.000000 0.983094
4 0.000000 0.000000 0.000000
7 1 84.894718 92.379029 125.998985 1.000000 1.000000 1.000000 0.983094
7 0.000000 0.000000 0.000000
8 1 56.228702 13.081592 97.781249 4.000000 4.000000 1.000000 1.237850
8 0.000000 0.000000 0.000000
9 1 20.216309 24.269967 28.014497 1.000000 1.000000 1.000000 0.983094
9 0.000000 0.000000 0.000000
10 1 81.622275 15.220681 49.045802 1.000000 1.000000 1.000000 0.983094
10 0.000000 0.000000 0.000000
11 1 30.578883 46.447086 16.768588 5.000000 5.000000 1.000000 1.263720
11 0.000000 0.000000 0.000000
13 1 28.576345 76.187468 189.107439 1.000000 1.000000 1.000000 0.983094
13 0.000000 0.000000 0.000000
14 1 28.056810 23.121686 57.267255 2.000000 2.000000 1.000000 1.127810
14 0.000000 0.000000 0.000000
15 1 77.440203 64.141621 190.886407 1.000000 1.000000 1.000000 0.983094
15 0.000000 0.000000 0.000000
16 1 65.898488 67.919520 33.831081 3.000000 3.000000 1.000000 1.197480
16 0.000000 0.000000 0.000000
17 1 12.205135 90.674094 79.058972 1.000000 1.000000 1.000000 0.983094
17 0.000000 0.000000 0.000000
19 1 65.753082 60.018698 148.704491 1.000000 1.000000 1.000000 0.983094
19 0.000000 0.000000 0.000000
20 1 61.077514 18.090582 75.340354 2.000000 2.000000 1.000000 1.127810
20 0.000000 0.000000 0.000000
22 1 53.546682 67.675103 168.835506 1.000000 1.000000 1.000000 0.983094
22 0.000000 0.000000 0.000000
24 1 55.489964 64.244015 70.088746 3.000000 3.000000 1.000000 1.197480
24 0.000000 0.000000 0.000000
25 1 90.808373 55.434249 75.607191 1.000000 1.000000 1.000000 0.983094
25 0.000000 0.000000 0.000000
26 1 18.349181 1.970592 47.817916 1.000000 1.000000 1.000000 0.983094
26 0.000000 0.000000 0.000000
29 1 32.790329 32.653461 15.456208 1.000000 1.000000 1.000000 0.983094
29 0.000000 0.000000 0.000000
32 1 14.964322 65.331457 181.030513 3.000000 3.000000 1.000000 1.197480
32 0.000000 0.000000 0.000000
38 1 63.989958 70.051753 74.858957 3.000000 3.000000 1.000000 1.197480
38 0.000000 0.000000 0.000000
40 1 2.559015 96.449943 77.113195 2.000000 2.000000 1.000000 1.127810
40 0.000000 0.000000 0.000000
42 1 24.340034 69.808084 123.342187 3.000000 3.000000 1.000000 1.197480
42 0.000000 0.000000 0.000000
44 1 68.208572 78.624868 143.735016 1.000000 1.000000 1.000000 0.983094
44 0.000000 0.000000 0.000000
45 1 58.541008 25.588582 63.139211 1.000000 1.000000 1.000000 0.983094
45 0.000000 0.000000 0.000000
46 1 76.021373 94.215701 42.759629 3.000000 3.000000 1.000000 1.197480
46 0.000000 0.000000 0.000000
47 1 15.546920 74.728743 6.600299 4.000000 4.000000 1.000000 1.237850
47 0.000000 0.000000 0.000000
49 1 12.420069 51.978195 33.982586 1.000000 1.000000 1.000000 0.983094
49 0.000000 0.000000 0.000000
50 1 75.766555 78.550258 37.885898 2.000000 2.000000 1.000000 1.127810
50 0.000000 0.000000 0.000000
51 1 28.067500 43.567945 160.349112 3.000000 3.000000 1.000000 1.197480
51 0.000000 0.000000 0.000000
52 1 59.853121 83.758318 158.642558 1.000000 1.000000 1.000000 0.983094
52 0.000000 0.000000 0.000000
54 1 61.030765 77.761929 13.637133 1.000000 1.000000 1.000000 0.983094
54 0.000000 0.000000 0.000000
57 1 43.009408 90.458493 180.659277 1.000000 1.000000 1.000000 0.983094
57 0.000000 0.000000 0.000000
58 1 44.386490 69.994219 53.074125 3.000000 3.000000 1.000000 1.197480
58 0.000000 0.000000 0.000000
59 1 56.001151 94.899898 33.058321 2.000000 2.000000 1.000000 1.127810
59 0.000000 0.000000 0.000000
61 1 39.033364 76.308111 171.631585 2.000000 2.000000 1.000000 1.127810
61 0.000000 0.000000 0.000000
63 1 27.285945 31.636659 15.774947 2.000000 2.000000 1.000000 1.127810
63 0.000000 0.000000 0.000000
65 1 0.223554 78.504446 103.676834 7.000000 7.000000 1.000000 1.293900
65 0.000000 0.000000 0.000000
67 1 57.811905 26.204006 18.796233 2.000000 2.000000 1.000000 1.127810
67 0.000000 0.000000 0.000000
68 1 11.150567 58.619548 138.227047 1.000000 1.000000 1.000000 0.983094
68 0.000000 0.000000 0.000000
71 1 87.123518 44.881778 8.309386 1.000000 1.000000 1.000000 0.983094
71 0.000000 0.000000 0.000000
72 1 1.448069 53.622136 72.956146 2.000000 2.000000 1.000000 1.127810
72 0.000000 0.000000 0.000000
73 1 57.768316 53.089738 52.522193 5.000000 5.000000 1.000000 1.263720
73 0.000000 0.000000 0.000000
74 1 60.886757 88.599272 51.478767 1.000000 1.000000 1.000000 0.983094
74 0.000000 0.000000 0.000000
82 1 54.568970 85.031696 108.869913 1.000000 1.000000 1.000000 0.983094
82 0.000000 0.000000 0.000000
84 1 99.286914 45.685183 170.101375 1.000000 1.000000 1.000000 0.983094
84 0.000000 0.000000 0.000000
85 1 23.606383 20.111455 90.296242 1.000000 1.000000 1.000000 0.983094
85 0.000000 0.000000 0.000000
88 1 21.503483 0.901205 135.465472 2.000000 2.000000 1.000000 1.127810
88 0.000000 0.000000 0.000000
90 1 33.666984 78.559410 28.159215 3.000000 3.000000 1.000000 1.197480
90 0.000000 0.000000 0.000000
92 1 1.273126 79.517574 75.134264 1.000000 1.000000 1.000000 0.983094
92 0.000000 0.000000 0.000000
93 1 25.588896 92.800865 169.787013 2.000000 2.000000 1.000000 1.127810
93 0.000000 0.000000 0.000000
95 1 62.175058 25.731473 60.135718 2.000000 2.000000 1.000000 1.127810
95 0.000000 0.000000 0.000000
101 1 90.307847 17.072795 132.161320 3.000000 3.000000 1.000000 1.197480
101 0.000000 0.000000 0.000000
102 1 42.259248 61.046474 124.330988 3.000000 3.000000 1.000000 1.197480
102 0.000000 0.000000 0.000000
103 1 83.493872 58.436361 155.397338 3.000000 3.000000 1.000000 1.197480
103 0.000000 0.000000 0.000000
104 1 82.971588 15.574190 71.999138 1.000000 1.000000 1.000000 0.983094
104 0.000000 0.000000 0.000000
105 1 34.161744 34.955526 171.742975 2.000000 2.000000 1.000000 1.127810
105 0.000000 0.000000 0.000000
106 1 82.496889 27.698111 145.638906 2.000000 2.000000 1.000000 1.127810
106 0.000000 0.000000 0.000000
108 1 84.412265 14.044991 179.668226 1.000000 1.000000 1.000000 0.983094
108 0.000000 0.000000 0.000000
109 1 0.134682 15.178032 147.227508 2.000000 2.000000 1.000000 1.127810
109 0.000000 0.000000 0.000000
111 1 94.734554 2.951850 106.732515 2.000000 2.000000 1.000000 1.127810
111 0.000000 0.000000 0.000000
115 1 62.421542 20.621945 139.435398 4.000000 4.000000 1.000000 1.237850
115 0.000000 0.000000 0.000000
118 1 61.159559 3.580621 50.970483 5.000000 5.000000 1.000000 1.263720
118 0.000000 0.000000 0.000000
119 1 49.086073 61.663378 185.250384 1.000000 1.000000 1.000000 0.983094
119 0.000000 0.000000 0.000000
120 1 12.932846 54.927018 38.099993 2.000000 2.000000 1.000000 1.127810
120 0.000000 0.000000 0.000000
122 1 50.123700 14.482357 166.432218 3.000000 3.000000 1.000000 1.197480
122 0.000000 0.000000 0.000000
124 1 73.153536 62.171396 197.004673 1.000000 1.000000 1.000000 0.983094
124 0.000000 0.000000 0.000000
125 1 81.184283 20.175601 41.767333 1.000000 1.000000 1.000000 0.983094
125 0.000000 0.000000 0.000000
127 1 40.325513 21.897002 184.750342 3.000000 3.000000 1.000000 1.197480
127 0.000000 0.000000 0.000000
128 1 42.888853 7.539815 132.568494 1.000000 1.000000 1.000000 0.983094
128 0.000000 0.000000 0.000000
129 1 59.288091 74.919912 155.119325 2.000000 2.000000 1.000000 1.127810
129 0.000000 0.000000 0.000000
131 1 53.660286 72.223448 92.464319 3.000000 3.000000 1.000000 1.197480
131 0.000000 0.000000 0.000000
133 1 38.383897 19.067510 94.407532 2.000000 2.000000 1.000000 1.127810
133 0.000000 0.000000 0.000000
135 1 2.603582 97.134270 14.943863 2.000000 2.000000 1.000000 1.127810
135 0.000000 0.000000 0.000000
138 1 75.721648 59.832401 184.000473 1.000000 1.000000 1.000000 0.983094
138 0.000000 0.000000 0.000000
140 1 86.302721 85.148426 178.484332 2.000000 2.000000 1.000000 1.127810
140 0.000000 0.000000 0.000000
142 1 41.391317 25.567346 98.466938 2.000000 2.000000 1.000000 1.127810
142 0.000000 0.000000 0.000000
145 1 66.932245 64.594222 184.468007 1.000000 1.000000 1.000000 0.983094
145 0.000000 0.000000 0.000000
146 1 58.231710 74.396959 48.419152 3.000000 3.000000 1.000000 1.197480
146 0.000000 0.000000 0.000000
149 1 40.091664 13.803381 72.750192 1.000000 1.000000 1.000000 0.983094
149 0.000000 0.000000 0.000000
150 1 49.349800 27.611211 23.550438 4.000000 4.000000 1.000000 1.237850
150 0.000000 0.000000 0.000000
151 1 11.754283 73.874657 163.714986 2.000000 2.000000 1.000000 1.127810
151 0.000000 0.000000 0.000000
152 1 62.071254 48.940846 111.670309 1.000000 1.000000 1.000000 0.983094
152 0.000000 0.000000 0.000000
156 1 80.277697 89.583440 55.296582 2.000000 2.000000 1.000000 1.127810
156 0.000000 0.000000 0.000000
161 1 72.991644 31.904582 98.093069 1.000000 1.000000 1.000000 0.983094
161 0.000000 0.000000 0.000000
164 1 26.575670 21.637741 198.446138 1.000000 1.000000 1.000000 0.983094
164 0.000000 0.000000 0.000000
165 1 6.951624 27.324447 151.473737 2.000000 2.000000 1.000000 1.127810
165 0.000000 0.000000 0.000000
166 1 72.583798 71.522037 123.349496 1.000000 1.000000 1.000000 0.983094
166 0.000000 0.000000 0.000000
169 1 59.563318 37.062117 24.917595 2.000000 2.000000 1.000000 1.127810
169 0.000000 0.000000 0.000000
172 1 33.532427 96.650232 58.269539 2.000000 2.000000 1.000000 1.127810
172 0.000000 0.000000 0.000000
177 1 66.510276 32.363750 142.232994 1.000000 1.000000 1.000000 0.983094
177 0.000000 0.000000 0.000000
180 1 1.211082 93.708615 15.096237 1.000000 1.000000 1.000000 0.983094
180 0.000000 0.000000 0.000000
182 1 51.586062 45.156563 35.450727 1.000000 1.000000 1.000000 0.983094
182 0.000000 0.000000 0.000000
184 1 65.978768 21.012040 97.752629 1.000000 1.000000 1.000000 0.983094
184 0.000000 0.000000 0.000000
185 1 61.929022 84.489279 196.794766 2.000000 2.000000 1.000000 1.127810
185 0.000000 0.000000 0.000000
190 1 16.217727 41.265187 10.066774 1.000000 1.000000 1.000000 0.983094
190 0.000000 0.000000 0.000000
191 1 34.788871 67.113461 77.950180 1.000000 1.000000 1.000000 0.983094
191 0.000000 0.000000 0.000000
192 1 60.695870 83.774509 37.069086 1.000000 1.000000 1.000000 0.983094
192 0.000000 0.000000 0.000000
194 1 91.981493 43.766864 142.362972 1.000000 1.000000 1.000000 0.983094
194 0.000000 0.000000 0.000000
195 1 2.713593 49.152547 176.220029 5.000000 5.000000 1.000000 1.263720
195 0.000000 0.000000 0.000000
202 1 71.278806 95.913453 190.807499 1.000000 1.000000 1.000000 0.983094
202 0.000000 0.000000 0.000000
207 1 31.954177 83.576541 167.534404 1.000000 1.000000 1.000000 0.983094
207 0.000000 0.000000 0.000000
208 1 98.740124 22.050500 136.702504 2.000000 2.000000 1.000000 1.127810
208 0.000000 0.000000 0.000000
209 1 63.783847 42.862873 104.319897 4.000000 4.000000 1.000000 1.237850
209 0.000000 0.000000 0.000000
211 1 44.761900 46.001732 95.316527 5.000000 5.000000 1.000000 1.263720
211 0.000000 0.000000 0.000000
212 1 98.131242 34.580994 122.286693 1.000000 1.000000 1.000000 0.983094
212 0.000000 0.000000 0.000000
214 1 67.663130 46.863903 168.933358 1.000000 1.000000 1.000000 0.983094
214 0.000000 0.000000 0.000000
215 1 24.761587 33.005681 47.633158 1.000000 1.000000 1.000000 0.983094
215 0.000000 0.000000 0.000000
218 1 38.242414 77.092867 128.091946 2.000000 2.000000 1.000000 1.127810
218 0.000000 0.000000 0.000000
220 1 18.220715 86.227572 88.149652 2.000000 2.000000 1.000000 1.127810
220 0.000000 0.000000 0.000000
221 1 22.253807 26.874910 151.381193 1.000000 1.000000 1.000000 0.983094
221 0.000000 0.000000 0.000000
223 1 70.961878 58.942335 158.826135 1.000000 1.000000 1.000000 0.983094
223 0.000000 0.000000 0.000000
224 1 46.229928 14.017825 176.950484 1.000000 1.000000 1.000000 0.983094
224 0.000000 0.000000 0.000000
225 1 13.389585 13.185462 140.518210 3.000000 3.000000 1.000000 1.197480
225 0.000000 0.000000 0.000000
226 1 9.675578 90.722631 50.441176 2.000000 2.000000 1.000000 1.127810
226 0.000000 0.000000 0.000000
227 1 45.161582 22.447903 174.170907 3.000000 3.000000 1.000000 1.197480
227 0.000000 0.000000 0.000000
228 1 48.051158 52.811805 55.911687 1.000000 1.000000 1.000000 0.983094
228 0.000000 0.000000 0.000000
229 1 81.845882 89.667074 20.388432 3.000000 3.000000 1.000000 1.197480
229 0.000000 0.000000 0.000000
232 1 18.441035 73.269098 80.243752 3.000000 3.000000 1.000000 1.197480
232 0.000000 0.000000 0.000000
235 1 84.236963 75.462109 2.781569 4.000000 4.000000 1.000000 1.237850
235 0.000000 0.000000 0.000000
236 1 54.328251 12.395701 42.804565 1.000000 1.000000 1.000000 0.983094
236 0.000000 0.000000 0.000000
237 1 24.518877 7.800608 56.071607 1.000000 1.000000 1.000000 0.983094
237 0.000000 0.000000 0.000000
238 1 26.876512 37.307802 106.098870 2.000000 2.000000 1.000000 1.127810
238 0.000000 0.000000 0.000000
239 1 9.265918 99.616044 187.105017 4.000000 4.000000 1.000000 1.237850
239 0.000000 0.000000 0.000000
240 1 32.518529 38.230086 57.622904 2.000000 2.000000 1.000000 1.127810
240 0.000000 0.000000 0.000000
241 1 94.740629 45.239652 51.925239 1.000000 1.000000 1.000000 0.983094
241 0.000000 0.000000 0.000000
244 1 95.351687 85.693691 78.331554 2.000000 2.000000 1.000000 1.127810
244 0.000000 0.000000 0.000000
246 1 61.556607 18.892238 93.320010 2.000000 2.000000 1.000000 1.127810
246 0.000000 0.000000 0.000000
247 1 22.993436 4.825411 140.219684 1.000000 1.000000 1.000000 0.983094
247 0.000000 0.000000 0.000000
249 1 34.915256 67.209000 7.227991 1.000000 1.000000 1.000000 0.983094
249 0.000000 0.000000 0.000000
250 1 98.603482 9.115218 132.307747 1.000000 1.000000 1.000000 0.983094
250 0.000000 0.000000 0.000000
252 1 93.888565 45.939527 37.753268 1.000000 1.000000 1.000000 0.983094
252 0.000000 0.000000 0.000000
254 1 59.441342 16.490932 192.717243 1.000000 1.000000 1.000000 0.983094
254 0.000000 0.000000 0.000000
255 1 92.790462 37.245271 53.261364 2.000000 2.000000 1.000000 1.127810
255 0.000000 0.000000 0.000000
257 1 3.919267 58.598619 45.512147 1.000000 1.000000 1.000000 0.983094
257 0.000000 0.000000 0.000000
258 1 55.598209 5.867215 152.644758 1.000000 1.000000 1.000000 0.983094
258 0.000000 0.000000 0.000000
261 1 25.314563 25.845622 6.754686 1.000000 1.000000 1.000000 0.983094
261 0.000000 0.000000 0.000000
263 1 64.118535 69.040837 14.131578 2.000000 2.000000 1.000000 1.127810
263 0.000000 0.000000 0.000000
264 1 25.283076 73.518963 9.066077 4.000000 4.000000 1.000000 1.237850
264 0.000000 0.000000 0.000000
265 1 5.659901 70.683445 50.807012 2.000000 2.000000 1.000000 1.127810
265 0.000000 0.000000 0.000000
275 1 98.968832 22.404601 103.032709 3.000000 3.000000 1.000000 1.197480
275 0.000000 0.000000 0.000000
276 1 39.512731 44.351377 65.465846 3.000000 3.000000 1.000000 1.197480
276 0.000000 0.000000 0.000000
277 1 89.705207 38.623664 150.725669 4.000000 4.000000 1.000000 1.237850
277 0.000000 0.000000 0.000000
283 1 61.409121 29.164253 87.876100 1.000000 1.000000 1.000000 0.983094
283 0.000000 0.000000 0.000000
284 1 8.056954 20.377594 7.027017 1.000000 1.000000 1.000000 0.983094
284 0.000000 0.000000 0.000000
285 1 33.459866 34.514444 83.078025 2.000000 2.000000 1.000000 1.127810
285 0.000000 0.000000 0.000000
286 1 58.805650 75.259323 43.080558 3.000000 3.000000 1.000000 1.197480
286 0.000000 0.000000 0.000000
287 1 66.384516 68.124554 23.029665 2.000000 2.000000 1.000000 1.127810
287 0.000000 0.000000 0.000000
290 1 60.733465 96.436955 84.361760 1.000000 1.000000 1.000000 0.983094
290 0.000000 0.000000 0.000000
291 1 45.066355 86.234532 33.701119 1.000000 1.000000 1.000000 0.983094
291 0.000000 0.000000 0.000000
293 1 23.352573 77.487734 117.314921 3.000000 3.000000 1.000000 1.197480
293 0.000000 0.000000 0.000000
295 1 66.679633 21.032129 153.497049 1.000000 1.000000 1.000000 0.983094
295 0.000000 0.000000 0.000000
296 1 82.663953 99.719394 82.514621 1.000000 1.000000 1.000000 0.983094
296 0.000000 0.000000 0.000000
297 1 27.247854 27.701032 12.789475 6.000000 6.000000 1.000000 1.281330
297 0.000000 0.000000 0.000000
298 1 64.887912 9.443812 95.611767 3.000000 3.000000 1.000000 1.197480
298 0.000000 0.000000 0.000000
304 1 32.428164 99.871494 4.525284 2.000000 2.000000 1.000000 1.127810
304 0.000000 0.000000 0.000000
305 1 32.570921 27.671192 117.083830 1.000000 1.000000 1.000000 0.983094
305 0.000000 0.000000 0.000000
309 1 45.898187 3.785845 169.035305 1.000000 1.000000 1.000000 0.983094
309 0.000000 0.000000 0.000000
311 1 68.489851 80.901534 169.884913 1.000000 1.000000 1.000000 0.983094
311 0.000000 0.000000 0.000000
314 1 61.965772 92.245093 47.803105 1.000000 1.000000 1.000000 0.983094
314 0.000000 0.000000 0.000000
315 1 92.617913 34.060046 102.701829 6.000000 6.000000 1.000000 1.281330
315 0.000000 0.000000 0.000000
319 1 25.986352 66.344278 134.461529 2.000000 2.000000 1.000000 1.127810
319 0.000000 0.000000 0.000000
320 1 32.836692 38.311401 115.477499 1.000000 1.000000 1.000000 0.983094
320 0.000000 0.000000 0.000000
321 1 89.541742 1.225116 103.254481 2.000000 2.000000 1.000000 1.127810
321 0.000000 0.000000 0.000000
324 1 55.840127 87.192844 57.641009 2.000000 2.000000 1.000000 1.127810
324 0.000000 0.000000 0.000000
326 1 78.011096 50.236371 21.450335 2.000000 2.000000 1.000000 1.127810
326 0.000000 0.000000 0.000000
328 1 21.234535 31.142646 175.137978 3.000000 3.000000 1.000000 1.197480
328 0.000000 0.000000 0.000000
329 1 1.661289 72.908186 110.116520 2.000000 2.000000 1.000000 1.127810
329 0.000000 0.000000 0.000000
332 1 29.552239 30.235994 193.588374 1.000000 1.000000 1.000000 0.983094
332 0.000000 0.000000 0.000000
333 1 72.165630 37.726540 43.079845 2.000000 2.000000 1.000000 1.127810
333 0.000000 0.000000 0.000000
337 1 36.100476 58.423179 92.236750 1.000000 1.000000 1.000000 0.983094
337 0.000000 0.000000 0.000000
338 1 51.909551 15.238611 135.318912 2.000000 2.000000 1.000000 1.127810
338 0.000000 0.000000 0.000000
339 1 71.152098 36.419017 66.051960 2.000000 2.000000 1.000000 1.127810
339 0.000000 0.000000 0.000000
342 1 77.759280 71.144921 7.598494 3.000000 3.000000 1.000000 1.197480
342 0.000000 0.000000 0.000000
343 1 5.753292 34.277574 109.057942 1.000000 1.000000 1.000000 0.983094
343 0.000000 0.000000 0.000000
344 1 87.467446 78.232261 37.488042 3.000000 3.000000 1.000000 1.197480
344 0.000000 0.000000 0.000000
345 1 36.173132 42.092836 145.160209 3.000000 3.000000 1.000000 1.197480
345 0.000000 0.000000 0.000000
346 1 36.898336 31.482036 25.475208 1.000000 1.000000 1.000000 0.983094
346 0.000000 0.000000 0.000000
349 1 77.843021 18.490820 143.104081 1.000000 1.000000 1.000000 0.983094
349 0.000000 0.000000 0.000000
350 1 99.835402 57.458462 59.738979 1.000000 1.000000 1.000000 0.983094
350 0.000000 0.000000 0.000000
352 1 53.301938 92.098341 91.081116 1.000000 1.000000 1.000000 0.983094
352 0.000000 0.000000 0.000000
355 1 70.202377 46.826477 108.199009 3.000000 3.000000 1.000000 1.197480
355 0.000000 0.000000 0.000000
357 1 23.801313 62.672021 53.410360 1.000000 1.000000 1.000000 0.983094
357 0.000000 0.000000 0.000000
358 1 62.122177 25.650361 120.087411 1.000000 1.000000 1.000000 0.983094
358 0.000000 0.000000 0.000000
360 1 82.561534 65.478342 193.757382 2.000000 2.000000 1.000000 1.127810
360 0.000000 0.000000 0.000000
361 1 9.362522 34.044317 100.017119 1.000000 1.000000 1.000000 0.983094
361 0.000000 0.000000 0.000000
362 1 60.844634 55.592098 127.959956 2.000000 2.000000 1.000000 1.127810
362 0.000000 0.000000 0.000000
363 1 36.817746 89.416651 4.782826 1.000000 1.000000 1.000000 0.983094
363 0.000000 0.000000 0.000000
365 1 41.899812 56.298985 177.862794 2.000000 2.000000 1.000000 1.127810
365 0.000000 0.000000 0.000000
367 1 45.952724 71.587817 48.747429 1.000000 1.000000 1.000000 0.983094
367 0.000000 0.000000 0.000000
368 1 59.980277 71.279126 148.680954 2.000000 2.000000 1.000000 1.127810
368 0.000000 0.000000 0.000000
370 1 41.936919 29.037363 121.128980 1.000000 1.000000 1.000000 0.983094
370 0.000000 0.000000 0.000000
372 1 81.422067 26.632469 185.334612 2.000000 2.000000 1.000000 1.127810
372 0.000000 0.000000 0.000000
373 1 81.465311 75.664854 118.908980 1.000000 1.000000 1.000000 0.983094
373 0.000000 0.000000 0.000000
375 1 49.638622 30.852948 187.359122 3.000000 3.000000 1.000000 1.197480
375 0.000000 0.000000 0.000000
378 1 60.011423 48.555114 72.753010 1.000000 1.000000 1.000000 0.983094
378 0.000000 0.000000 0.000000
379 1 58.306893 3.877346 75.693592 1.000000 1.000000 1.000000 0.983094
379 0.000000 0.000000 0.000000
381 1 17.354512 42.604673 81.633090 1.000000 1.000000 1.000000 0.983094
381 0.000000 0.000000 0.000000
382 1 11.670079 80.492278 160.879559 2.000000 2.000000 1.000000 1.127810
382 0.000000 0.000000 0.000000
383 1 81.205076 93.181911 181.421716 3.000000 3.000000 1.000000 1.197480
383 0.000000 0.000000 0.000000
384 1 39.793094 76.785136 79.546097 1.000000 1.000000 1.000000 0.983094
384 0.000000 0.000000 0.000000
385 1 35.243653 15.631480 120.844341 4.000000 4.000000 1.000000 1.237850
385 0.000000 0.000000 0.000000
386 1 37.286503 98.357748 42.660433 2.000000 2.000000 1.000000 1.127810
386 0.000000 0.000000 0.000000
387 1 86.718540 8.159558 7.783499 3.000000 3.000000 1.000000 1.197480
387 0.000000 0.000000 0.000000
391 1 95.447387 11.311688 42.161727 2.000000 2.000000 1.000000 1.127810
391 0.000000 0.000000 0.000000
393 1 25.420400 55.388084 122.398062 1.000000 1.000000 1.000000 0.983094
393 0.000000 0.000000 0.000000
394 1 67.788966 2.009197 192.590807 5.000000 5.000000 1.000000 1.263720
394 0.000000 0.000000 0.000000
400 1 56.488092 30.512527 33.109824 1.000000 1.000000 1.000000 0.983094
400 0.000000 0.000000 0.000000
401 1 56.049284 27.705312 19.942988 1.000000 1.000000 1.000000 0.983094
401 0.000000 0.000000 0.000000
405 1 0.755758 20.522037 32.878694 1.000000 1.000000 1.000000 0.983094
405 0.000000 0.000000 0.000000
407 1 75.930811 27.743901 0.341173 1.000000 1.000000 1.000000 0.983094
407 0.000000 0.000000 0.000000
408 1 4.353713 6.001656 78.822374 1.000000 1.000000 1.000000 0.983094
408 0.000000 0.000000 0.000000
409 1 33.148908 27.157645 147.575182 1.000000 1.000000 1.000000 0.983094
409 0.000000 0.000000 0.000000
412 1 36.713889 70.738126 159.468760 1.000000 1.000000 1.000000 0.983094
412 0.000000 0.000000 0.000000
413 1 4.781997 14.900144 20.175009 1.000000 1.000000 1.000000 0.983094
413 0.000000 0.000000 0.000000
414 1 9.687286 79.831329 50.908416 2.000000 2.000000 1.000000 1.127810
414 0.000000 0.000000 0.000000
415 1 8.022586 90.359860 68.292093 2.000000 2.000000 1.000000 1.127810
415 0.000000 0.000000 0.000000
417 1 81.234220 8.693510 129.804262 3.000000 3.000000 1.000000 1.197480
417 0.000000 0.000000 0.000000
418 1 25.046337 98.317939 36.201209 3.000000 3.000000 1.000000 1.197480
418 0.000000 0.000000 0.000000
419 1 80.913141 48.823638 74.942406 1.000000 1.000000 1.000000 0.983094
419 0.000000 0.000000 0.000000
420 1 38.826008 34.168412 74.010220 1.000000 1.000000 1.000000 0.983094
420 0.000000 0.000000 0.000000
421 1 50.175711 27.849207 170.813929 1.000000 1.000000 1.000000 0.983094
421 0.000000 0.000000 0.000000
422 1 55.034233 14.494179 191.538927 1.000000 1.000000 1.000000 0.983094
422 0.000000 0.000000 0.000000
427 1 11.969329 35.943617 177.639890 2.000000 2.000000 1.000000 1.127810
427 0.000000 0.000000 0.000000
428 1 87.711751 70.473303 65.823965 2.000000 2.000000 1.000000 1.127810
428 0.000000 0.000000 0.000000
429 1 54.348568 77.178544 156.394818 1.000000 1.000000 1.000000 0.983094
429 0.000000 0.000000 0.000000
430 1 35.150420 73.072844 8.828819 2.000000 2.000000 1.000000 1.127810
430 0.000000 0.000000 0.000000
431 1 26.917293 64.590925 77.361314 2.000000 2.000000 1.000000 1.127810
431 0.000000 0.000000 0.000000
435 1 34.083208 58.261521 193.876342 1.000000 1.000000 1.000000 0.983094
435 0.000000 0.000000 0.000000
437 1 52.675405 19.279945 142.346207 1.000000 1.000000 1.000000 0.983094
437 0.000000 0.000000 0.000000
439 1 30.980685 6.432947 50.118833 1.000000 1.000000 1.000000 0.983094
439 0.000000 0.000000 0.000000
440 1 19.349731 9.422160 82.187624 2.000000 2.000000 1.000000 1.127810
440 0.000000 0.000000 0.000000
443 1 54.624344 88.104061 128.616551 1.000000 1.000000 1.000000 0.983094
443 0.000000 0.000000 0.000000
444 1 48.471318 86.012658 73.287489 1.000000 1.000000 1.000000 0.983094
444 0.000000 0.000000 0.000000
450 1 45.663373 41.321536 189.584636 2.000000 2.000000 1.000000 1.127810
450 0.000000 0.000000 0.000000
451 1 58.217072 4.115112 1.512249 4.000000 4.000000 1.000000 1.237850
451 0.000000 0.000000 0.000000
452 1 64.805593 1.399811 18.334714 2.000000 2.000000 1.000000 1.127810
452 0.000000 0.000000 0.000000
454 1 19.025009 26.505272 154.741177 1.000000 1.000000 1.000000 0.983094
454 0.000000 0.000000 0.000000
457 1 6.381557 29.787610 195.622959 1.000000 1.000000 1.000000 0.983094
457 0.000000 0.000000 0.000000
458 1 6.035604 58.117803 50.307368 1.000000 1.000000 1.000000 0.983094
458 0.000000 0.000000 0.000000
460 1 43.622452 1.357336 43.735909 1.000000 1.000000 1.000000 0.983094
460 0.000000 0.000000 0.000000
461 1 20.283378 86.884878 189.319438 5.000000 5.000000 1.000000 1.263720
461 0.000000 0.000000 0.000000
463 1 11.062607 35.346818 176.653302 1.000000 1.000000 1.000000 0.983094
463 0.000000 0.000000 0.000000
465 1 45.234453 96.596570 34.621406 1.000000 1.000000 1.000000 0.983094
465 0.000000 0.000000 0.000000
466 1 35.489311 45.568839 23.976455 1.000000 1.000000 1.000000 0.983094
466 0.000000 0.000000 0.000000
468 1 47.889932 7.447774 89.779939 1.000000 1.000000 1.000000 0.983094
468 0.000000 0.000000 0.000000
469 1 37.980858 99.306480 1.075178 5.000000 5.000000 1.000000 1.263720
469 0.000000 0.000000 0.000000
471 1 71.293696 58.849729 108.268627 1.000000 1.000000 1.000000 0.983094
471 0.000000 0.000000 0.000000
472 1 82.870178 98.624227 130.313346 2.000000 2.000000 1.000000 1.127810
472 0.000000 0.000000 0.000000
473 1 21.869308 91.426310 38.681656 1.000000 1.000000 1.000000 0.983094
473 0.000000 0.000000 0.000000
476 1 19.930186 2.825261 115.363570 4.000000 4.000000 1.000000 1.237850
476 0.000000 0.000000 0.000000
477 1 69.123081 80.316654 185.610751 1.000000 1.000000 1.000000 0.983094
477 0.000000 0.000000 0.000000
478 1 29.282286 43.589193 128.606177 1.000000 1.000000 1.000000 0.983094
478 0.000000 0.000000 0.000000
481 1 93.427923 90.308101 187.655147 1.000000 1.000000 1.000000 0.983094
481 0.000000 0.000000 0.000000
484 1 50.127726 7.785539 66.476936 1.000000 1.000000 1.000000 0.983094
484 0.000000 0.000000 0.000000
485 1 3.045837 14.433892 183.588605 1.000000 1.000000 1.000000 0.983094
485 0.000000 0.000000 0.000000
487 1 74.285868 36.479254 183.990108 4.000000 4.000000 1.000000 1.237850
487 0.000000 0.000000 0.000000
488 1 20.176568 67.561047 99.984245 2.000000 2.000000 1.000000 1.127810
488 0.000000 0.000000 0.000000
489 1 71.886003 79.687584 48.911831 1.000000 1.000000 1.000000 0.983094
489 0.000000 0.000000 0.000000
492 1 59.627080 39.849898 0.506949 2.000000 2.000000 1.000000 1.127810
492 0.000000 0.000000 0.000000
493 1 67.449813 58.552394 38.612109 5.000000 5.000000 1.000000 1.263720
493 0.000000 0.000000 0.000000
496 1 70.495445 82.015109 27.945980 1.000000 1.000000 1.000000 0.983094
496 0.000000 0.000000 0.000000
497 1 38.381665 62.978044 32.634679 1.000000 1.000000 1.000000 0.983094
497 0.000000 0.000000 0.000000
498 1 40.310829 91.628710 182.607201 3.000000 3.000000 1.000000 1.197480
498 0.000000 0.000000 0.000000
