RESTART FILE
Timestep: 500

NUMBER OF PARTICLES
299

SIMULATION BOX
100 100 200

TIMESTEP
0.1

ATTRACTION RADIUS
25
0.983094 1.12781 1.19748 1.23785 1.26372 1.28133 1.2939 1.30312 1.31014 1.31562 1.32005 1.32351 1.32648 1.32881 1.33082 1.33244 1.33389 1.33515 1.3363 1.33723 1.33803 1.33868 1.33937 1.33991 1.34042 

AGGREGATES/BEADS
0 1 84.902750 50.105604 49.260809 1.000000 1.000000 1.000000 0.983094
0 0.000000 0.000000 0.000000
1 1 91.468828 24.486989 161.007948 2.000000 2.000000 1.000000 1.127810
1 0.000000 0.000000 0.000000
3 1 10.668640 66.223927 96.757307 1.000000 1.000000 1.000000 0.983094
3 0.000000 0.000000 0.000000
4 1 35.579872 97.484511 102.734729 1.000000 1.000000 1.000000 0.983094
4 0.000000 0.000000 0.000000
6 1 67.390608 4.986549 17.882535 1.000000 1.000000 1.000000 0.983094
6 0.000000 0.000000 0.000000
7 1 86.122403 98.367467 131.141100 1.000000 1.000000 1.000000 0.983094
7 0.000000 0.000000 0.000000
8 1 52.285698 10.390506 102.090707 4.000000 4.000000 1.000000 1.237850
8 0.000000 0.000000 0.000000
9 1 26.634752 32.117202 44.688843 1.000000 1.000000 1.000000 0.983094
9 0.000000 0.000000 0.000000
10 1 72.437387 6.046993 47.820100 1.000000 1.000000 1.000000 0.983094
10 0.000000 0.000000 0.000000
11 1 28.852707 44.342909 18.786055 5.000000 5.000000 1.000000 1.263720
11 0.000000 0.000000 0.000000
13 1 30.055598 81.736211 190.634059 1.000000 1.000000 1.000000 0.983094
13 0.000000 0.000000 0.000000
14 1 15.010744 20.720969 48.584498 2.000000 2.000000 1.000000 1.127810
14 0.000000 0.000000 0.000000
15 1 72.033575 70.557352 191.281678 1.000000 1.000000 1.000000 0.983094
15 0.000000 0.000000 0.000000
16 1 75.752609 57.428636 31.595810 1.000000 1.000000 1.000000 0.983094
16 0.000000 0.000000 0.000000
17 1 3.665127 87.904259 66.327870 1.000000 1.000000 1.000000 0.983094
17 0.000000 0.000000 0.000000
19 1 51.868787 54.836826 153.833267 1.000000 1.000000 1.000000 0.983094
19 0.000000 0.000000 0.000000
20 1 61.909752 31.007423 86.902646 2.000000 2.000000 1.000000 1.127810
20 0.000000 0.000000 0.000000
22 1 54.176602 65.806237 173.758266 1.000000 1.000000 1.000000 0.983094
22 0.000000 0.000000 0.000000
24 1 48.167961 66.038719 75.784322 1.000000 1.000000 1.000000 0.983094
24 0.000000 0.000000 0.000000
25 1 73.845892 59.753823 68.381675 1.000000 1.000000 1.000000 0.983094
25 0.000000 0.000000 0.000000
26 1 18.663736 99.655216 51.017465 1.000000 1.000000 1.000000 0.983094
26 0.000000 0.000000 0.000000
29 1 46.217505 34.425593 18.500613 1.000000 1.000000 1.000000 0.983094
29 0.000000 0.000000 0.000000
32 1 6.504722 63.392154 175.671099 3.000000 3.000000 1.000000 1.197480
32 0.000000 0.000000 0.000000
38 1 61.117006 68.491720 74.149253 3.000000 3.000000 1.000000 1.197480
38 0.000000 0.000000 0.000000
40 1 11.438389 9.450202 85.813010 2.000000 2.000000 1.000000 1.127810
40 0.000000 0.000000 0.000000
41 1 94.766217 15.920625 117.574136 1.000000 1.000000 1.000000 0.983094
41 0.000000 0.000000 0.000000
42 1 36.519420 63.048226 130.534824 3.000000 3.000000 1.000000 1.197480
42 0.000000 0.000000 0.000000
43 1 14.790523 82.258173 4.837026 3.000000 3.000000 1.000000 1.197480
43 0.000000 0.000000 0.000000
44 1 65.312558 70.028271 137.998594 1.000000 1.000000 1.000000 0.983094
44 0.000000 0.000000 0.000000
45 1 42.400462 16.087294 64.295749 1.000000 1.000000 1.000000 0.983094
45 0.000000 0.000000 0.000000
46 1 61.951919 94.080862 45.969146 3.000000 3.000000 1.000000 1.197480
46 0.000000 0.000000 0.000000
47 1 8.059693 91.958032 14.158515 2.000000 2.000000 1.000000 1.127810
47 0.000000 0.000000 0.000000
49 1 7.326489 57.404496 29.586834 1.000000 1.000000 1.000000 0.983094
49 0.000000 0.000000 0.000000
50 1 63.535073 69.425881 45.323338 2.000000 2.000000 1.000000 1.127810
50 0.000000 0.000000 0.000000
51 1 17.765982 49.786246 153.527126 3.000000 3.000000 1.000000 1.197480
51 0.000000 0.000000 0.000000
52 1 73.545272 87.777213 148.154855 1.000000 1.000000 1.000000 0.983094
52 0.000000 0.000000 0.000000
53 1 56.929298 98.970903 50.500204 3.000000 3.000000 1.000000 1.197480
53 0.000000 0.000000 0.000000
54 1 58.264807 72.397370 36.072003 1.000000 1.000000 1.000000 0.983094
54 0.000000 0.000000 0.000000
57 1 51.032457 92.389512 163.057014 1.000000 1.000000 1.000000 0.983094
57 0.000000 0.000000 0.000000
58 1 34.813375 66.390925 66.207681 3.000000 3.000000 1.000000 1.197480
58 0.000000 0.000000 0.000000
59 1 52.764267 76.727775 32.383783 1.000000 1.000000 1.000000 0.983094
59 0.000000 0.000000 0.000000
61 1 43.698184 88.951130 182.279813 2.000000 2.000000 1.000000 1.127810
61 0.000000 0.000000 0.000000
63 1 34.020188 28.239861 18.139226 2.000000 2.000000 1.000000 1.127810
63 0.000000 0.000000 0.000000
65 1 1.663047 77.688380 101.183992 1.000000 1.000000 1.000000 0.983094
65 0.000000 0.000000 0.000000
67 1 54.366522 20.719522 14.573955 1.000000 1.000000 1.000000 0.983094
67 0.000000 0.000000 0.000000
68 1 8.650557 46.830542 148.703990 1.000000 1.000000 1.000000 0.983094
68 0.000000 0.000000 0.000000
71 1 89.635205 46.214101 11.396393 1.000000 1.000000 1.000000 0.983094
71 0.000000 0.000000 0.000000
72 1 93.829279 66.045828 63.617229 2.000000 2.000000 1.000000 1.127810
72 0.000000 0.000000 0.000000
73 1 58.950371 54.804041 47.678646 5.000000 5.000000 1.000000 1.263720
73 0.000000 0.000000 0.000000
74 1 65.917817 88.869193 67.072254 1.000000 1.000000 1.000000 0.983094
74 0.000000 0.000000 0.000000
76 1 67.707805 38.063625 36.870902 1.000000 1.000000 1.000000 0.983094
76 0.000000 0.000000 0.000000
82 1 48.901534 4.260175 113.979610 1.000000 1.000000 1.000000 0.983094
82 0.000000 0.000000 0.000000
84 1 98.226340 40.370962 167.264281 1.000000 1.000000 1.000000 0.983094
84 0.000000 0.000000 0.000000
85 1 18.844191 10.884188 88.186061 1.000000 1.000000 1.000000 0.983094
85 0.000000 0.000000 0.000000
86 1 1.787612 95.229968 84.450840 1.000000 1.000000 1.000000 0.983094
86 0.000000 0.000000 0.000000
88 1 21.323192 7.472424 145.010541 2.000000 2.000000 1.000000 1.127810
88 0.000000 0.000000 0.000000
90 1 27.394199 79.721501 36.481578 3.000000 3.000000 1.000000 1.197480
90 0.000000 0.000000 0.000000
92 1 1.521701 80.938916 84.862976 1.000000 1.000000 1.000000 0.983094
92 0.000000 0.000000 0.000000
93 1 41.512153 92.814153 167.948201 2.000000 2.000000 1.000000 1.127810
93 0.000000 0.000000 0.000000
94 1 96.447078 90.492164 106.639485 5.000000 5.000000 1.000000 1.263720
94 0.000000 0.000000 0.000000
95 1 64.783402 21.840496 53.116611 2.000000 2.000000 1.000000 1.127810
95 0.000000 0.000000 0.000000
98 1 68.214211 58.289756 67.402381 2.000000 2.000000 1.000000 1.127810
98 0.000000 0.000000 0.000000
101 1 94.970282 20.054710 129.217255 2.000000 2.000000 1.000000 1.127810
101 0.000000 0.000000 0.000000
102 1 39.581476 53.323015 122.644217 3.000000 3.000000 1.000000 1.197480
102 0.000000 0.000000 0.000000
103 1 79.571142 65.122919 145.500348 3.000000 3.000000 1.000000 1.197480
103 0.000000 0.000000 0.000000
104 1 78.444565 3.831489 80.792577 1.000000 1.000000 1.000000 0.983094
104 0.000000 0.000000 0.000000
105 1 50.973836 33.477350 170.081364 2.000000 2.000000 1.000000 1.127810
105 0.000000 0.000000 0.000000
106 1 76.604022 26.589241 140.331784 2.000000 2.000000 1.000000 1.127810
106 0.000000 0.000000 0.000000
108 1 92.805027 31.862622 169.540426 1.000000 1.000000 1.000000 0.983094
108 0.000000 0.000000 0.000000
109 1 10.297682 3.745188 156.998445 2.000000 2.000000 1.000000 1.127810
109 0.000000 0.000000 0.000000
111 1 0.264946 10.787558 93.957116 2.000000 2.000000 1.000000 1.127810
111 0.000000 0.000000 0.000000
115 1 68.168946 25.755207 118.835475 1.000000 1.000000 1.000000 0.983094
115 0.000000 0.000000 0.000000
117 1 9.766442 67.776579 7.443863 2.000000 2.000000 1.000000 1.127810
117 0.000000 0.000000 0.000000
118 1 53.900309 2.813618 55.087685 1.000000 1.000000 1.000000 0.983094
118 0.000000 0.000000 0.000000
119 1 48.430473 41.074467 182.121680 1.000000 1.000000 1.000000 0.983094
119 0.000000 0.000000 0.000000
120 1 0.119813 65.761501 37.504737 1.000000 1.000000 1.000000 0.983094
120 0.000000 0.000000 0.000000
122 1 48.933834 14.819305 158.640220 1.000000 1.000000 1.000000 0.983094
122 0.000000 0.000000 0.000000
124 1 78.329338 67.079289 193.735854 1.000000 1.000000 1.000000 0.983094
124 0.000000 0.000000 0.000000
125 1 70.632843 33.324834 48.239013 1.000000 1.000000 1.000000 0.983094
125 0.000000 0.000000 0.000000
127 1 38.127489 21.874585 191.169451 1.000000 1.000000 1.000000 0.983094
127 0.000000 0.000000 0.000000
128 1 50.211256 14.422141 125.937315 1.000000 1.000000 1.000000 0.983094
128 0.000000 0.000000 0.000000
129 1 64.209737 69.809004 154.433239 2.000000 2.000000 1.000000 1.127810
129 0.000000 0.000000 0.000000
131 1 47.093125 73.498880 92.070983 3.000000 3.000000 1.000000 1.197480
131 0.000000 0.000000 0.000000
133 1 46.178474 8.694185 84.820124 2.000000 2.000000 1.000000 1.127810
133 0.000000 0.000000 0.000000
135 1 98.249071 92.025113 20.042583 2.000000 2.000000 1.000000 1.127810
135 0.000000 0.000000 0.000000
136 1 40.371337 42.408259 93.163031 4.000000 4.000000 1.000000 1.237850
136 0.000000 0.000000 0.000000
138 1 83.392051 68.793006 189.899163 1.000000 1.000000 1.000000 0.983094
138 0.000000 0.000000 0.000000
140 1 74.999346 82.129534 179.911414 2.000000 2.000000 1.000000 1.127810
140 0.000000 0.000000 0.000000
142 1 32.552742 19.637550 97.673483 1.000000 1.000000 1.000000 0.983094
142 0.000000 0.000000 0.000000
145 1 57.453500 80.659724 180.345272 1.000000 1.000000 1.000000 0.983094
145 0.000000 0.000000 0.000000
146 1 65.085644 72.580382 42.295583 3.000000 3.000000 1.000000 1.197480
146 0.000000 0.000000 0.000000
147 1 84.404568 29.664366 94.786061 5.000000 5.000000 1.000000 1.263720
147 0.000000 0.000000 0.000000
149 1 48.753657 19.086660 69.082627 1.000000 1.000000 1.000000 0.983094
149 0.000000 0.000000 0.000000
150 1 43.884246 24.481864 13.861793 4.000000 4.000000 1.000000 1.237850
150 0.000000 0.000000 0.000000
151 1 12.570131 72.626465 155.073243 2.000000 2.000000 1.000000 1.127810
151 0.000000 0.000000 0.000000
152 1 53.414526 58.134896 115.725676 1.000000 1.000000 1.000000 0.983094
152 0.000000 0.000000 0.000000
156 1 84.870086 95.062262 53.201416 2.000000 2.000000 1.000000 1.127810
156 0.000000 0.000000 0.000000
158 1 9.488163 34.973165 155.900775 1.000000 1.000000 1.000000 0.983094
158 0.000000 0.000000 0.000000
161 1 80.034284 37.363026 98.788437 1.000000 1.000000 1.000000 0.983094
161 0.000000 0.000000 0.000000
163 1 41.586109 0.976099 46.165079 1.000000 1.000000 1.000000 0.983094
163 0.000000 0.000000 0.000000
164 1 23.165069 18.976562 198.175615 1.000000 1.000000 1.000000 0.983094
164 0.000000 0.000000 0.000000
165 1 4.391308 33.478247 155.727486 2.000000 2.000000 1.000000 1.127810
165 0.000000 0.000000 0.000000
166 1 70.647567 60.404568 121.933567 1.000000 1.000000 1.000000 0.983094
166 0.000000 0.000000 0.000000
169 1 47.216390 41.533030 24.371662 2.000000 2.000000 1.000000 1.127810
169 0.000000 0.000000 0.000000
172 1 36.965760 5.724542 48.783517 2.000000 2.000000 1.000000 1.127810
172 0.000000 0.000000 0.000000
177 1 66.464161 41.664885 145.444259 1.000000 1.000000 1.000000 0.983094
177 0.000000 0.000000 0.000000
180 1 9.557433 90.658759 19.933608 1.000000 1.000000 1.000000 0.983094
180 0.000000 0.000000 0.000000
182 1 50.322498 43.919698 24.363064 1.000000 1.000000 1.000000 0.983094
182 0.000000 0.000000 0.000000
184 1 79.487335 24.212977 88.307139 1.000000 1.000000 1.000000 0.983094
184 0.000000 0.000000 0.000000
185 1 59.676674 96.225818 4.275381 2.000000 2.000000 1.000000 1.127810
185 0.000000 0.000000 0.000000
186 1 4.615079 56.938532 47.201726 1.000000 1.000000 1.000000 0.983094
186 0.000000 0.000000 0.000000
190 1 6.780547 50.256108 13.858131 1.000000 1.000000 1.000000 0.983094
190 0.000000 0.000000 0.000000
191 1 35.277168 75.157018 80.819960 1.000000 1.000000 1.000000 0.983094
191 0.000000 0.000000 0.000000
192 1 64.211955 89.718975 33.083397 1.000000 1.000000 1.000000 0.983094
192 0.000000 0.000000 0.000000
194 1 86.394288 31.694034 134.976684 1.000000 1.000000 1.000000 0.983094
194 0.000000 0.000000 0.000000
195 1 96.226104 45.912340 173.199188 5.000000 5.000000 1.000000 1.263720
195 0.000000 0.000000 0.000000
202 1 92.902627 1.183272 9.668384 1.000000 1.000000 1.000000 0.983094
202 0.000000 0.000000 0.000000
204 1 55.983503 12.133760 169.858079 2.000000 2.000000 1.000000 1.127810
204 0.000000 0.000000 0.000000
207 1 32.166245 73.989368 164.025345 1.000000 1.000000 1.000000 0.983094
207 0.000000 0.000000 0.000000
208 1 88.385312 3.541244 122.909937 2.000000 2.000000 1.000000 1.127810
208 0.000000 0.000000 0.000000
209 1 64.414768 44.763251 108.430575 4.000000 4.000000 1.000000 1.237850
209 0.000000 0.000000 0.000000
211 1 41.479018 38.512548 92.736266 1.000000 1.000000 1.000000 0.983094
211 0.000000 0.000000 0.000000
212 1 85.210576 28.432315 127.037901 1.000000 1.000000 1.000000 0.983094
212 0.000000 0.000000 0.000000
214 1 62.250125 28.445131 194.899759 1.000000 1.000000 1.000000 0.983094
214 0.000000 0.000000 0.000000
215 1 22.331140 30.279657 56.562109 1.000000 1.000000 1.000000 0.983094
215 0.000000 0.000000 0.000000
217 1 45.894583 22.530892 174.855656 2.000000 2.000000 1.000000 1.127810
217 0.000000 0.000000 0.000000
218 1 35.516127 72.878807 140.957298 2.000000 2.000000 1.000000 1.127810
218 0.000000 0.000000 0.000000
220 1 9.300225 81.352738 83.397286 2.000000 2.000000 1.000000 1.127810
220 0.000000 0.000000 0.000000
221 1 29.829337 30.959081 163.906182 1.000000 1.000000 1.000000 0.983094
221 0.000000 0.000000 0.000000
223 1 77.355219 56.544194 163.585618 1.000000 1.000000 1.000000 0.983094
223 0.000000 0.000000 0.000000
224 1 48.705318 20.592429 183.165948 1.000000 1.000000 1.000000 0.983094
224 0.000000 0.000000 0.000000
225 1 15.387820 14.725480 138.595085 3.000000 3.000000 1.000000 1.197480
225 0.000000 0.000000 0.000000
226 1 4.366120 3.728525 37.358051 2.000000 2.000000 1.000000 1.127810
226 0.000000 0.000000 0.000000
227 1 47.630281 13.505395 177.702150 3.000000 3.000000 1.000000 1.197480
227 0.000000 0.000000 0.000000
228 1 46.539132 46.286862 66.060408 1.000000 1.000000 1.000000 0.983094
228 0.000000 0.000000 0.000000
229 1 68.586225 76.296626 14.917779 3.000000 3.000000 1.000000 1.197480
229 0.000000 0.000000 0.000000
232 1 7.325454 72.784032 76.974155 3.000000 3.000000 1.000000 1.197480
232 0.000000 0.000000 0.000000
235 1 77.470648 86.466755 1.777895 1.000000 1.000000 1.000000 0.983094
235 0.000000 0.000000 0.000000
236 1 58.011293 5.238881 26.944724 1.000000 1.000000 1.000000 0.983094
236 0.000000 0.000000 0.000000
237 1 34.874440 8.643806 49.910217 1.000000 1.000000 1.000000 0.983094
237 0.000000 0.000000 0.000000
238 1 43.528456 37.885519 104.417863 2.000000 2.000000 1.000000 1.127810
238 0.000000 0.000000 0.000000
239 1 5.540395 94.396225 182.820800 4.000000 4.000000 1.000000 1.237850
239 0.000000 0.000000 0.000000
240 1 45.209382 26.877139 68.462004 2.000000 2.000000 1.000000 1.127810
240 0.000000 0.000000 0.000000
241 1 98.633292 44.393875 55.972129 1.000000 1.000000 1.000000 0.983094
241 0.000000 0.000000 0.000000
244 1 86.728124 82.327866 81.710796 2.000000 2.000000 1.000000 1.127810
244 0.000000 0.000000 0.000000
246 1 69.693514 23.970751 105.088974 2.000000 2.000000 1.000000 1.127810
246 0.000000 0.000000 0.000000
247 1 40.049979 11.040802 140.195948 1.000000 1.000000 1.000000 0.983094
247 0.000000 0.000000 0.000000
249 1 42.547837 66.659658 0.949186 1.000000 1.000000 1.000000 0.983094
249 0.000000 0.000000 0.000000
250 1 1.747531 16.561656 130.115110 1.000000 1.000000 1.000000 0.983094
250 0.000000 0.000000 0.000000
252 1 79.021137 40.176675 37.143727 1.000000 1.000000 1.000000 0.983094
252 0.000000 0.000000 0.000000
254 1 51.362396 17.888687 194.112727 1.000000 1.000000 1.000000 0.983094
254 0.000000 0.000000 0.000000
255 1 93.014816 33.916640 43.868119 2.000000 2.000000 1.000000 1.127810
255 0.000000 0.000000 0.000000
257 1 3.794484 60.230457 39.347520 1.000000 1.000000 1.000000 0.983094
257 0.000000 0.000000 0.000000
258 1 51.601534 5.220084 152.551164 1.000000 1.000000 1.000000 0.983094
258 0.000000 0.000000 0.000000
261 1 22.270806 15.284755 9.561548 1.000000 1.000000 1.000000 0.983094
261 0.000000 0.000000 0.000000
263 1 52.398666 71.942625 198.238017 2.000000 2.000000 1.000000 1.127810
263 0.000000 0.000000 0.000000
264 1 17.304858 75.704033 12.494126 1.000000 1.000000 1.000000 0.983094
264 0.000000 0.000000 0.000000
265 1 6.221495 77.431614 35.289876 1.000000 1.000000 1.000000 0.983094
265 0.000000 0.000000 0.000000
268 1 90.168816 38.784152 181.786415 1.000000 1.000000 1.000000 0.983094
268 0.000000 0.000000 0.000000
275 1 92.366359 9.325782 96.165171 3.000000 3.000000 1.000000 1.197480
275 0.000000 0.000000 0.000000
276 1 44.198027 54.247618 84.086196 2.000000 2.000000 1.000000 1.127810
276 0.000000 0.000000 0.000000
277 1 94.976561 28.915870 150.807799 4.000000 4.000000 1.000000 1.237850
277 0.000000 0.000000 0.000000
282 1 15.312505 71.872823 46.602576 1.000000 1.000000 1.000000 0.983094
282 0.000000 0.000000 0.000000
283 1 59.208799 39.400984 78.001961 1.000000 1.000000 1.000000 0.983094
283 0.000000 0.000000 0.000000
284 1 8.962112 26.174089 14.658343 1.000000 1.000000 1.000000 0.983094
284 0.000000 0.000000 0.000000
285 1 32.729602 28.306509 84.460436 2.000000 2.000000 1.000000 1.127810
285 0.000000 0.000000 0.000000
286 1 57.208632 77.541766 50.182680 3.000000 3.000000 1.000000 1.197480
286 0.000000 0.000000 0.000000
287 1 58.494885 60.757454 18.029899 2.000000 2.000000 1.000000 1.127810
287 0.000000 0.000000 0.000000
290 1 53.496934 13.288028 82.890848 1.000000 1.000000 1.000000 0.983094
290 0.000000 0.000000 0.000000
291 1 47.192363 83.209182 36.236266 1.000000 1.000000 1.000000 0.983094
291 0.000000 0.000000 0.000000
292 1 87.350155 85.258810 106.053841 1.000000 1.000000 1.000000 0.983094
292 0.000000 0.000000 0.000000
293 1 28.726481 72.824632 123.151331 3.000000 3.000000 1.000000 1.197480
293 0.000000 0.000000 0.000000
295 1 89.676704 32.561060 160.634512 1.000000 1.000000 1.000000 0.983094
295 0.000000 0.000000 0.000000
296 1 77.842307 83.852828 86.148545 1.000000 1.000000 1.000000 0.983094
296 0.000000 0.000000 0.000000
297 1 34.044726 19.450603 9.995440 6.000000 6.000000 1.000000 1.281330
297 0.000000 0.000000 0.000000
298 1 59.153978 8.598208 100.501905 3.000000 3.000000 1.000000 1.197480
298 0.000000 0.000000 0.000000
300 1 72.351079 63.061007 36.179774 2.000000 2.000000 1.000000 1.127810
300 0.000000 0.000000 0.000000
304 1 31.917995 91.308282 14.845992 2.000000 2.000000 1.000000 1.127810
304 0.000000 0.000000 0.000000
305 1 39.565608 27.010869 124.219515 1.000000 1.000000 1.000000 0.983094
305 0.000000 0.000000 0.000000
309 1 25.027307 97.893220 165.883985 1.000000 1.000000 1.000000 0.983094
309 0.000000 0.000000 0.000000
311 1 62.522084 86.570705 155.733458 1.000000 1.000000 1.000000 0.983094
311 0.000000 0.000000 0.000000
314 1 73.098300 84.474036 45.855217 1.000000 1.000000 1.000000 0.983094
314 0.000000 0.000000 0.000000
315 1 85.161488 31.174989 86.555438 1.000000 1.000000 1.000000 0.983094
315 0.000000 0.000000 0.000000
319 1 25.679364 62.255292 125.258951 2.000000 2.000000 1.000000 1.127810
319 0.000000 0.000000 0.000000
320 1 42.811280 38.144572 122.799694 1.000000 1.000000 1.000000 0.983094
320 0.000000 0.000000 0.000000
321 1 80.833453 99.091559 99.259231 1.000000 1.000000 1.000000 0.983094
321 0.000000 0.000000 0.000000
323 1 63.404686 42.923356 137.409312 1.000000 1.000000 1.000000 0.983094
323 0.000000 0.000000 0.000000
324 1 38.837746 80.589313 51.835300 2.000000 2.000000 1.000000 1.127810
324 0.000000 0.000000 0.000000
326 1 73.914341 63.156999 13.761741 2.000000 2.000000 1.000000 1.127810
326 0.000000 0.000000 0.000000
327 1 97.411691 99.314959 177.770990 1.000000 1.000000 1.000000 0.983094
327 0.000000 0.000000 0.000000
328 1 31.214804 29.599458 174.738904 3.000000 3.000000 1.000000 1.197480
328 0.000000 0.000000 0.000000
329 1 6.191735 77.552668 107.418320 2.000000 2.000000 1.000000 1.127810
329 0.000000 0.000000 0.000000
332 1 31.111617 43.515026 192.033989 1.000000 1.000000 1.000000 0.983094
332 0.000000 0.000000 0.000000
333 1 70.834632 37.108101 36.333877 1.000000 1.000000 1.000000 0.983094
333 0.000000 0.000000 0.000000
337 1 45.593303 54.838455 108.599264 1.000000 1.000000 1.000000 0.983094
337 0.000000 0.000000 0.000000
338 1 50.975371 18.188360 138.735827 2.000000 2.000000 1.000000 1.127810
338 0.000000 0.000000 0.000000
339 1 91.778299 43.886872 73.684094 2.000000 2.000000 1.000000 1.127810
339 0.000000 0.000000 0.000000
342 1 84.588527 54.211742 4.805114 3.000000 3.000000 1.000000 1.197480
342 0.000000 0.000000 0.000000
343 1 97.957143 39.698101 105.082472 1.000000 1.000000 1.000000 0.983094
343 0.000000 0.000000 0.000000
344 1 89.616063 79.717851 36.112111 3.000000 3.000000 1.000000 1.197480
344 0.000000 0.000000 0.000000
345 1 35.177736 30.696971 142.146019 2.000000 2.000000 1.000000 1.127810
345 0.000000 0.000000 0.000000
346 1 31.091153 37.467357 30.436496 1.000000 1.000000 1.000000 0.983094
346 0.000000 0.000000 0.000000
349 1 64.062216 9.464891 136.983661 1.000000 1.000000 1.000000 0.983094
349 0.000000 0.000000 0.000000
350 1 95.726745 48.968285 69.710152 1.000000 1.000000 1.000000 0.983094
350 0.000000 0.000000 0.000000
352 1 45.903559 4.626746 111.300926 1.000000 1.000000 1.000000 0.983094
352 0.000000 0.000000 0.000000
353 1 42.348746 45.078108 143.633889 1.000000 1.000000 1.000000 0.983094
353 0.000000 0.000000 0.000000
355 1 76.310082 51.830228 121.062166 3.000000 3.000000 1.000000 1.197480
355 0.000000 0.000000 0.000000
357 1 23.360639 59.995046 49.998005 1.000000 1.000000 1.000000 0.983094
357 0.000000 0.000000 0.000000
358 1 55.429998 35.121134 116.919579 1.000000 1.000000 1.000000 0.983094
358 0.000000 0.000000 0.000000
360 1 87.113023 66.490683 187.590173 2.000000 2.000000 1.000000 1.127810
360 0.000000 0.000000 0.000000
361 1 4.741829 34.023864 110.715375 1.000000 1.000000 1.000000 0.983094
361 0.000000 0.000000 0.000000
362 1 60.078502 56.153599 136.903867 1.000000 1.000000 1.000000 0.983094
362 0.000000 0.000000 0.000000
363 1 37.847669 86.646301 11.630403 1.000000 1.000000 1.000000 0.983094
363 0.000000 0.000000 0.000000
365 1 37.650025 58.651572 170.292252 2.000000 2.000000 1.000000 1.127810
365 0.000000 0.000000 0.000000
367 1 42.640136 60.928375 50.709687 1.000000 1.000000 1.000000 0.983094
367 0.000000 0.000000 0.000000
368 1 67.341311 59.781226 143.399120 2.000000 2.000000 1.000000 1.127810
368 0.000000 0.000000 0.000000
370 1 29.200080 26.961584 129.773726 1.000000 1.000000 1.000000 0.983094
370 0.000000 0.000000 0.000000
372 1 85.037653 38.113404 171.358495 1.000000 1.000000 1.000000 0.983094
372 0.000000 0.000000 0.000000
373 1 89.945435 95.344601 118.623460 1.000000 1.000000 1.000000 0.983094
373 0.000000 0.000000 0.000000
374 1 19.328000 88.730172 180.787760 1.000000 1.000000 1.000000 0.983094
374 0.000000 0.000000 0.000000
375 1 59.559075 42.954699 176.129054 3.000000 3.000000 1.000000 1.197480
375 0.000000 0.000000 0.000000
377 1 95.827584 98.594186 102.723996 1.000000 1.000000 1.000000 0.983094
377 0.000000 0.000000 0.000000
378 1 63.913333 61.117471 85.396253 1.000000 1.000000 1.000000 0.983094
378 0.000000 0.000000 0.000000
379 1 61.990929 8.192624 85.451195 1.000000 1.000000 1.000000 0.983094
379 0.000000 0.000000 0.000000
381 1 13.431066 26.538297 80.360730 1.000000 1.000000 1.000000 0.983094
381 0.000000 0.000000 0.000000
382 1 10.634645 86.049281 150.499666 2.000000 2.000000 1.000000 1.127810
382 0.000000 0.000000 0.000000
383 1 91.119386 97.008358 174.910038 1.000000 1.000000 1.000000 0.983094
383 0.000000 0.000000 0.000000
384 1 43.369495 82.153229 92.349235 1.000000 1.000000 1.000000 0.983094
384 0.000000 0.000000 0.000000
385 1 26.792716 15.655977 129.420103 4.000000 4.000000 1.000000 1.237850
385 0.000000 0.000000 0.000000
386 1 38.024501 90.377043 39.152815 2.000000 2.000000 1.000000 1.127810
386 0.000000 0.000000 0.000000
387 1 90.428361 10.312389 3.862865 3.000000 3.000000 1.000000 1.197480
387 0.000000 0.000000 0.000000
388 1 79.534421 85.702756 197.134458 3.000000 3.000000 1.000000 1.197480
388 0.000000 0.000000 0.000000
391 1 90.414886 95.558571 45.246004 2.000000 2.000000 1.000000 1.127810
391 0.000000 0.000000 0.000000
393 1 12.828306 72.819508 140.732123 1.000000 1.000000 1.000000 0.983094
393 0.000000 0.000000 0.000000
394 1 70.458515 94.752249 3.125353 5.000000 5.000000 1.000000 1.263720
394 0.000000 0.000000 0.000000
397 1 32.956789 23.490895 97.734373 1.000000 1.000000 1.000000 0.983094
397 0.000000 0.000000 0.000000
400 1 75.630934 42.183909 24.667454 1.000000 1.000000 1.000000 0.983094
400 0.000000 0.000000 0.000000
401 1 61.320490 29.108251 22.779413 1.000000 1.000000 1.000000 0.983094
401 0.000000 0.000000 0.000000
405 1 90.996093 30.396185 24.002436 1.000000 1.000000 1.000000 0.983094
405 0.000000 0.000000 0.000000
406 1 71.114195 18.165704 136.962209 3.000000 3.000000 1.000000 1.197480
406 0.000000 0.000000 0.000000
407 1 87.071219 7.330535 187.321476 1.000000 1.000000 1.000000 0.983094
407 0.000000 0.000000 0.000000
408 1 2.406256 17.440041 95.539894 1.000000 1.000000 1.000000 0.983094
408 0.000000 0.000000 0.000000
409 1 18.572688 38.219984 136.427956 1.000000 1.000000 1.000000 0.983094
409 0.000000 0.000000 0.000000
412 1 44.050759 74.158227 159.931805 1.000000 1.000000 1.000000 0.983094
412 0.000000 0.000000 0.000000
413 1 98.739488 14.229328 27.776408 1.000000 1.000000 1.000000 0.983094
413 0.000000 0.000000 0.000000
414 1 11.381580 78.771409 50.993169 2.000000 2.000000 1.000000 1.127810
414 0.000000 0.000000 0.000000
415 1 2.323159 92.859479 82.132260 1.000000 1.000000 1.000000 0.983094
415 0.000000 0.000000 0.000000
417 1 80.728510 4.534477 135.556360 3.000000 3.000000 1.000000 1.197480
417 0.000000 0.000000 0.000000
418 1 33.685229 1.349225 36.131353 3.000000 3.000000 1.000000 1.197480
418 0.000000 0.000000 0.000000
419 1 79.102993 62.446679 86.358961 1.000000 1.000000 1.000000 0.983094
419 0.000000 0.000000 0.000000
420 1 45.511939 43.942835 73.818248 1.000000 1.000000 1.000000 0.983094
420 0.000000 0.000000 0.000000
421 1 47.634527 21.724843 176.392421 1.000000 1.000000 1.000000 0.983094
421 0.000000 0.000000 0.000000
422 1 41.800534 9.292007 180.760579 1.000000 1.000000 1.000000 0.983094
422 0.000000 0.000000 0.000000
427 1 19.700808 29.943098 165.581287 1.000000 1.000000 1.000000 0.983094
427 0.000000 0.000000 0.000000
428 1 93.059028 57.008637 81.034507 2.000000 2.000000 1.000000 1.127810
428 0.000000 0.000000 0.000000
429 1 52.059706 73.614204 168.301432 1.000000 1.000000 1.000000 0.983094
429 0.000000 0.000000 0.000000
430 1 37.845929 69.633729 9.594408 2.000000 2.000000 1.000000 1.127810
430 0.000000 0.000000 0.000000
431 1 24.301231 54.603104 79.270126 2.000000 2.000000 1.000000 1.127810
431 0.000000 0.000000 0.000000
432 1 50.639136 86.323683 31.960038 1.000000 1.000000 1.000000 0.983094
432 0.000000 0.000000 0.000000
435 1 46.606068 67.643376 192.050349 1.000000 1.000000 1.000000 0.983094
435 0.000000 0.000000 0.000000
437 1 52.666704 31.294045 154.022342 1.000000 1.000000 1.000000 0.983094
437 0.000000 0.000000 0.000000
439 1 25.080204 5.263606 56.289380 1.000000 1.000000 1.000000 0.983094
439 0.000000 0.000000 0.000000
440 1 28.118233 88.761406 96.244793 2.000000 2.000000 1.000000 1.127810
440 0.000000 0.000000 0.000000
443 1 50.618679 66.769111 133.930892 1.000000 1.000000 1.000000 0.983094
443 0.000000 0.000000 0.000000
444 1 45.388491 84.581764 75.641892 1.000000 1.000000 1.000000 0.983094
444 0.000000 0.000000 0.000000
447 1 12.661490 6.910901 113.321488 3.000000 3.000000 1.000000 1.197480
447 0.000000 0.000000 0.000000
450 1 34.215000 44.301792 182.308288 2.000000 2.000000 1.000000 1.127810
450 0.000000 0.000000 0.000000
451 1 55.406148 13.518927 5.566309 4.000000 4.000000 1.000000 1.237850
451 0.000000 0.000000 0.000000
452 1 65.018662 95.856546 23.174129 2.000000 2.000000 1.000000 1.127810
452 0.000000 0.000000 0.000000
454 1 16.632433 35.695255 155.252459 1.000000 1.000000 1.000000 0.983094
454 0.000000 0.000000 0.000000
457 1 97.510004 24.703007 169.909490 1.000000 1.000000 1.000000 0.983094
457 0.000000 0.000000 0.000000
458 1 0.808958 61.043551 45.781443 1.000000 1.000000 1.000000 0.983094
458 0.000000 0.000000 0.000000
460 1 44.292692 26.073325 46.956821 1.000000 1.000000 1.000000 0.983094
460 0.000000 0.000000 0.000000
461 1 18.129546 81.002688 190.784457 3.000000 3.000000 1.000000 1.197480
461 0.000000 0.000000 0.000000
462 1 17.593267 93.423422 190.270664 1.000000 1.000000 1.000000 0.983094
462 0.000000 0.000000 0.000000
463 1 7.730495 33.757862 177.819795 1.000000 1.000000 1.000000 0.983094
463 0.000000 0.000000 0.000000
465 1 35.771399 85.854383 28.557475 1.000000 1.000000 1.000000 0.983094
465 0.000000 0.000000 0.000000
466 1 36.470238 49.390696 24.874383 1.000000 1.000000 1.000000 0.983094
466 0.000000 0.000000 0.000000
468 1 48.989476 97.535443 103.328704 1.000000 1.000000 1.000000 0.983094
468 0.000000 0.000000 0.000000
469 1 32.580455 95.108656 199.233175 5.000000 5.000000 1.000000 1.263720
469 0.000000 0.000000 0.000000
471 1 79.595862 60.018700 104.416516 1.000000 1.000000 1.000000 0.983094
471 0.000000 0.000000 0.000000
472 1 80.002888 91.735895 125.685014 2.000000 2.000000 1.000000 1.127810
472 0.000000 0.000000 0.000000
473 1 19.688046 90.331477 43.171482 1.000000 1.000000 1.000000 0.983094
473 0.000000 0.000000 0.000000
474 1 88.859173 92.106581 176.593121 1.000000 1.000000 1.000000 0.983094
474 0.000000 0.000000 0.000000
476 1 40.907576 9.215403 106.452767 1.000000 1.000000 1.000000 0.983094
476 0.000000 0.000000 0.000000
477 1 80.231867 88.171131 188.505217 1.000000 1.000000 1.000000 0.983094
477 0.000000 0.000000 0.000000
478 1 6.940696 49.401389 131.545337 1.000000 1.000000 1.000000 0.983094
478 0.000000 0.000000 0.000000
481 1 89.416371 81.882481 188.188098 1.000000 1.000000 1.000000 0.983094
481 0.000000 0.000000 0.000000
484 1 54.711075 9.051702 54.374347 1.000000 1.000000 1.000000 0.983094
484 0.000000 0.000000 0.000000
485 1 2.283654 19.334613 191.711006 1.000000 1.000000 1.000000 0.983094
485 0.000000 0.000000 0.000000
486 1 34.796240 57.481025 77.485556 1.000000 1.000000 1.000000 0.983094
486 0.000000 0.000000 0.000000
487 1 77.869915 41.623638 181.993589 4.000000 4.000000 1.000000 1.237850
487 0.000000 0.000000 0.000000
488 1 6.913130 60.183257 98.863582 2.000000 2.000000 1.000000 1.127810
488 0.000000 0.000000 0.000000
489 1 77.821899 75.564036 48.157703 1.000000 1.000000 1.000000 0.983094
489 0.000000 0.000000 0.000000
492 1 61.126752 39.765827 3.684552 2.000000 2.000000 1.000000 1.127810
492 0.000000 0.000000 0.000000
493 1 69.528759 56.061471 38.912629 5.000000 5.000000 1.000000 1.263720
493 0.000000 0.000000 0.000000
496 1 74.746784 76.640448 13.472747 1.000000 1.000000 1.000000 0.983094
496 0.000000 0.000000 0.000000
497 1 22.826616 57.539662 35.454922 1.000000 1.000000 1.000000 0.983094
497 0.000000 0.000000 0.000000
498 1 40.259175 89.512269 171.554185 3.000000 3.000000 1.000000 1.197480
498 0.000000 0.000000 0.000000
