RESTART FILE
Timestep: 600

NUMBER OF PARTICLES
286

SIMULATION BOX
100 100 200

TIMESTEP
0.1

ATTRACTION RADIUS
25
0.983094 1.12781 1.19748 1.23785 1.26372 1.28133 1.2939 1.30312 1.31014 1.31562 1.32005 1.32351 1.32648 1.32881 1.33082 1.33244 1.33389 1.33515 1.3363 1.33723 1.33803 1.33868 1.33937 1.33991 1.34042 

AGGREGATES/BEADS
0 1 88.764845 50.135413 47.649605 1.000000 1.000000 1.000000 0.983094
0 0.000000 0.000000 0.000000
1 1 88.303240 19.678928 158.391427 2.000000 2.000000 1.000000 1.127810
1 0.000000 0.000000 0.000000
3 1 4.664424 69.296124 90.119833 1.000000 1.000000 1.000000 0.983094
3 0.000000 0.000000 0.000000
4 1 36.558014 90.576199 104.612027 1.000000 1.000000 1.000000 0.983094
4 0.000000 0.000000 0.000000
6 1 62.511283 7.316522 10.098233 1.000000 1.000000 1.000000 0.983094
6 0.000000 0.000000 0.000000
7 1 84.254801 6.246338 126.286131 1.000000 1.000000 1.000000 0.983094
7 0.000000 0.000000 0.000000
8 1 51.761770 6.532739 99.733677 4.000000 4.000000 1.000000 1.237850
8 0.000000 0.000000 0.000000
9 1 20.305138 30.579873 39.854354 1.000000 1.000000 1.000000 0.983094
9 0.000000 0.000000 0.000000
10 1 77.550598 5.516125 45.913321 1.000000 1.000000 1.000000 0.983094
10 0.000000 0.000000 0.000000
11 1 25.616036 49.632538 18.000961 5.000000 5.000000 1.000000 1.263720
11 0.000000 0.000000 0.000000
13 1 31.114531 78.232497 190.005971 1.000000 1.000000 1.000000 0.983094
13 0.000000 0.000000 0.000000
14 1 24.364605 22.814311 49.859148 2.000000 2.000000 1.000000 1.127810
14 0.000000 0.000000 0.000000
15 1 74.198911 74.807124 197.096906 1.000000 1.000000 1.000000 0.983094
15 0.000000 0.000000 0.000000
16 1 72.847562 58.388015 34.581363 3.000000 3.000000 1.000000 1.197480
16 0.000000 0.000000 0.000000
17 1 3.202512 92.193403 66.005448 1.000000 1.000000 1.000000 0.983094
17 0.000000 0.000000 0.000000
19 1 51.855659 58.234227 153.883045 1.000000 1.000000 1.000000 0.983094
19 0.000000 0.000000 0.000000
20 1 61.076785 25.339374 87.614204 2.000000 2.000000 1.000000 1.127810
20 0.000000 0.000000 0.000000
22 1 52.954329 64.641808 175.383302 1.000000 1.000000 1.000000 0.983094
22 0.000000 0.000000 0.000000
24 1 49.198101 60.952674 76.964969 1.000000 1.000000 1.000000 0.983094
24 0.000000 0.000000 0.000000
25 1 74.791177 54.318308 61.903162 1.000000 1.000000 1.000000 0.983094
25 0.000000 0.000000 0.000000
26 1 21.234497 4.399197 45.866256 1.000000 1.000000 1.000000 0.983094
26 0.000000 0.000000 0.000000
29 1 45.169452 33.933575 15.285687 1.000000 1.000000 1.000000 0.983094
29 0.000000 0.000000 0.000000
32 1 12.614025 63.667049 178.827928 3.000000 3.000000 1.000000 1.197480
32 0.000000 0.000000 0.000000
38 1 60.787962 67.355021 74.821934 3.000000 3.000000 1.000000 1.197480
38 0.000000 0.000000 0.000000
40 1 10.012247 5.591109 84.115296 2.000000 2.000000 1.000000 1.127810
40 0.000000 0.000000 0.000000
42 1 32.950100 66.313683 123.572818 3.000000 3.000000 1.000000 1.197480
42 0.000000 0.000000 0.000000
43 1 24.880641 78.679596 3.993598 3.000000 3.000000 1.000000 1.197480
43 0.000000 0.000000 0.000000
44 1 68.793612 71.979149 141.615898 1.000000 1.000000 1.000000 0.983094
44 0.000000 0.000000 0.000000
45 1 45.810763 17.707562 62.499696 1.000000 1.000000 1.000000 0.983094
45 0.000000 0.000000 0.000000
46 1 66.975852 97.392974 39.903706 3.000000 3.000000 1.000000 1.197480
46 0.000000 0.000000 0.000000
47 1 11.492955 83.853994 15.116208 2.000000 2.000000 1.000000 1.127810
47 0.000000 0.000000 0.000000
49 1 1.969625 56.872527 36.417701 1.000000 1.000000 1.000000 0.983094
49 0.000000 0.000000 0.000000
50 1 67.397427 66.680255 43.989113 2.000000 2.000000 1.000000 1.127810
50 0.000000 0.000000 0.000000
51 1 17.234021 42.936583 154.288803 3.000000 3.000000 1.000000 1.197480
51 0.000000 0.000000 0.000000
52 1 72.860424 88.011777 148.508226 1.000000 1.000000 1.000000 0.983094
52 0.000000 0.000000 0.000000
54 1 63.624992 76.981925 26.175132 1.000000 1.000000 1.000000 0.983094
54 0.000000 0.000000 0.000000
57 1 47.712552 94.140819 169.738945 1.000000 1.000000 1.000000 0.983094
57 0.000000 0.000000 0.000000
58 1 38.334936 66.859216 68.224026 3.000000 3.000000 1.000000 1.197480
58 0.000000 0.000000 0.000000
59 1 53.893523 82.980564 30.483744 2.000000 2.000000 1.000000 1.127810
59 0.000000 0.000000 0.000000
61 1 44.825717 89.331584 179.166080 2.000000 2.000000 1.000000 1.127810
61 0.000000 0.000000 0.000000
63 1 30.357301 22.474406 23.704517 2.000000 2.000000 1.000000 1.127810
63 0.000000 0.000000 0.000000
65 1 1.406472 74.706401 101.120203 1.000000 1.000000 1.000000 0.983094
65 0.000000 0.000000 0.000000
67 1 55.576992 21.262212 16.590559 1.000000 1.000000 1.000000 0.983094
67 0.000000 0.000000 0.000000
68 1 12.148801 47.441384 150.109079 1.000000 1.000000 1.000000 0.983094
68 0.000000 0.000000 0.000000
71 1 97.236654 50.767479 1.834788 1.000000 1.000000 1.000000 0.983094
71 0.000000 0.000000 0.000000
72 1 94.903702 59.211266 66.522088 2.000000 2.000000 1.000000 1.127810
72 0.000000 0.000000 0.000000
73 1 57.917069 57.238765 47.973750 5.000000 5.000000 1.000000 1.263720
73 0.000000 0.000000 0.000000
74 1 61.581279 90.451884 62.397951 1.000000 1.000000 1.000000 0.983094
74 0.000000 0.000000 0.000000
82 1 53.380659 0.733364 110.971233 1.000000 1.000000 1.000000 0.983094
82 0.000000 0.000000 0.000000
84 1 93.292991 43.369165 165.261159 1.000000 1.000000 1.000000 0.983094
84 0.000000 0.000000 0.000000
85 1 15.959771 17.003409 97.413317 1.000000 1.000000 1.000000 0.983094
85 0.000000 0.000000 0.000000
86 1 96.301968 0.079576 82.292926 1.000000 1.000000 1.000000 0.983094
86 0.000000 0.000000 0.000000
88 1 25.973381 4.028448 145.134455 2.000000 2.000000 1.000000 1.127810
88 0.000000 0.000000 0.000000
90 1 31.040086 80.557706 36.693542 3.000000 3.000000 1.000000 1.197480
90 0.000000 0.000000 0.000000
92 1 5.960939 75.072096 78.045739 1.000000 1.000000 1.000000 0.983094
92 0.000000 0.000000 0.000000
93 1 37.043538 97.548640 167.588319 2.000000 2.000000 1.000000 1.127810
93 0.000000 0.000000 0.000000
94 1 96.485718 94.585494 105.664517 5.000000 5.000000 1.000000 1.263720
94 0.000000 0.000000 0.000000
95 1 66.058810 28.190359 58.092203 2.000000 2.000000 1.000000 1.127810
95 0.000000 0.000000 0.000000
98 1 59.590013 59.197639 64.336264 2.000000 2.000000 1.000000 1.127810
98 0.000000 0.000000 0.000000
101 1 98.237067 19.179276 127.780897 3.000000 3.000000 1.000000 1.197480
101 0.000000 0.000000 0.000000
102 1 40.613951 54.362049 123.796180 3.000000 3.000000 1.000000 1.197480
102 0.000000 0.000000 0.000000
103 1 80.762355 65.886186 145.443073 3.000000 3.000000 1.000000 1.197480
103 0.000000 0.000000 0.000000
104 1 81.875961 5.184084 85.064672 1.000000 1.000000 1.000000 0.983094
104 0.000000 0.000000 0.000000
105 1 46.115568 39.022762 172.772613 2.000000 2.000000 1.000000 1.127810
105 0.000000 0.000000 0.000000
106 1 75.703432 23.409556 146.392117 2.000000 2.000000 1.000000 1.127810
106 0.000000 0.000000 0.000000
108 1 91.367741 19.642736 167.453393 1.000000 1.000000 1.000000 0.983094
108 0.000000 0.000000 0.000000
109 1 7.108802 10.578176 155.238211 2.000000 2.000000 1.000000 1.127810
109 0.000000 0.000000 0.000000
111 1 98.336404 10.075410 94.377432 2.000000 2.000000 1.000000 1.127810
111 0.000000 0.000000 0.000000
115 1 69.038087 21.118050 129.953911 1.000000 1.000000 1.000000 0.983094
115 0.000000 0.000000 0.000000
117 1 12.051977 73.791380 10.203860 2.000000 2.000000 1.000000 1.127810
117 0.000000 0.000000 0.000000
118 1 56.077685 96.606476 48.043658 4.000000 4.000000 1.000000 1.237850
118 0.000000 0.000000 0.000000
119 1 44.889211 46.873166 174.808195 1.000000 1.000000 1.000000 0.983094
119 0.000000 0.000000 0.000000
120 1 1.507463 64.774310 34.988267 1.000000 1.000000 1.000000 0.983094
120 0.000000 0.000000 0.000000
122 1 50.446605 20.421006 163.021065 1.000000 1.000000 1.000000 0.983094
122 0.000000 0.000000 0.000000
124 1 79.189621 68.837115 197.402500 1.000000 1.000000 1.000000 0.983094
124 0.000000 0.000000 0.000000
125 1 73.274894 28.911398 49.548770 1.000000 1.000000 1.000000 0.983094
125 0.000000 0.000000 0.000000
127 1 31.909742 20.990328 188.313219 1.000000 1.000000 1.000000 0.983094
127 0.000000 0.000000 0.000000
128 1 52.211888 13.521343 126.647880 1.000000 1.000000 1.000000 0.983094
128 0.000000 0.000000 0.000000
129 1 61.254596 70.163082 157.446511 2.000000 2.000000 1.000000 1.127810
129 0.000000 0.000000 0.000000
131 1 47.753034 70.040868 94.655647 3.000000 3.000000 1.000000 1.197480
131 0.000000 0.000000 0.000000
133 1 38.525177 11.756143 87.984592 2.000000 2.000000 1.000000 1.127810
133 0.000000 0.000000 0.000000
135 1 2.145346 94.953011 12.359929 2.000000 2.000000 1.000000 1.127810
135 0.000000 0.000000 0.000000
138 1 84.190220 66.335934 187.145587 1.000000 1.000000 1.000000 0.983094
138 0.000000 0.000000 0.000000
140 1 73.570362 84.439001 179.228988 2.000000 2.000000 1.000000 1.127810
140 0.000000 0.000000 0.000000
142 1 29.208745 20.507984 91.157062 2.000000 2.000000 1.000000 1.127810
142 0.000000 0.000000 0.000000
145 1 62.195906 76.360759 178.029620 1.000000 1.000000 1.000000 0.983094
145 0.000000 0.000000 0.000000
146 1 60.638094 72.011704 42.896178 3.000000 3.000000 1.000000 1.197480
146 0.000000 0.000000 0.000000
149 1 48.199632 16.483861 64.927247 1.000000 1.000000 1.000000 0.983094
149 0.000000 0.000000 0.000000
150 1 43.863225 24.250091 18.259630 4.000000 4.000000 1.000000 1.237850
150 0.000000 0.000000 0.000000
151 1 11.111503 71.285260 157.704240 2.000000 2.000000 1.000000 1.127810
151 0.000000 0.000000 0.000000
152 1 54.425328 61.881945 115.030232 1.000000 1.000000 1.000000 0.983094
152 0.000000 0.000000 0.000000
156 1 82.182791 87.581017 59.887729 2.000000 2.000000 1.000000 1.127810
156 0.000000 0.000000 0.000000
158 1 14.087749 39.163914 165.742430 1.000000 1.000000 1.000000 0.983094
158 0.000000 0.000000 0.000000
161 1 80.038169 33.013982 100.166149 1.000000 1.000000 1.000000 0.983094
161 0.000000 0.000000 0.000000
163 1 46.632726 5.113429 44.109940 1.000000 1.000000 1.000000 0.983094
163 0.000000 0.000000 0.000000
164 1 26.647691 10.091284 197.470995 1.000000 1.000000 1.000000 0.983094
164 0.000000 0.000000 0.000000
165 1 8.505234 29.173421 152.397560 2.000000 2.000000 1.000000 1.127810
165 0.000000 0.000000 0.000000
166 1 71.928837 57.894868 122.531714 1.000000 1.000000 1.000000 0.983094
166 0.000000 0.000000 0.000000
169 1 43.915372 38.884799 30.041782 2.000000 2.000000 1.000000 1.127810
169 0.000000 0.000000 0.000000
172 1 36.883377 6.054650 54.013745 2.000000 2.000000 1.000000 1.127810
172 0.000000 0.000000 0.000000
177 1 67.514194 37.764112 142.374896 1.000000 1.000000 1.000000 0.983094
177 0.000000 0.000000 0.000000
180 1 1.350920 94.255617 19.437724 1.000000 1.000000 1.000000 0.983094
180 0.000000 0.000000 0.000000
182 1 49.732161 41.813688 30.159760 1.000000 1.000000 1.000000 0.983094
182 0.000000 0.000000 0.000000
184 1 75.525113 21.728844 87.987060 1.000000 1.000000 1.000000 0.983094
184 0.000000 0.000000 0.000000
185 1 63.913213 93.916396 3.503947 2.000000 2.000000 1.000000 1.127810
185 0.000000 0.000000 0.000000
186 1 3.664765 49.393140 44.632466 1.000000 1.000000 1.000000 0.983094
186 0.000000 0.000000 0.000000
190 1 2.906397 42.740297 18.439142 1.000000 1.000000 1.000000 0.983094
190 0.000000 0.000000 0.000000
191 1 35.261480 76.658926 86.262720 1.000000 1.000000 1.000000 0.983094
191 0.000000 0.000000 0.000000
192 1 66.327343 86.168925 34.390197 1.000000 1.000000 1.000000 0.983094
192 0.000000 0.000000 0.000000
194 1 91.168006 37.667146 134.096950 1.000000 1.000000 1.000000 0.983094
194 0.000000 0.000000 0.000000
195 1 3.745178 49.008441 172.921885 5.000000 5.000000 1.000000 1.263720
195 0.000000 0.000000 0.000000
202 1 95.085783 2.659918 4.799516 1.000000 1.000000 1.000000 0.983094
202 0.000000 0.000000 0.000000
204 1 55.578861 15.342321 168.450736 2.000000 2.000000 1.000000 1.127810
204 0.000000 0.000000 0.000000
207 1 31.566897 73.752417 158.586146 1.000000 1.000000 1.000000 0.983094
207 0.000000 0.000000 0.000000
208 1 93.673491 7.435557 131.807186 2.000000 2.000000 1.000000 1.127810
208 0.000000 0.000000 0.000000
209 1 59.445943 41.616941 110.828536 4.000000 4.000000 1.000000 1.237850
209 0.000000 0.000000 0.000000
211 1 39.429801 46.505934 91.065686 5.000000 5.000000 1.000000 1.263720
211 0.000000 0.000000 0.000000
212 1 89.236986 27.300300 118.986911 1.000000 1.000000 1.000000 0.983094
212 0.000000 0.000000 0.000000
214 1 62.833274 38.726080 187.999441 1.000000 1.000000 1.000000 0.983094
214 0.000000 0.000000 0.000000
215 1 16.804935 36.945991 54.079753 1.000000 1.000000 1.000000 0.983094
215 0.000000 0.000000 0.000000
217 1 35.109869 25.773877 179.887015 2.000000 2.000000 1.000000 1.127810
217 0.000000 0.000000 0.000000
218 1 38.394485 72.876000 136.154133 2.000000 2.000000 1.000000 1.127810
218 0.000000 0.000000 0.000000
220 1 7.028022 74.061615 73.447876 2.000000 2.000000 1.000000 1.127810
220 0.000000 0.000000 0.000000
221 1 26.259502 29.221992 162.017876 1.000000 1.000000 1.000000 0.983094
221 0.000000 0.000000 0.000000
223 1 78.121085 55.810350 161.083694 1.000000 1.000000 1.000000 0.983094
223 0.000000 0.000000 0.000000
224 1 54.713961 17.575147 182.324372 1.000000 1.000000 1.000000 0.983094
224 0.000000 0.000000 0.000000
225 1 19.822277 18.910502 143.378212 3.000000 3.000000 1.000000 1.197480
225 0.000000 0.000000 0.000000
226 1 8.051520 4.818638 43.287331 2.000000 2.000000 1.000000 1.127810
226 0.000000 0.000000 0.000000
227 1 46.802034 19.705448 179.107671 3.000000 3.000000 1.000000 1.197480
227 0.000000 0.000000 0.000000
228 1 42.972482 47.345853 62.763313 1.000000 1.000000 1.000000 0.983094
228 0.000000 0.000000 0.000000
229 1 71.022911 77.048155 10.275738 3.000000 3.000000 1.000000 1.197480
229 0.000000 0.000000 0.000000
232 1 13.488568 76.186739 78.629466 3.000000 3.000000 1.000000 1.197480
232 0.000000 0.000000 0.000000
235 1 78.319846 84.720142 1.116292 4.000000 4.000000 1.000000 1.237850
235 0.000000 0.000000 0.000000
236 1 56.566196 6.895172 34.780105 1.000000 1.000000 1.000000 0.983094
236 0.000000 0.000000 0.000000
237 1 31.728117 11.396661 52.413723 1.000000 1.000000 1.000000 0.983094
237 0.000000 0.000000 0.000000
238 1 43.641747 40.904013 101.998947 2.000000 2.000000 1.000000 1.127810
238 0.000000 0.000000 0.000000
239 1 8.414090 98.573087 182.933529 4.000000 4.000000 1.000000 1.237850
239 0.000000 0.000000 0.000000
240 1 46.391962 32.439821 72.055071 2.000000 2.000000 1.000000 1.127810
240 0.000000 0.000000 0.000000
241 1 2.814760 46.388387 57.220652 1.000000 1.000000 1.000000 0.983094
241 0.000000 0.000000 0.000000
244 1 89.647772 82.147733 84.325592 2.000000 2.000000 1.000000 1.127810
244 0.000000 0.000000 0.000000
246 1 63.643105 26.948142 101.810134 2.000000 2.000000 1.000000 1.127810
246 0.000000 0.000000 0.000000
247 1 28.104384 5.081979 136.402987 1.000000 1.000000 1.000000 0.983094
247 0.000000 0.000000 0.000000
249 1 39.666720 64.566296 2.762409 1.000000 1.000000 1.000000 0.983094
249 0.000000 0.000000 0.000000
250 1 3.573117 11.250814 130.478146 1.000000 1.000000 1.000000 0.983094
250 0.000000 0.000000 0.000000
252 1 81.179768 38.491779 42.092281 1.000000 1.000000 1.000000 0.983094
252 0.000000 0.000000 0.000000
254 1 47.523885 19.167000 189.767434 1.000000 1.000000 1.000000 0.983094
254 0.000000 0.000000 0.000000
255 1 0.342772 36.164014 41.491722 2.000000 2.000000 1.000000 1.127810
255 0.000000 0.000000 0.000000
257 1 10.731982 56.185241 43.227429 1.000000 1.000000 1.000000 0.983094
257 0.000000 0.000000 0.000000
258 1 57.230461 4.400045 157.889577 1.000000 1.000000 1.000000 0.983094
258 0.000000 0.000000 0.000000
261 1 24.358665 17.415880 7.945702 1.000000 1.000000 1.000000 0.983094
261 0.000000 0.000000 0.000000
263 1 54.395224 74.530954 3.789402 2.000000 2.000000 1.000000 1.127810
263 0.000000 0.000000 0.000000
264 1 23.388066 74.624324 8.852008 1.000000 1.000000 1.000000 0.983094
264 0.000000 0.000000 0.000000
265 1 9.469849 75.373872 43.704507 2.000000 2.000000 1.000000 1.127810
265 0.000000 0.000000 0.000000
275 1 90.763618 10.945963 94.597680 3.000000 3.000000 1.000000 1.197480
275 0.000000 0.000000 0.000000
276 1 39.489429 54.244449 85.112398 2.000000 2.000000 1.000000 1.127810
276 0.000000 0.000000 0.000000
277 1 88.994920 34.687836 149.567164 4.000000 4.000000 1.000000 1.237850
277 0.000000 0.000000 0.000000
283 1 62.598336 32.372711 79.571876 1.000000 1.000000 1.000000 0.983094
283 0.000000 0.000000 0.000000
284 1 13.689365 30.716208 13.457932 1.000000 1.000000 1.000000 0.983094
284 0.000000 0.000000 0.000000
285 1 21.944344 34.149919 84.886312 2.000000 2.000000 1.000000 1.127810
285 0.000000 0.000000 0.000000
286 1 57.582858 72.362539 46.458490 3.000000 3.000000 1.000000 1.197480
286 0.000000 0.000000 0.000000
287 1 61.233401 63.833053 18.155764 2.000000 2.000000 1.000000 1.127810
287 0.000000 0.000000 0.000000
290 1 52.715201 7.091939 90.785451 1.000000 1.000000 1.000000 0.983094
290 0.000000 0.000000 0.000000
291 1 50.757260 81.066946 35.847039 1.000000 1.000000 1.000000 0.983094
291 0.000000 0.000000 0.000000
292 1 86.983691 79.917976 106.459891 1.000000 1.000000 1.000000 0.983094
292 0.000000 0.000000 0.000000
293 1 28.751019 69.270781 121.810348 3.000000 3.000000 1.000000 1.197480
293 0.000000 0.000000 0.000000
295 1 84.407047 22.635335 161.325084 1.000000 1.000000 1.000000 0.983094
295 0.000000 0.000000 0.000000
296 1 85.473000 88.602395 82.398617 1.000000 1.000000 1.000000 0.983094
296 0.000000 0.000000 0.000000
297 1 29.901706 17.138941 10.612491 6.000000 6.000000 1.000000 1.281330
297 0.000000 0.000000 0.000000
298 1 58.615024 12.682285 102.544952 3.000000 3.000000 1.000000 1.197480
298 0.000000 0.000000 0.000000
304 1 33.183341 92.305363 12.580848 2.000000 2.000000 1.000000 1.127810
304 0.000000 0.000000 0.000000
305 1 39.940121 26.147811 126.077557 1.000000 1.000000 1.000000 0.983094
305 0.000000 0.000000 0.000000
309 1 31.195037 98.706524 167.792642 1.000000 1.000000 1.000000 0.983094
309 0.000000 0.000000 0.000000
311 1 66.904490 91.107914 164.107754 1.000000 1.000000 1.000000 0.983094
311 0.000000 0.000000 0.000000
314 1 77.215823 82.691319 49.703173 1.000000 1.000000 1.000000 0.983094
314 0.000000 0.000000 0.000000
315 1 88.984881 29.522377 96.892981 6.000000 6.000000 1.000000 1.281330
315 0.000000 0.000000 0.000000
319 1 23.827545 60.461198 127.578106 2.000000 2.000000 1.000000 1.127810
319 0.000000 0.000000 0.000000
320 1 39.492037 44.042974 126.090922 1.000000 1.000000 1.000000 0.983094
320 0.000000 0.000000 0.000000
321 1 88.165469 1.511076 98.281095 1.000000 1.000000 1.000000 0.983094
321 0.000000 0.000000 0.000000
323 1 58.171332 50.984093 141.818762 1.000000 1.000000 1.000000 0.983094
323 0.000000 0.000000 0.000000
324 1 45.092354 82.363133 51.993345 2.000000 2.000000 1.000000 1.127810
324 0.000000 0.000000 0.000000
326 1 77.601074 63.391340 12.229012 2.000000 2.000000 1.000000 1.127810
326 0.000000 0.000000 0.000000
327 1 91.208496 86.775842 178.020082 1.000000 1.000000 1.000000 0.983094
327 0.000000 0.000000 0.000000
328 1 30.611657 32.251640 177.936518 3.000000 3.000000 1.000000 1.197480
328 0.000000 0.000000 0.000000
329 1 5.835144 74.582789 109.851523 2.000000 2.000000 1.000000 1.127810
329 0.000000 0.000000 0.000000
332 1 32.537854 42.625146 191.079331 1.000000 1.000000 1.000000 0.983094
332 0.000000 0.000000 0.000000
333 1 78.034595 37.096903 39.045201 2.000000 2.000000 1.000000 1.127810
333 0.000000 0.000000 0.000000
337 1 39.934050 52.044004 96.325915 1.000000 1.000000 1.000000 0.983094
337 0.000000 0.000000 0.000000
338 1 47.887752 15.666813 138.372977 2.000000 2.000000 1.000000 1.127810
338 0.000000 0.000000 0.000000
339 1 87.831125 44.884984 68.054368 2.000000 2.000000 1.000000 1.127810
339 0.000000 0.000000 0.000000
342 1 80.254287 57.526381 2.945443 3.000000 3.000000 1.000000 1.197480
342 0.000000 0.000000 0.000000
343 1 1.070737 38.096949 103.750897 1.000000 1.000000 1.000000 0.983094
343 0.000000 0.000000 0.000000
344 1 87.910999 75.345647 36.032031 3.000000 3.000000 1.000000 1.197480
344 0.000000 0.000000 0.000000
345 1 41.522609 34.525906 141.264865 2.000000 2.000000 1.000000 1.127810
345 0.000000 0.000000 0.000000
346 1 34.499573 39.373706 23.479588 1.000000 1.000000 1.000000 0.983094
346 0.000000 0.000000 0.000000
349 1 76.865958 9.001744 139.135480 1.000000 1.000000 1.000000 0.983094
349 0.000000 0.000000 0.000000
350 1 91.043858 46.375049 66.991678 1.000000 1.000000 1.000000 0.983094
350 0.000000 0.000000 0.000000
352 1 46.389752 98.819635 112.788922 1.000000 1.000000 1.000000 0.983094
352 0.000000 0.000000 0.000000
353 1 41.769315 42.765943 137.154770 1.000000 1.000000 1.000000 0.983094
353 0.000000 0.000000 0.000000
355 1 72.284058 45.945159 121.220867 3.000000 3.000000 1.000000 1.197480
355 0.000000 0.000000 0.000000
357 1 18.443194 60.137235 51.017357 1.000000 1.000000 1.000000 0.983094
357 0.000000 0.000000 0.000000
358 1 55.518004 31.206383 114.936446 1.000000 1.000000 1.000000 0.983094
358 0.000000 0.000000 0.000000
360 1 87.485581 63.693941 188.486465 2.000000 2.000000 1.000000 1.127810
360 0.000000 0.000000 0.000000
361 1 5.564112 32.701837 107.418876 1.000000 1.000000 1.000000 0.983094
361 0.000000 0.000000 0.000000
362 1 58.664454 49.669860 147.489692 1.000000 1.000000 1.000000 0.983094
362 0.000000 0.000000 0.000000
363 1 41.696891 89.227993 10.964263 1.000000 1.000000 1.000000 0.983094
363 0.000000 0.000000 0.000000
365 1 40.321523 55.871426 180.303578 2.000000 2.000000 1.000000 1.127810
365 0.000000 0.000000 0.000000
367 1 44.287110 63.022678 50.912804 1.000000 1.000000 1.000000 0.983094
367 0.000000 0.000000 0.000000
368 1 58.336600 67.682256 146.228261 2.000000 2.000000 1.000000 1.127810
368 0.000000 0.000000 0.000000
370 1 37.745314 28.064875 122.431185 1.000000 1.000000 1.000000 0.983094
370 0.000000 0.000000 0.000000
372 1 87.023793 41.467954 177.475408 2.000000 2.000000 1.000000 1.127810
372 0.000000 0.000000 0.000000
373 1 89.115651 91.199023 119.982778 1.000000 1.000000 1.000000 0.983094
373 0.000000 0.000000 0.000000
375 1 54.458342 37.023159 178.219146 3.000000 3.000000 1.000000 1.197480
375 0.000000 0.000000 0.000000
377 1 98.125944 95.574313 103.432971 1.000000 1.000000 1.000000 0.983094
377 0.000000 0.000000 0.000000
378 1 69.242204 49.454975 87.941280 1.000000 1.000000 1.000000 0.983094
378 0.000000 0.000000 0.000000
379 1 65.410955 1.244903 76.759314 1.000000 1.000000 1.000000 0.983094
379 0.000000 0.000000 0.000000
381 1 10.748849 29.123149 77.538713 1.000000 1.000000 1.000000 0.983094
381 0.000000 0.000000 0.000000
382 1 9.962912 82.496454 153.800482 2.000000 2.000000 1.000000 1.127810
382 0.000000 0.000000 0.000000
383 1 84.557520 89.746584 179.816101 2.000000 2.000000 1.000000 1.127810
383 0.000000 0.000000 0.000000
384 1 40.701256 85.776928 90.316101 1.000000 1.000000 1.000000 0.983094
384 0.000000 0.000000 0.000000
385 1 33.542986 21.277019 126.866248 4.000000 4.000000 1.000000 1.237850
385 0.000000 0.000000 0.000000
386 1 29.580121 93.471483 39.492134 2.000000 2.000000 1.000000 1.127810
386 0.000000 0.000000 0.000000
387 1 90.048546 10.507076 5.848149 3.000000 3.000000 1.000000 1.197480
387 0.000000 0.000000 0.000000
391 1 89.485920 1.244530 42.520079 2.000000 2.000000 1.000000 1.127810
391 0.000000 0.000000 0.000000
393 1 7.090616 73.570501 142.823962 1.000000 1.000000 1.000000 0.983094
393 0.000000 0.000000 0.000000
394 1 65.870067 95.629097 3.943081 5.000000 5.000000 1.000000 1.263720
394 0.000000 0.000000 0.000000
400 1 73.411472 45.304973 28.091615 1.000000 1.000000 1.000000 0.983094
400 0.000000 0.000000 0.000000
401 1 58.536774 27.616181 23.635522 1.000000 1.000000 1.000000 0.983094
401 0.000000 0.000000 0.000000
405 1 91.156957 28.295262 28.367920 1.000000 1.000000 1.000000 0.983094
405 0.000000 0.000000 0.000000
406 1 68.556758 18.987012 136.413184 3.000000 3.000000 1.000000 1.197480
406 0.000000 0.000000 0.000000
407 1 84.210555 17.016195 192.843754 1.000000 1.000000 1.000000 0.983094
407 0.000000 0.000000 0.000000
408 1 99.487770 13.144131 81.830106 1.000000 1.000000 1.000000 0.983094
408 0.000000 0.000000 0.000000
409 1 28.266098 34.898848 144.609860 1.000000 1.000000 1.000000 0.983094
409 0.000000 0.000000 0.000000
412 1 42.640976 71.933411 163.126714 1.000000 1.000000 1.000000 0.983094
412 0.000000 0.000000 0.000000
413 1 98.381592 13.570497 25.987370 1.000000 1.000000 1.000000 0.983094
413 0.000000 0.000000 0.000000
414 1 10.847781 79.476601 49.644832 2.000000 2.000000 1.000000 1.127810
414 0.000000 0.000000 0.000000
415 1 4.431686 88.211787 74.522785 1.000000 1.000000 1.000000 0.983094
415 0.000000 0.000000 0.000000
417 1 78.950621 2.653324 131.104707 3.000000 3.000000 1.000000 1.197480
417 0.000000 0.000000 0.000000
418 1 35.200075 2.643002 35.123509 3.000000 3.000000 1.000000 1.197480
418 0.000000 0.000000 0.000000
419 1 86.041407 57.669724 86.726180 1.000000 1.000000 1.000000 0.983094
419 0.000000 0.000000 0.000000
420 1 40.715177 46.655335 76.047034 1.000000 1.000000 1.000000 0.983094
420 0.000000 0.000000 0.000000
421 1 48.471954 21.539068 176.348813 1.000000 1.000000 1.000000 0.983094
421 0.000000 0.000000 0.000000
422 1 41.918633 12.431208 178.591499 1.000000 1.000000 1.000000 0.983094
422 0.000000 0.000000 0.000000
427 1 14.627306 37.448292 168.440371 1.000000 1.000000 1.000000 0.983094
427 0.000000 0.000000 0.000000
428 1 86.616790 61.421331 77.894739 2.000000 2.000000 1.000000 1.127810
428 0.000000 0.000000 0.000000
429 1 62.912820 74.230387 160.270612 1.000000 1.000000 1.000000 0.983094
429 0.000000 0.000000 0.000000
430 1 34.485583 72.679701 14.152702 2.000000 2.000000 1.000000 1.127810
430 0.000000 0.000000 0.000000
431 1 26.529432 65.805926 80.390679 2.000000 2.000000 1.000000 1.127810
431 0.000000 0.000000 0.000000
435 1 46.824203 64.404872 194.709626 1.000000 1.000000 1.000000 0.983094
435 0.000000 0.000000 0.000000
437 1 49.345604 32.497443 149.121594 1.000000 1.000000 1.000000 0.983094
437 0.000000 0.000000 0.000000
439 1 27.045063 7.164968 54.166757 1.000000 1.000000 1.000000 0.983094
439 0.000000 0.000000 0.000000
440 1 25.785636 95.776927 93.418366 2.000000 2.000000 1.000000 1.127810
440 0.000000 0.000000 0.000000
443 1 42.408552 76.538518 136.161172 1.000000 1.000000 1.000000 0.983094
443 0.000000 0.000000 0.000000
444 1 52.854237 82.030750 76.416964 1.000000 1.000000 1.000000 0.983094
444 0.000000 0.000000 0.000000
447 1 14.821780 7.912689 116.837124 3.000000 3.000000 1.000000 1.197480
447 0.000000 0.000000 0.000000
450 1 33.648357 43.714815 176.661747 2.000000 2.000000 1.000000 1.127810
450 0.000000 0.000000 0.000000
451 1 61.109786 11.315875 3.425631 4.000000 4.000000 1.000000 1.237850
451 0.000000 0.000000 0.000000
452 1 68.393204 96.337438 17.128694 2.000000 2.000000 1.000000 1.127810
452 0.000000 0.000000 0.000000
454 1 16.155979 37.788302 153.256067 1.000000 1.000000 1.000000 0.983094
454 0.000000 0.000000 0.000000
457 1 98.963648 29.372335 170.493315 1.000000 1.000000 1.000000 0.983094
457 0.000000 0.000000 0.000000
458 1 98.871807 63.797641 45.421707 1.000000 1.000000 1.000000 0.983094
458 0.000000 0.000000 0.000000
460 1 45.821307 20.042846 47.236684 1.000000 1.000000 1.000000 0.983094
460 0.000000 0.000000 0.000000
461 1 14.544612 78.585808 192.791829 3.000000 3.000000 1.000000 1.197480
461 0.000000 0.000000 0.000000
462 1 18.754311 91.984543 192.053777 2.000000 2.000000 1.000000 1.127810
462 0.000000 0.000000 0.000000
463 1 7.356649 26.677120 170.192760 1.000000 1.000000 1.000000 0.983094
463 0.000000 0.000000 0.000000
465 1 34.499912 83.046430 28.921488 1.000000 1.000000 1.000000 0.983094
465 0.000000 0.000000 0.000000
466 1 36.689432 47.762814 22.479590 1.000000 1.000000 1.000000 0.983094
466 0.000000 0.000000 0.000000
468 1 49.737008 97.895071 96.314346 1.000000 1.000000 1.000000 0.983094
468 0.000000 0.000000 0.000000
469 1 39.237349 95.815546 197.547289 5.000000 5.000000 1.000000 1.263720
469 0.000000 0.000000 0.000000
471 1 73.053094 58.329635 107.481816 1.000000 1.000000 1.000000 0.983094
471 0.000000 0.000000 0.000000
472 1 81.682534 96.032045 126.870716 2.000000 2.000000 1.000000 1.127810
472 0.000000 0.000000 0.000000
473 1 22.215247 90.464135 40.593696 1.000000 1.000000 1.000000 0.983094
473 0.000000 0.000000 0.000000
476 1 33.733487 9.214402 103.421444 1.000000 1.000000 1.000000 0.983094
476 0.000000 0.000000 0.000000
477 1 76.751515 82.357557 194.420967 1.000000 1.000000 1.000000 0.983094
477 0.000000 0.000000 0.000000
478 1 12.809267 49.933753 128.606541 1.000000 1.000000 1.000000 0.983094
478 0.000000 0.000000 0.000000
481 1 89.383645 85.307584 188.178680 1.000000 1.000000 1.000000 0.983094
481 0.000000 0.000000 0.000000
484 1 58.173746 12.965240 51.011544 1.000000 1.000000 1.000000 0.983094
484 0.000000 0.000000 0.000000
485 1 4.019251 11.767148 191.820434 1.000000 1.000000 1.000000 0.983094
485 0.000000 0.000000 0.000000
486 1 33.404631 56.660735 77.158518 1.000000 1.000000 1.000000 0.983094
486 0.000000 0.000000 0.000000
487 1 78.603181 38.209743 179.701959 4.000000 4.000000 1.000000 1.237850
487 0.000000 0.000000 0.000000
488 1 8.325685 59.191444 98.749305 2.000000 2.000000 1.000000 1.127810
488 0.000000 0.000000 0.000000
489 1 81.043076 70.212168 55.868242 1.000000 1.000000 1.000000 0.983094
489 0.000000 0.000000 0.000000
492 1 62.909391 41.239835 2.581532 2.000000 2.000000 1.000000 1.127810
492 0.000000 0.000000 0.000000
493 1 67.233480 51.628040 43.936458 5.000000 5.000000 1.000000 1.263720
493 0.000000 0.000000 0.000000
496 1 69.652371 79.415843 16.960752 1.000000 1.000000 1.000000 0.983094
496 0.000000 0.000000 0.000000
497 1 32.844189 65.793026 31.517095 1.000000 1.000000 1.000000 0.983094
497 0.000000 0.000000 0.000000
498 1 30.084749 90.919069 176.607238 3.000000 3.000000 1.000000 1.197480
498 0.000000 0.000000 0.000000
