RESTART FILE
Timestep: 100

NUMBER OF PARTICLES
337

SIMULATION BOX
100 100 200

TIMESTEP
0.1

ATTRACTION RADIUS
25
0.983094 1.12781 1.19748 1.23785 1.26372 1.28133 1.2939 1.30312 1.31014 1.31562 1.32005 1.32351 1.32648 1.32881 1.33082 1.33244 1.33389 1.33515 1.3363 1.33723 1.33803 1.33868 1.33937 1.33991 1.34042 

AGGREGATES/BEADS
0 1 94.704154 52.513684 41.642444 1.000000 1.000000 1.000000 0.983094
0 0.000000 0.000000 0.000000
1 1 80.413044 9.182081 149.952263 1.000000 1.000000 1.000000 0.983094
1 0.000000 0.000000 0.000000
3 1 9.742060 68.928054 102.618733 1.000000 1.000000 1.000000 0.983094
3 0.000000 0.000000 0.000000
4 1 31.138725 87.658429 92.369558 1.000000 1.000000 1.000000 0.983094
4 0.000000 0.000000 0.000000
5 1 22.191969 44.248151 12.456199 3.000000 3.000000 1.000000 1.197480
5 0.000000 0.000000 0.000000
6 1 81.781120 8.817907 2.684865 1.000000 1.000000 1.000000 0.983094
6 0.000000 0.000000 0.000000
7 1 93.261579 5.140630 127.645142 1.000000 1.000000 1.000000 0.983094
7 0.000000 0.000000 0.000000
8 1 56.493333 18.889503 111.722445 4.000000 4.000000 1.000000 1.237850
8 0.000000 0.000000 0.000000
9 1 27.682663 24.632252 41.731639 1.000000 1.000000 1.000000 0.983094
9 0.000000 0.000000 0.000000
10 1 64.235655 19.749176 51.082547 1.000000 1.000000 1.000000 0.983094
10 0.000000 0.000000 0.000000
11 1 31.276507 51.718989 12.955041 1.000000 1.000000 1.000000 0.983094
11 0.000000 0.000000 0.000000
13 1 47.772548 62.717345 1.579330 1.000000 1.000000 1.000000 0.983094
13 0.000000 0.000000 0.000000
14 1 19.785044 31.082089 39.718515 1.000000 1.000000 1.000000 0.983094
14 0.000000 0.000000 0.000000
15 1 71.141607 57.333222 185.333210 1.000000 1.000000 1.000000 0.983094
15 0.000000 0.000000 0.000000
16 1 64.988260 61.031803 25.904021 1.000000 1.000000 1.000000 0.983094
16 0.000000 0.000000 0.000000
17 1 94.524466 93.187067 82.412884 1.000000 1.000000 1.000000 0.983094
17 0.000000 0.000000 0.000000
19 1 57.832801 54.111327 158.253013 1.000000 1.000000 1.000000 0.983094
19 0.000000 0.000000 0.000000
20 1 76.516491 31.012293 84.987489 2.000000 2.000000 1.000000 1.127810
20 0.000000 0.000000 0.000000
21 1 11.151363 23.083010 37.789063 1.000000 1.000000 1.000000 0.983094
21 0.000000 0.000000 0.000000
22 1 49.132698 38.416239 176.953608 1.000000 1.000000 1.000000 0.983094
22 0.000000 0.000000 0.000000
24 1 47.170729 59.195184 91.417125 1.000000 1.000000 1.000000 0.983094
24 0.000000 0.000000 0.000000
25 1 59.876747 63.223662 72.505446 1.000000 1.000000 1.000000 0.983094
25 0.000000 0.000000 0.000000
26 1 12.216414 19.956061 48.306512 1.000000 1.000000 1.000000 0.983094
26 0.000000 0.000000 0.000000
27 1 60.125370 81.986630 0.932187 3.000000 3.000000 1.000000 1.197480
27 0.000000 0.000000 0.000000
29 1 56.453577 32.876493 25.605571 1.000000 1.000000 1.000000 0.983094
29 0.000000 0.000000 0.000000
30 1 37.702339 48.791950 185.314337 1.000000 1.000000 1.000000 0.983094
30 0.000000 0.000000 0.000000
32 1 2.293278 64.875076 176.915325 1.000000 1.000000 1.000000 0.983094
32 0.000000 0.000000 0.000000
38 1 68.489735 61.483385 83.162533 3.000000 3.000000 1.000000 1.197480
38 0.000000 0.000000 0.000000
40 1 5.707830 99.802500 80.319152 1.000000 1.000000 1.000000 0.983094
40 0.000000 0.000000 0.000000
41 1 99.849179 16.304667 111.759513 1.000000 1.000000 1.000000 0.983094
41 0.000000 0.000000 0.000000
42 1 37.606552 71.515251 142.619938 3.000000 3.000000 1.000000 1.197480
42 0.000000 0.000000 0.000000
43 1 27.202496 78.941453 194.431047 3.000000 3.000000 1.000000 1.197480
43 0.000000 0.000000 0.000000
44 1 64.009219 62.849401 124.484297 1.000000 1.000000 1.000000 0.983094
44 0.000000 0.000000 0.000000
45 1 42.944625 7.668077 70.630966 1.000000 1.000000 1.000000 0.983094
45 0.000000 0.000000 0.000000
46 1 56.271843 95.579805 46.643549 3.000000 3.000000 1.000000 1.197480
46 0.000000 0.000000 0.000000
47 1 9.682593 79.591804 25.866370 1.000000 1.000000 1.000000 0.983094
47 0.000000 0.000000 0.000000
48 1 40.919074 17.780068 11.853987 4.000000 4.000000 1.000000 1.237850
48 0.000000 0.000000 0.000000
49 1 12.225986 52.956829 28.260807 1.000000 1.000000 1.000000 0.983094
49 0.000000 0.000000 0.000000
50 1 69.296218 69.575234 48.020707 2.000000 2.000000 1.000000 1.127810
50 0.000000 0.000000 0.000000
51 1 14.177393 37.968461 151.665926 2.000000 2.000000 1.000000 1.127810
51 0.000000 0.000000 0.000000
52 1 68.938302 89.592989 156.217152 1.000000 1.000000 1.000000 0.983094
52 0.000000 0.000000 0.000000
53 1 52.249907 98.143684 66.473335 3.000000 3.000000 1.000000 1.197480
53 0.000000 0.000000 0.000000
54 1 62.212293 86.608448 35.750988 1.000000 1.000000 1.000000 0.983094
54 0.000000 0.000000 0.000000
57 1 52.580754 86.019743 152.514593 1.000000 1.000000 1.000000 0.983094
57 0.000000 0.000000 0.000000
58 1 36.807457 72.114066 68.621193 3.000000 3.000000 1.000000 1.197480
58 0.000000 0.000000 0.000000
59 1 57.821087 81.377951 36.287168 1.000000 1.000000 1.000000 0.983094
59 0.000000 0.000000 0.000000
61 1 49.966607 85.771222 190.525111 2.000000 2.000000 1.000000 1.127810
61 0.000000 0.000000 0.000000
63 1 25.949101 32.246219 28.610420 2.000000 2.000000 1.000000 1.127810
63 0.000000 0.000000 0.000000
65 1 98.832481 80.693169 103.984040 1.000000 1.000000 1.000000 0.983094
65 0.000000 0.000000 0.000000
66 1 96.700878 50.092605 169.765950 2.000000 2.000000 1.000000 1.127810
66 0.000000 0.000000 0.000000
67 1 58.528809 35.803663 28.459959 1.000000 1.000000 1.000000 0.983094
67 0.000000 0.000000 0.000000
68 1 6.110125 41.678962 165.632848 1.000000 1.000000 1.000000 0.983094
68 0.000000 0.000000 0.000000
71 1 66.817234 57.172510 7.179717 1.000000 1.000000 1.000000 0.983094
71 0.000000 0.000000 0.000000
72 1 98.678646 64.390162 59.144691 2.000000 2.000000 1.000000 1.127810
72 0.000000 0.000000 0.000000
73 1 53.669354 53.230894 45.935334 5.000000 5.000000 1.000000 1.263720
73 0.000000 0.000000 0.000000
74 1 46.786710 92.578505 75.962289 1.000000 1.000000 1.000000 0.983094
74 0.000000 0.000000 0.000000
76 1 65.747175 22.914901 12.215924 1.000000 1.000000 1.000000 0.983094
76 0.000000 0.000000 0.000000
82 1 39.943882 90.583516 128.621598 1.000000 1.000000 1.000000 0.983094
82 0.000000 0.000000 0.000000
84 1 74.892330 35.795026 159.751519 1.000000 1.000000 1.000000 0.983094
84 0.000000 0.000000 0.000000
85 1 12.467917 8.672943 83.040661 1.000000 1.000000 1.000000 0.983094
85 0.000000 0.000000 0.000000
86 1 87.056884 3.853778 77.073242 1.000000 1.000000 1.000000 0.983094
86 0.000000 0.000000 0.000000
88 1 18.863962 3.281669 150.625746 2.000000 2.000000 1.000000 1.127810
88 0.000000 0.000000 0.000000
90 1 27.595860 82.276234 39.853623 3.000000 3.000000 1.000000 1.197480
90 0.000000 0.000000 0.000000
92 1 2.378462 72.783345 73.694408 1.000000 1.000000 1.000000 0.983094
92 0.000000 0.000000 0.000000
93 1 41.315676 85.896882 165.833695 2.000000 2.000000 1.000000 1.127810
93 0.000000 0.000000 0.000000
94 1 85.628759 89.078189 115.203618 1.000000 1.000000 1.000000 0.983094
94 0.000000 0.000000 0.000000
95 1 70.364022 11.580367 39.918782 2.000000 2.000000 1.000000 1.127810
95 0.000000 0.000000 0.000000
98 1 64.812936 44.277560 54.516396 2.000000 2.000000 1.000000 1.127810
98 0.000000 0.000000 0.000000
100 1 81.104502 33.581335 184.812757 1.000000 1.000000 1.000000 0.983094
100 0.000000 0.000000 0.000000
101 1 75.474925 7.692702 127.314031 1.000000 1.000000 1.000000 0.983094
101 0.000000 0.000000 0.000000
102 1 43.021631 54.662289 115.956638 3.000000 3.000000 1.000000 1.197480
102 0.000000 0.000000 0.000000
103 1 86.100082 63.600420 132.674145 3.000000 3.000000 1.000000 1.197480
103 0.000000 0.000000 0.000000
104 1 73.139885 6.077794 90.772154 1.000000 1.000000 1.000000 0.983094
104 0.000000 0.000000 0.000000
105 1 58.879320 34.431703 177.864444 2.000000 2.000000 1.000000 1.127810
105 0.000000 0.000000 0.000000
106 1 73.204397 33.147002 144.683210 2.000000 2.000000 1.000000 1.127810
106 0.000000 0.000000 0.000000
108 1 78.441980 39.090462 157.928727 1.000000 1.000000 1.000000 0.983094
108 0.000000 0.000000 0.000000
109 1 0.028067 2.961766 165.434340 2.000000 2.000000 1.000000 1.127810
109 0.000000 0.000000 0.000000
111 1 94.666665 97.511014 88.173434 2.000000 2.000000 1.000000 1.127810
111 0.000000 0.000000 0.000000
115 1 64.537745 41.706647 135.285569 1.000000 1.000000 1.000000 0.983094
115 0.000000 0.000000 0.000000
117 1 17.239926 73.114264 10.825432 1.000000 1.000000 1.000000 0.983094
117 0.000000 0.000000 0.000000
118 1 44.414612 99.722723 47.327734 1.000000 1.000000 1.000000 0.983094
118 0.000000 0.000000 0.000000
119 1 41.238281 49.583716 182.864327 1.000000 1.000000 1.000000 0.983094
119 0.000000 0.000000 0.000000
120 1 98.384662 57.202899 18.257285 1.000000 1.000000 1.000000 0.983094
120 0.000000 0.000000 0.000000
122 1 41.076850 19.682152 163.160895 1.000000 1.000000 1.000000 0.983094
122 0.000000 0.000000 0.000000
124 1 82.230742 72.578863 192.712084 1.000000 1.000000 1.000000 0.983094
124 0.000000 0.000000 0.000000
125 1 76.533460 28.584576 55.592542 1.000000 1.000000 1.000000 0.983094
125 0.000000 0.000000 0.000000
127 1 43.521767 32.365034 192.275022 1.000000 1.000000 1.000000 0.983094
127 0.000000 0.000000 0.000000
128 1 46.388123 21.984531 134.915539 1.000000 1.000000 1.000000 0.983094
128 0.000000 0.000000 0.000000
129 1 52.627894 64.831394 153.525115 2.000000 2.000000 1.000000 1.127810
129 0.000000 0.000000 0.000000
130 1 96.820875 0.269638 117.604972 1.000000 1.000000 1.000000 0.983094
130 0.000000 0.000000 0.000000
131 1 44.150290 75.702294 99.787751 3.000000 3.000000 1.000000 1.197480
131 0.000000 0.000000 0.000000
133 1 47.911663 6.400328 81.309003 2.000000 2.000000 1.000000 1.127810
133 0.000000 0.000000 0.000000
135 1 98.677116 91.823027 17.772320 2.000000 2.000000 1.000000 1.127810
135 0.000000 0.000000 0.000000
136 1 22.905029 44.639285 89.813977 1.000000 1.000000 1.000000 0.983094
136 0.000000 0.000000 0.000000
138 1 77.764104 80.845050 186.526565 1.000000 1.000000 1.000000 0.983094
138 0.000000 0.000000 0.000000
140 1 63.331025 87.164279 175.751958 2.000000 2.000000 1.000000 1.127810
140 0.000000 0.000000 0.000000
142 1 27.634413 22.825226 86.496470 1.000000 1.000000 1.000000 0.983094
142 0.000000 0.000000 0.000000
144 1 6.520337 55.316472 175.611291 1.000000 1.000000 1.000000 0.983094
144 0.000000 0.000000 0.000000
145 1 66.506112 84.737927 177.563447 1.000000 1.000000 1.000000 0.983094
145 0.000000 0.000000 0.000000
146 1 52.654062 76.088285 51.367416 3.000000 3.000000 1.000000 1.197480
146 0.000000 0.000000 0.000000
147 1 81.253883 29.509247 95.451884 3.000000 3.000000 1.000000 1.197480
147 0.000000 0.000000 0.000000
149 1 33.924081 19.041035 85.664446 1.000000 1.000000 1.000000 0.983094
149 0.000000 0.000000 0.000000
150 1 42.544644 28.215639 9.726314 4.000000 4.000000 1.000000 1.237850
150 0.000000 0.000000 0.000000
151 1 8.247515 59.226543 140.634155 2.000000 2.000000 1.000000 1.127810
151 0.000000 0.000000 0.000000
152 1 61.179805 52.746601 107.328053 1.000000 1.000000 1.000000 0.983094
152 0.000000 0.000000 0.000000
155 1 33.307367 40.776580 24.262909 1.000000 1.000000 1.000000 0.983094
155 0.000000 0.000000 0.000000
156 1 80.768708 91.921125 68.846188 2.000000 2.000000 1.000000 1.127810
156 0.000000 0.000000 0.000000
158 1 18.820554 25.140941 177.266026 1.000000 1.000000 1.000000 0.983094
158 0.000000 0.000000 0.000000
160 1 40.229074 87.291780 47.100710 1.000000 1.000000 1.000000 0.983094
160 0.000000 0.000000 0.000000
161 1 84.652207 47.696101 90.402816 1.000000 1.000000 1.000000 0.983094
161 0.000000 0.000000 0.000000
163 1 52.122676 4.973908 46.952746 1.000000 1.000000 1.000000 0.983094
163 0.000000 0.000000 0.000000
164 1 10.895032 13.169782 181.324461 1.000000 1.000000 1.000000 0.983094
164 0.000000 0.000000 0.000000
165 1 95.554918 36.849698 156.566239 2.000000 2.000000 1.000000 1.127810
165 0.000000 0.000000 0.000000
166 1 55.417974 75.493059 105.443440 1.000000 1.000000 1.000000 0.983094
166 0.000000 0.000000 0.000000
169 1 53.576875 34.885703 25.585287 2.000000 2.000000 1.000000 1.127810
169 0.000000 0.000000 0.000000
170 1 97.951139 40.053605 167.938500 1.000000 1.000000 1.000000 0.983094
170 0.000000 0.000000 0.000000
172 1 36.447227 0.093134 53.426219 2.000000 2.000000 1.000000 1.127810
172 0.000000 0.000000 0.000000
177 1 59.263212 30.228020 138.977319 1.000000 1.000000 1.000000 0.983094
177 0.000000 0.000000 0.000000
179 1 23.397659 60.409615 78.970206 2.000000 2.000000 1.000000 1.127810
179 0.000000 0.000000 0.000000
180 1 9.002210 85.992729 29.280886 1.000000 1.000000 1.000000 0.983094
180 0.000000 0.000000 0.000000
182 1 52.042550 60.288351 31.654691 1.000000 1.000000 1.000000 0.983094
182 0.000000 0.000000 0.000000
183 1 22.092777 5.568114 137.818969 2.000000 2.000000 1.000000 1.127810
183 0.000000 0.000000 0.000000
184 1 76.285995 14.686603 91.465795 1.000000 1.000000 1.000000 0.983094
184 0.000000 0.000000 0.000000
185 1 42.492900 95.801949 198.408910 2.000000 2.000000 1.000000 1.127810
185 0.000000 0.000000 0.000000
186 1 89.331637 42.294691 44.194562 1.000000 1.000000 1.000000 0.983094
186 0.000000 0.000000 0.000000
188 1 58.596699 94.284359 15.162208 1.000000 1.000000 1.000000 0.983094
188 0.000000 0.000000 0.000000
189 1 92.182726 75.664838 95.691363 1.000000 1.000000 1.000000 0.983094
189 0.000000 0.000000 0.000000
190 1 11.136566 48.526599 21.272642 1.000000 1.000000 1.000000 0.983094
190 0.000000 0.000000 0.000000
191 1 54.195104 74.992133 78.035122 1.000000 1.000000 1.000000 0.983094
191 0.000000 0.000000 0.000000
192 1 64.933502 74.897415 27.541524 1.000000 1.000000 1.000000 0.983094
192 0.000000 0.000000 0.000000
194 1 83.096630 22.043265 143.691422 1.000000 1.000000 1.000000 0.983094
194 0.000000 0.000000 0.000000
195 1 8.766096 38.008861 191.174567 1.000000 1.000000 1.000000 0.983094
195 0.000000 0.000000 0.000000
202 1 77.645402 98.098273 12.273158 1.000000 1.000000 1.000000 0.983094
202 0.000000 0.000000 0.000000
204 1 50.747959 13.492835 162.365972 2.000000 2.000000 1.000000 1.127810
204 0.000000 0.000000 0.000000
206 1 44.981385 4.533290 4.732661 3.000000 3.000000 1.000000 1.197480
206 0.000000 0.000000 0.000000
207 1 34.053592 74.402535 160.010257 1.000000 1.000000 1.000000 0.983094
207 0.000000 0.000000 0.000000
208 1 89.984020 93.094504 102.728954 1.000000 1.000000 1.000000 0.983094
208 0.000000 0.000000 0.000000
209 1 71.210722 55.129197 110.276522 4.000000 4.000000 1.000000 1.237850
209 0.000000 0.000000 0.000000
211 1 51.022385 43.694466 84.954547 1.000000 1.000000 1.000000 0.983094
211 0.000000 0.000000 0.000000
212 1 87.582344 25.550839 117.949960 1.000000 1.000000 1.000000 0.983094
212 0.000000 0.000000 0.000000
214 1 55.999238 30.537339 198.012716 1.000000 1.000000 1.000000 0.983094
214 0.000000 0.000000 0.000000
215 1 10.362800 35.329987 57.671275 1.000000 1.000000 1.000000 0.983094
215 0.000000 0.000000 0.000000
216 1 90.125389 82.050046 116.231861 4.000000 4.000000 1.000000 1.237850
216 0.000000 0.000000 0.000000
217 1 52.226018 34.101840 188.123973 1.000000 1.000000 1.000000 0.983094
217 0.000000 0.000000 0.000000
218 1 45.183982 65.615998 138.158626 2.000000 2.000000 1.000000 1.127810
218 0.000000 0.000000 0.000000
219 1 85.189478 82.535800 41.055588 2.000000 2.000000 1.000000 1.127810
219 0.000000 0.000000 0.000000
220 1 3.464088 74.158748 83.769334 2.000000 2.000000 1.000000 1.127810
220 0.000000 0.000000 0.000000
221 1 21.088325 23.353383 158.766723 1.000000 1.000000 1.000000 0.983094
221 0.000000 0.000000 0.000000
223 1 85.531798 53.316695 156.880984 1.000000 1.000000 1.000000 0.983094
223 0.000000 0.000000 0.000000
224 1 53.035934 6.679643 182.685559 1.000000 1.000000 1.000000 0.983094
224 0.000000 0.000000 0.000000
225 1 13.199148 18.676408 131.513108 1.000000 1.000000 1.000000 0.983094
225 0.000000 0.000000 0.000000
226 1 15.434325 4.259391 37.103138 2.000000 2.000000 1.000000 1.127810
226 0.000000 0.000000 0.000000
227 1 42.892674 0.515053 180.278596 3.000000 3.000000 1.000000 1.197480
227 0.000000 0.000000 0.000000
228 1 45.070378 46.586652 50.152779 1.000000 1.000000 1.000000 0.983094
228 0.000000 0.000000 0.000000
229 1 64.297652 76.119109 20.130643 3.000000 3.000000 1.000000 1.197480
229 0.000000 0.000000 0.000000
232 1 3.543388 61.527812 68.755489 1.000000 1.000000 1.000000 0.983094
232 0.000000 0.000000 0.000000
233 1 17.929680 73.760702 9.347020 1.000000 1.000000 1.000000 0.983094
233 0.000000 0.000000 0.000000
234 1 32.963265 22.013317 129.039226 3.000000 3.000000 1.000000 1.197480
234 0.000000 0.000000 0.000000
235 1 83.044400 78.180425 4.519183 1.000000 1.000000 1.000000 0.983094
235 0.000000 0.000000 0.000000
236 1 50.219466 26.873828 13.107941 1.000000 1.000000 1.000000 0.983094
236 0.000000 0.000000 0.000000
237 1 31.076315 97.508056 51.597938 1.000000 1.000000 1.000000 0.983094
237 0.000000 0.000000 0.000000
238 1 37.901009 47.917808 113.050391 2.000000 2.000000 1.000000 1.127810
238 0.000000 0.000000 0.000000
239 1 1.083028 87.687803 192.577647 4.000000 4.000000 1.000000 1.237850
239 0.000000 0.000000 0.000000
240 1 28.291046 34.567688 76.207651 1.000000 1.000000 1.000000 0.983094
240 0.000000 0.000000 0.000000
241 1 85.800860 46.928641 49.321871 1.000000 1.000000 1.000000 0.983094
241 0.000000 0.000000 0.000000
243 1 5.031818 14.645178 83.032591 1.000000 1.000000 1.000000 0.983094
243 0.000000 0.000000 0.000000
244 1 83.813701 73.348197 80.078090 1.000000 1.000000 1.000000 0.983094
244 0.000000 0.000000 0.000000
245 1 10.936138 99.143415 12.967119 1.000000 1.000000 1.000000 0.983094
245 0.000000 0.000000 0.000000
246 1 63.054890 18.796812 98.360805 2.000000 2.000000 1.000000 1.127810
246 0.000000 0.000000 0.000000
247 1 44.091536 10.226243 146.033401 1.000000 1.000000 1.000000 0.983094
247 0.000000 0.000000 0.000000
249 1 40.377384 84.902290 19.651935 1.000000 1.000000 1.000000 0.983094
249 0.000000 0.000000 0.000000
250 1 94.561442 4.693538 118.542067 1.000000 1.000000 1.000000 0.983094
250 0.000000 0.000000 0.000000
252 1 78.924642 40.157938 48.362007 1.000000 1.000000 1.000000 0.983094
252 0.000000 0.000000 0.000000
254 1 71.872255 26.206190 192.093372 1.000000 1.000000 1.000000 0.983094
254 0.000000 0.000000 0.000000
255 1 89.574478 33.913738 43.730612 2.000000 2.000000 1.000000 1.127810
255 0.000000 0.000000 0.000000
257 1 92.596738 61.100110 37.886186 1.000000 1.000000 1.000000 0.983094
257 0.000000 0.000000 0.000000
258 1 44.674275 97.744924 150.297265 1.000000 1.000000 1.000000 0.983094
258 0.000000 0.000000 0.000000
260 1 95.423221 51.113044 166.831213 1.000000 1.000000 1.000000 0.983094
260 0.000000 0.000000 0.000000
261 1 20.272938 6.881724 11.448623 1.000000 1.000000 1.000000 0.983094
261 0.000000 0.000000 0.000000
263 1 49.565473 88.910598 198.329919 2.000000 2.000000 1.000000 1.127810
263 0.000000 0.000000 0.000000
264 1 12.689255 67.156496 21.451960 1.000000 1.000000 1.000000 0.983094
264 0.000000 0.000000 0.000000
265 1 90.993080 67.075522 53.843030 1.000000 1.000000 1.000000 0.983094
265 0.000000 0.000000 0.000000
266 1 42.117800 9.309206 197.915909 1.000000 1.000000 1.000000 0.983094
266 0.000000 0.000000 0.000000
268 1 91.527591 49.160990 186.610851 1.000000 1.000000 1.000000 0.983094
268 0.000000 0.000000 0.000000
275 1 91.773295 20.923666 95.216882 2.000000 2.000000 1.000000 1.127810
275 0.000000 0.000000 0.000000
276 1 41.815283 58.113253 96.892457 2.000000 2.000000 1.000000 1.127810
276 0.000000 0.000000 0.000000
277 1 91.191210 27.703628 140.355879 4.000000 4.000000 1.000000 1.237850
277 0.000000 0.000000 0.000000
282 1 12.565095 66.467596 32.066803 1.000000 1.000000 1.000000 0.983094
282 0.000000 0.000000 0.000000
283 1 56.983970 33.418421 76.072466 1.000000 1.000000 1.000000 0.983094
283 0.000000 0.000000 0.000000
284 1 1.233971 19.352522 199.293382 1.000000 1.000000 1.000000 0.983094
284 0.000000 0.000000 0.000000
285 1 38.653576 25.141578 78.864944 2.000000 2.000000 1.000000 1.127810
285 0.000000 0.000000 0.000000
286 1 42.132394 76.091908 56.288751 3.000000 3.000000 1.000000 1.197480
286 0.000000 0.000000 0.000000
287 1 74.029994 71.102100 24.417935 2.000000 2.000000 1.000000 1.127810
287 0.000000 0.000000 0.000000
290 1 46.574861 15.082446 87.775156 1.000000 1.000000 1.000000 0.983094
290 0.000000 0.000000 0.000000
291 1 43.859162 1.458718 41.115049 1.000000 1.000000 1.000000 0.983094
291 0.000000 0.000000 0.000000
292 1 81.858807 88.214617 105.937639 1.000000 1.000000 1.000000 0.983094
292 0.000000 0.000000 0.000000
293 1 25.636499 87.231164 111.603834 3.000000 3.000000 1.000000 1.197480
293 0.000000 0.000000 0.000000
294 1 42.078776 43.542582 85.751281 3.000000 3.000000 1.000000 1.197480
294 0.000000 0.000000 0.000000
295 1 6.159661 32.575773 148.059378 1.000000 1.000000 1.000000 0.983094
295 0.000000 0.000000 0.000000
296 1 96.507309 82.484417 73.514363 1.000000 1.000000 1.000000 0.983094
296 0.000000 0.000000 0.000000
297 1 37.200424 4.719336 11.313070 1.000000 1.000000 1.000000 0.983094
297 0.000000 0.000000 0.000000
298 1 59.937225 6.500824 110.216188 2.000000 2.000000 1.000000 1.127810
298 0.000000 0.000000 0.000000
300 1 81.679918 63.422022 42.421581 2.000000 2.000000 1.000000 1.127810
300 0.000000 0.000000 0.000000
302 1 81.259239 35.557479 176.739998 1.000000 1.000000 1.000000 0.983094
302 0.000000 0.000000 0.000000
303 1 36.131709 70.453045 171.653125 1.000000 1.000000 1.000000 0.983094
303 0.000000 0.000000 0.000000
304 1 20.679815 95.190666 24.069531 2.000000 2.000000 1.000000 1.127810
304 0.000000 0.000000 0.000000
305 1 39.994144 32.640464 125.419159 1.000000 1.000000 1.000000 0.983094
305 0.000000 0.000000 0.000000
309 1 12.518558 5.654948 173.325401 1.000000 1.000000 1.000000 0.983094
309 0.000000 0.000000 0.000000
311 1 57.850094 71.878946 158.875167 1.000000 1.000000 1.000000 0.983094
311 0.000000 0.000000 0.000000
312 1 47.258530 30.840520 45.228329 1.000000 1.000000 1.000000 0.983094
312 0.000000 0.000000 0.000000
314 1 71.335578 93.670596 29.552761 1.000000 1.000000 1.000000 0.983094
314 0.000000 0.000000 0.000000
315 1 66.079516 33.590617 81.037809 1.000000 1.000000 1.000000 0.983094
315 0.000000 0.000000 0.000000
319 1 20.451066 65.064853 124.051482 2.000000 2.000000 1.000000 1.127810
319 0.000000 0.000000 0.000000
320 1 46.836149 16.653092 121.373574 1.000000 1.000000 1.000000 0.983094
320 0.000000 0.000000 0.000000
321 1 80.836203 7.057912 99.846488 1.000000 1.000000 1.000000 0.983094
321 0.000000 0.000000 0.000000
323 1 84.313374 35.191218 127.920192 1.000000 1.000000 1.000000 0.983094
323 0.000000 0.000000 0.000000
324 1 42.376982 86.824402 49.565152 1.000000 1.000000 1.000000 0.983094
324 0.000000 0.000000 0.000000
326 1 70.530605 72.160711 7.290548 2.000000 2.000000 1.000000 1.127810
326 0.000000 0.000000 0.000000
327 1 91.250634 88.037267 175.505372 1.000000 1.000000 1.000000 0.983094
327 0.000000 0.000000 0.000000
328 1 35.167644 43.512636 174.011544 3.000000 3.000000 1.000000 1.197480
328 0.000000 0.000000 0.000000
329 1 14.553579 82.174413 107.568570 2.000000 2.000000 1.000000 1.127810
329 0.000000 0.000000 0.000000
332 1 24.441384 39.777897 191.340776 1.000000 1.000000 1.000000 0.983094
332 0.000000 0.000000 0.000000
333 1 72.398616 28.898650 30.831269 1.000000 1.000000 1.000000 0.983094
333 0.000000 0.000000 0.000000
337 1 46.658280 66.418226 104.900906 1.000000 1.000000 1.000000 0.983094
337 0.000000 0.000000 0.000000
338 1 50.223989 17.089149 145.301675 2.000000 2.000000 1.000000 1.127810
338 0.000000 0.000000 0.000000
339 1 98.969971 34.491058 55.756868 2.000000 2.000000 1.000000 1.127810
339 0.000000 0.000000 0.000000
342 1 81.098486 61.179481 19.737065 3.000000 3.000000 1.000000 1.197480
342 0.000000 0.000000 0.000000
343 1 3.083015 42.257733 87.212738 1.000000 1.000000 1.000000 0.983094
343 0.000000 0.000000 0.000000
344 1 94.337126 68.959109 44.236912 1.000000 1.000000 1.000000 0.983094
344 0.000000 0.000000 0.000000
345 1 37.400482 33.588790 153.953544 2.000000 2.000000 1.000000 1.127810
345 0.000000 0.000000 0.000000
346 1 36.723908 33.992266 40.251645 1.000000 1.000000 1.000000 0.983094
346 0.000000 0.000000 0.000000
349 1 58.339408 14.136069 142.032139 1.000000 1.000000 1.000000 0.983094
349 0.000000 0.000000 0.000000
350 1 98.676352 58.312573 52.475094 1.000000 1.000000 1.000000 0.983094
350 0.000000 0.000000 0.000000
351 1 18.042593 25.036554 186.521565 1.000000 1.000000 1.000000 0.983094
351 0.000000 0.000000 0.000000
352 1 56.137665 89.823305 119.931645 1.000000 1.000000 1.000000 0.983094
352 0.000000 0.000000 0.000000
353 1 47.735339 49.158598 145.004612 1.000000 1.000000 1.000000 0.983094
353 0.000000 0.000000 0.000000
355 1 68.472228 59.291740 113.788326 3.000000 3.000000 1.000000 1.197480
355 0.000000 0.000000 0.000000
357 1 38.676217 65.274502 28.745937 1.000000 1.000000 1.000000 0.983094
357 0.000000 0.000000 0.000000
358 1 49.938191 42.828423 109.481110 1.000000 1.000000 1.000000 0.983094
358 0.000000 0.000000 0.000000
360 1 83.097731 70.704479 199.834198 2.000000 2.000000 1.000000 1.127810
360 0.000000 0.000000 0.000000
361 1 95.866649 39.169793 105.781495 1.000000 1.000000 1.000000 0.983094
361 0.000000 0.000000 0.000000
362 1 69.740349 60.676259 142.020282 1.000000 1.000000 1.000000 0.983094
362 0.000000 0.000000 0.000000
363 1 29.813745 96.597446 23.026689 1.000000 1.000000 1.000000 0.983094
363 0.000000 0.000000 0.000000
365 1 36.202823 62.421342 180.987443 1.000000 1.000000 1.000000 0.983094
365 0.000000 0.000000 0.000000
367 1 38.724168 59.368566 66.515176 1.000000 1.000000 1.000000 0.983094
367 0.000000 0.000000 0.000000
368 1 66.644060 71.786333 136.311810 2.000000 2.000000 1.000000 1.127810
368 0.000000 0.000000 0.000000
370 1 46.217985 28.734427 137.352127 1.000000 1.000000 1.000000 0.983094
370 0.000000 0.000000 0.000000
372 1 84.097485 27.815174 161.093644 1.000000 1.000000 1.000000 0.983094
372 0.000000 0.000000 0.000000
373 1 71.098074 89.733238 126.441166 1.000000 1.000000 1.000000 0.983094
373 0.000000 0.000000 0.000000
374 1 29.730960 73.094431 185.313051 1.000000 1.000000 1.000000 0.983094
374 0.000000 0.000000 0.000000
375 1 59.305741 42.014867 163.130589 3.000000 3.000000 1.000000 1.197480
375 0.000000 0.000000 0.000000
376 1 0.524711 55.863038 171.124323 1.000000 1.000000 1.000000 0.983094
376 0.000000 0.000000 0.000000
377 1 13.305011 96.348120 105.334040 1.000000 1.000000 1.000000 0.983094
377 0.000000 0.000000 0.000000
378 1 60.648377 60.819241 79.628903 1.000000 1.000000 1.000000 0.983094
378 0.000000 0.000000 0.000000
379 1 54.261744 6.722844 86.357109 1.000000 1.000000 1.000000 0.983094
379 0.000000 0.000000 0.000000
381 1 13.344511 27.987059 76.481952 1.000000 1.000000 1.000000 0.983094
381 0.000000 0.000000 0.000000
382 1 6.563539 83.289085 155.698207 2.000000 2.000000 1.000000 1.127810
382 0.000000 0.000000 0.000000
383 1 91.822086 3.484579 161.755774 1.000000 1.000000 1.000000 0.983094
383 0.000000 0.000000 0.000000
384 1 39.578172 93.938584 98.769858 1.000000 1.000000 1.000000 0.983094
384 0.000000 0.000000 0.000000
385 1 20.466692 20.890950 135.323935 1.000000 1.000000 1.000000 0.983094
385 0.000000 0.000000 0.000000
386 1 25.647308 4.606931 43.090839 2.000000 2.000000 1.000000 1.127810
386 0.000000 0.000000 0.000000
387 1 91.445426 9.977486 5.237915 3.000000 3.000000 1.000000 1.197480
387 0.000000 0.000000 0.000000
388 1 80.384274 80.967922 193.529964 3.000000 3.000000 1.000000 1.197480
388 0.000000 0.000000 0.000000
389 1 7.489251 50.989655 149.258124 1.000000 1.000000 1.000000 0.983094
389 0.000000 0.000000 0.000000
390 1 63.743691 4.791312 25.856386 1.000000 1.000000 1.000000 0.983094
390 0.000000 0.000000 0.000000
391 1 7.875381 93.792458 43.552114 2.000000 2.000000 1.000000 1.127810
391 0.000000 0.000000 0.000000
393 1 99.299752 83.406635 136.024210 1.000000 1.000000 1.000000 0.983094
393 0.000000 0.000000 0.000000
394 1 61.316007 92.008720 196.320898 1.000000 1.000000 1.000000 0.983094
394 0.000000 0.000000 0.000000
397 1 34.762366 26.017800 99.255420 1.000000 1.000000 1.000000 0.983094
397 0.000000 0.000000 0.000000
400 1 75.349072 48.272921 30.276340 1.000000 1.000000 1.000000 0.983094
400 0.000000 0.000000 0.000000
401 1 69.186817 8.667159 19.091873 1.000000 1.000000 1.000000 0.983094
401 0.000000 0.000000 0.000000
405 1 81.134786 25.831351 25.676315 1.000000 1.000000 1.000000 0.983094
405 0.000000 0.000000 0.000000
406 1 61.985502 14.930534 125.348722 3.000000 3.000000 1.000000 1.197480
406 0.000000 0.000000 0.000000
407 1 81.712515 5.268543 195.923376 1.000000 1.000000 1.000000 0.983094
407 0.000000 0.000000 0.000000
408 1 9.267009 28.384425 103.369576 1.000000 1.000000 1.000000 0.983094
408 0.000000 0.000000 0.000000
409 1 20.123572 31.531283 124.161186 1.000000 1.000000 1.000000 0.983094
409 0.000000 0.000000 0.000000
412 1 61.111801 75.341606 149.644351 1.000000 1.000000 1.000000 0.983094
412 0.000000 0.000000 0.000000
413 1 87.720289 19.752118 22.781714 1.000000 1.000000 1.000000 0.983094
413 0.000000 0.000000 0.000000
414 1 5.320665 75.119972 62.078891 2.000000 2.000000 1.000000 1.127810
414 0.000000 0.000000 0.000000
415 1 2.780686 92.836523 67.024621 1.000000 1.000000 1.000000 0.983094
415 0.000000 0.000000 0.000000
417 1 77.006698 18.033827 135.146296 3.000000 3.000000 1.000000 1.197480
417 0.000000 0.000000 0.000000
418 1 29.473187 1.572827 33.993982 3.000000 3.000000 1.000000 1.197480
418 0.000000 0.000000 0.000000
419 1 83.183795 65.594186 85.387925 1.000000 1.000000 1.000000 0.983094
419 0.000000 0.000000 0.000000
420 1 60.870795 47.508167 65.616884 1.000000 1.000000 1.000000 0.983094
420 0.000000 0.000000 0.000000
421 1 53.947909 17.014231 180.337776 1.000000 1.000000 1.000000 0.983094
421 0.000000 0.000000 0.000000
422 1 33.167197 95.640399 180.784009 1.000000 1.000000 1.000000 0.983094
422 0.000000 0.000000 0.000000
427 1 17.174925 22.703154 152.996315 1.000000 1.000000 1.000000 0.983094
427 0.000000 0.000000 0.000000
428 1 90.404013 46.753206 73.819718 2.000000 2.000000 1.000000 1.127810
428 0.000000 0.000000 0.000000
429 1 42.039725 71.698829 174.572651 1.000000 1.000000 1.000000 0.983094
429 0.000000 0.000000 0.000000
430 1 36.203448 66.287238 7.575808 2.000000 2.000000 1.000000 1.127810
430 0.000000 0.000000 0.000000
431 1 19.398165 45.611760 79.752465 2.000000 2.000000 1.000000 1.127810
431 0.000000 0.000000 0.000000
432 1 53.117055 93.105056 48.649790 1.000000 1.000000 1.000000 0.983094
432 0.000000 0.000000 0.000000
434 1 89.461726 34.858800 90.150568 2.000000 2.000000 1.000000 1.127810
434 0.000000 0.000000 0.000000
435 1 45.224794 75.191839 191.168344 1.000000 1.000000 1.000000 0.983094
435 0.000000 0.000000 0.000000
437 1 58.096163 24.655186 161.212601 1.000000 1.000000 1.000000 0.983094
437 0.000000 0.000000 0.000000
439 1 28.692575 12.894707 51.608543 1.000000 1.000000 1.000000 0.983094
439 0.000000 0.000000 0.000000
440 1 30.106147 81.703983 95.411000 2.000000 2.000000 1.000000 1.127810
440 0.000000 0.000000 0.000000
443 1 53.230476 71.877743 131.539452 1.000000 1.000000 1.000000 0.983094
443 0.000000 0.000000 0.000000
444 1 54.970176 74.273724 91.082635 1.000000 1.000000 1.000000 0.983094
444 0.000000 0.000000 0.000000
447 1 10.498662 10.031710 110.079823 3.000000 3.000000 1.000000 1.197480
447 0.000000 0.000000 0.000000
448 1 86.915072 16.338207 115.534797 1.000000 1.000000 1.000000 0.983094
448 0.000000 0.000000 0.000000
450 1 33.391461 43.844501 176.838757 1.000000 1.000000 1.000000 0.983094
450 0.000000 0.000000 0.000000
451 1 54.032350 15.156244 2.733138 1.000000 1.000000 1.000000 0.983094
451 0.000000 0.000000 0.000000
452 1 80.802289 90.717411 32.775840 1.000000 1.000000 1.000000 0.983094
452 0.000000 0.000000 0.000000
454 1 28.418015 36.119681 137.445260 1.000000 1.000000 1.000000 0.983094
454 0.000000 0.000000 0.000000
456 1 96.832576 10.677870 86.604417 1.000000 1.000000 1.000000 0.983094
456 0.000000 0.000000 0.000000
457 1 0.127307 28.766036 166.511567 1.000000 1.000000 1.000000 0.983094
457 0.000000 0.000000 0.000000
458 1 96.727450 75.021869 42.187948 1.000000 1.000000 1.000000 0.983094
458 0.000000 0.000000 0.000000
460 1 43.412086 15.718223 51.411600 1.000000 1.000000 1.000000 0.983094
460 0.000000 0.000000 0.000000
461 1 13.227878 91.535372 8.483561 3.000000 3.000000 1.000000 1.197480
461 0.000000 0.000000 0.000000
462 1 12.336300 88.069138 174.657276 1.000000 1.000000 1.000000 0.983094
462 0.000000 0.000000 0.000000
463 1 2.703870 36.022684 172.353770 1.000000 1.000000 1.000000 0.983094
463 0.000000 0.000000 0.000000
465 1 26.127542 91.213470 40.138114 1.000000 1.000000 1.000000 0.983094
465 0.000000 0.000000 0.000000
466 1 42.192247 49.137747 14.664354 1.000000 1.000000 1.000000 0.983094
466 0.000000 0.000000 0.000000
468 1 49.762703 88.705980 86.560895 1.000000 1.000000 1.000000 0.983094
468 0.000000 0.000000 0.000000
469 1 27.658481 92.227299 1.676512 5.000000 5.000000 1.000000 1.263720
469 0.000000 0.000000 0.000000
471 1 79.453039 63.030031 114.404337 1.000000 1.000000 1.000000 0.983094
471 0.000000 0.000000 0.000000
472 1 76.077004 98.293435 136.626562 2.000000 2.000000 1.000000 1.127810
472 0.000000 0.000000 0.000000
473 1 32.322981 81.346823 51.193781 1.000000 1.000000 1.000000 0.983094
473 0.000000 0.000000 0.000000
474 1 93.192453 88.765477 173.772079 1.000000 1.000000 1.000000 0.983094
474 0.000000 0.000000 0.000000
476 1 37.643070 11.469220 120.850275 1.000000 1.000000 1.000000 0.983094
476 0.000000 0.000000 0.000000
477 1 80.885907 2.413038 196.778062 1.000000 1.000000 1.000000 0.983094
477 0.000000 0.000000 0.000000
478 1 3.354800 63.141764 114.575282 1.000000 1.000000 1.000000 0.983094
478 0.000000 0.000000 0.000000
481 1 80.845118 77.465802 192.196331 1.000000 1.000000 1.000000 0.983094
481 0.000000 0.000000 0.000000
484 1 54.790277 24.675058 57.311401 1.000000 1.000000 1.000000 0.983094
484 0.000000 0.000000 0.000000
485 1 82.567609 17.021406 174.173542 1.000000 1.000000 1.000000 0.983094
485 0.000000 0.000000 0.000000
486 1 40.583377 49.588130 88.922502 1.000000 1.000000 1.000000 0.983094
486 0.000000 0.000000 0.000000
487 1 67.112386 46.105152 183.704121 2.000000 2.000000 1.000000 1.127810
487 0.000000 0.000000 0.000000
488 1 14.471583 59.284436 101.934272 2.000000 2.000000 1.000000 1.127810
488 0.000000 0.000000 0.000000
489 1 79.286674 69.418498 56.899779 1.000000 1.000000 1.000000 0.983094
489 0.000000 0.000000 0.000000
490 1 90.016682 24.385209 155.943527 1.000000 1.000000 1.000000 0.983094
490 0.000000 0.000000 0.000000
491 1 66.254196 6.592451 107.527891 1.000000 1.000000 1.000000 0.983094
491 0.000000 0.000000 0.000000
492 1 70.266409 28.216825 9.116866 2.000000 2.000000 1.000000 1.127810
492 0.000000 0.000000 0.000000
493 1 73.947703 43.389250 33.321575 5.000000 5.000000 1.000000 1.263720
493 0.000000 0.000000 0.000000
496 1 76.202930 77.531526 197.872921 1.000000 1.000000 1.000000 0.983094
496 0.000000 0.000000 0.000000
497 1 32.084608 83.922529 30.544156 1.000000 1.000000 1.000000 0.983094
497 0.000000 0.000000 0.000000
498 1 28.279814 83.297000 173.125949 3.000000 3.000000 1.000000 1.197480
498 0.000000 0.000000 0.000000
