RESTART FILE
Timestep: 200

NUMBER OF PARTICLES
330

SIMULATION BOX
100 100 200

TIMESTEP
0.1

ATTRACTION RADIUS
25
0.983094 1.12781 1.19748 1.23785 1.26372 1.28133 1.2939 1.30312 1.31014 1.31562 1.32005 1.32351 1.32648 1.32881 1.33082 1.33244 1.33389 1.33515 1.3363 1.33723 1.33803 1.33868 1.33937 1.33991 1.34042 

AGGREGATES/BEADS
0 1 85.367807 53.012274 37.319135 1.000000 1.000000 1.000000 0.983094
0 0.000000 0.000000 0.000000
1 1 83.063679 19.333027 150.396336 2.000000 2.000000 1.000000 1.127810
1 0.000000 0.000000 0.000000
3 1 9.599954 64.691835 95.531738 1.000000 1.000000 1.000000 0.983094
3 0.000000 0.000000 0.000000
4 1 24.508688 88.524240 94.365860 1.000000 1.000000 1.000000 0.983094
4 0.000000 0.000000 0.000000
5 1 29.755292 50.067490 11.855267 3.000000 3.000000 1.000000 1.197480
5 0.000000 0.000000 0.000000
6 1 82.649423 2.703426 7.022362 1.000000 1.000000 1.000000 0.983094
6 0.000000 0.000000 0.000000
7 1 94.755861 2.234189 127.556299 1.000000 1.000000 1.000000 0.983094
7 0.000000 0.000000 0.000000
8 1 55.308844 18.526962 115.012494 4.000000 4.000000 1.000000 1.237850
8 0.000000 0.000000 0.000000
9 1 31.031075 20.633130 41.348887 1.000000 1.000000 1.000000 0.983094
9 0.000000 0.000000 0.000000
10 1 62.306956 16.985294 44.951326 1.000000 1.000000 1.000000 0.983094
10 0.000000 0.000000 0.000000
11 1 25.239865 48.561309 13.919544 1.000000 1.000000 1.000000 0.983094
11 0.000000 0.000000 0.000000
13 1 38.440799 62.735926 197.995312 1.000000 1.000000 1.000000 0.983094
13 0.000000 0.000000 0.000000
14 1 16.630855 25.844514 39.876049 1.000000 1.000000 1.000000 0.983094
14 0.000000 0.000000 0.000000
15 1 74.440183 62.386377 185.038097 1.000000 1.000000 1.000000 0.983094
15 0.000000 0.000000 0.000000
16 1 66.916046 60.422407 25.966952 1.000000 1.000000 1.000000 0.983094
16 0.000000 0.000000 0.000000
17 1 99.330864 92.698038 72.957474 1.000000 1.000000 1.000000 0.983094
17 0.000000 0.000000 0.000000
19 1 53.483695 48.629048 157.979369 1.000000 1.000000 1.000000 0.983094
19 0.000000 0.000000 0.000000
20 1 77.233877 21.975358 89.637454 2.000000 2.000000 1.000000 1.127810
20 0.000000 0.000000 0.000000
21 1 17.128169 23.805959 42.813346 1.000000 1.000000 1.000000 0.983094
21 0.000000 0.000000 0.000000
22 1 50.574400 46.774878 179.200029 1.000000 1.000000 1.000000 0.983094
22 0.000000 0.000000 0.000000
24 1 50.590875 63.486099 82.719056 1.000000 1.000000 1.000000 0.983094
24 0.000000 0.000000 0.000000
25 1 64.450255 60.711071 68.629678 1.000000 1.000000 1.000000 0.983094
25 0.000000 0.000000 0.000000
26 1 15.283569 8.166050 51.923662 1.000000 1.000000 1.000000 0.983094
26 0.000000 0.000000 0.000000
27 1 65.291684 83.970107 1.886175 3.000000 3.000000 1.000000 1.197480
27 0.000000 0.000000 0.000000
29 1 49.862975 33.962842 16.643315 1.000000 1.000000 1.000000 0.983094
29 0.000000 0.000000 0.000000
30 1 32.435674 49.562160 184.840649 1.000000 1.000000 1.000000 0.983094
30 0.000000 0.000000 0.000000
32 1 6.183619 69.271610 177.573663 1.000000 1.000000 1.000000 0.983094
32 0.000000 0.000000 0.000000
38 1 70.561289 64.257154 80.439414 3.000000 3.000000 1.000000 1.197480
38 0.000000 0.000000 0.000000
40 1 8.960231 1.478663 74.712439 1.000000 1.000000 1.000000 0.983094
40 0.000000 0.000000 0.000000
41 1 4.129810 16.817721 115.673719 1.000000 1.000000 1.000000 0.983094
41 0.000000 0.000000 0.000000
42 1 34.385517 72.215653 139.553298 3.000000 3.000000 1.000000 1.197480
42 0.000000 0.000000 0.000000
43 1 24.720052 76.013792 199.117877 3.000000 3.000000 1.000000 1.197480
43 0.000000 0.000000 0.000000
44 1 60.486386 69.835688 128.176318 1.000000 1.000000 1.000000 0.983094
44 0.000000 0.000000 0.000000
45 1 40.541895 5.774623 65.662260 1.000000 1.000000 1.000000 0.983094
45 0.000000 0.000000 0.000000
46 1 58.892923 91.500790 47.821209 3.000000 3.000000 1.000000 1.197480
46 0.000000 0.000000 0.000000
47 1 0.835916 84.979320 17.012116 1.000000 1.000000 1.000000 0.983094
47 0.000000 0.000000 0.000000
48 1 39.722499 18.747772 7.058593 4.000000 4.000000 1.000000 1.237850
48 0.000000 0.000000 0.000000
49 1 14.699598 51.523087 28.715857 1.000000 1.000000 1.000000 0.983094
49 0.000000 0.000000 0.000000
50 1 66.986174 71.855473 39.520930 2.000000 2.000000 1.000000 1.127810
50 0.000000 0.000000 0.000000
51 1 15.199429 40.991617 154.324372 2.000000 2.000000 1.000000 1.127810
51 0.000000 0.000000 0.000000
52 1 73.350840 89.948479 157.975780 1.000000 1.000000 1.000000 0.983094
52 0.000000 0.000000 0.000000
53 1 49.846089 95.885141 59.958153 3.000000 3.000000 1.000000 1.197480
53 0.000000 0.000000 0.000000
54 1 55.315652 83.036340 41.395251 1.000000 1.000000 1.000000 0.983094
54 0.000000 0.000000 0.000000
57 1 53.321226 81.504908 153.209388 1.000000 1.000000 1.000000 0.983094
57 0.000000 0.000000 0.000000
58 1 36.910806 63.676112 69.927853 3.000000 3.000000 1.000000 1.197480
58 0.000000 0.000000 0.000000
59 1 50.061138 83.830342 30.016833 1.000000 1.000000 1.000000 0.983094
59 0.000000 0.000000 0.000000
61 1 53.069540 88.772417 191.521627 2.000000 2.000000 1.000000 1.127810
61 0.000000 0.000000 0.000000
63 1 25.874860 27.787144 22.816747 2.000000 2.000000 1.000000 1.127810
63 0.000000 0.000000 0.000000
65 1 0.643663 77.527225 102.525598 1.000000 1.000000 1.000000 0.983094
65 0.000000 0.000000 0.000000
66 1 94.479387 48.113702 164.436995 2.000000 2.000000 1.000000 1.127810
66 0.000000 0.000000 0.000000
67 1 49.723980 33.305552 29.441604 1.000000 1.000000 1.000000 0.983094
67 0.000000 0.000000 0.000000
68 1 3.174009 46.730362 159.546011 1.000000 1.000000 1.000000 0.983094
68 0.000000 0.000000 0.000000
71 1 70.665374 54.298260 1.625770 1.000000 1.000000 1.000000 0.983094
71 0.000000 0.000000 0.000000
72 1 98.514448 65.701575 62.621573 2.000000 2.000000 1.000000 1.127810
72 0.000000 0.000000 0.000000
73 1 55.445654 51.378894 50.536795 5.000000 5.000000 1.000000 1.263720
73 0.000000 0.000000 0.000000
74 1 49.818232 86.800036 74.926866 1.000000 1.000000 1.000000 0.983094
74 0.000000 0.000000 0.000000
76 1 66.672285 30.836853 23.889188 1.000000 1.000000 1.000000 0.983094
76 0.000000 0.000000 0.000000
82 1 45.545013 95.317208 122.048517 1.000000 1.000000 1.000000 0.983094
82 0.000000 0.000000 0.000000
84 1 86.064785 35.128983 157.611418 1.000000 1.000000 1.000000 0.983094
84 0.000000 0.000000 0.000000
85 1 19.695859 8.927589 82.521266 1.000000 1.000000 1.000000 0.983094
85 0.000000 0.000000 0.000000
86 1 93.965748 1.105982 75.396365 1.000000 1.000000 1.000000 0.983094
86 0.000000 0.000000 0.000000
88 1 18.851161 97.440597 154.121733 2.000000 2.000000 1.000000 1.127810
88 0.000000 0.000000 0.000000
90 1 27.764690 83.000081 40.144641 3.000000 3.000000 1.000000 1.197480
90 0.000000 0.000000 0.000000
92 1 2.282311 76.841878 71.804596 1.000000 1.000000 1.000000 0.983094
92 0.000000 0.000000 0.000000
93 1 47.201868 87.796219 163.126947 2.000000 2.000000 1.000000 1.127810
93 0.000000 0.000000 0.000000
94 1 91.164000 85.676380 114.539011 5.000000 5.000000 1.000000 1.263720
94 0.000000 0.000000 0.000000
95 1 72.938627 16.084864 44.263170 2.000000 2.000000 1.000000 1.127810
95 0.000000 0.000000 0.000000
98 1 63.497679 50.143686 55.788086 2.000000 2.000000 1.000000 1.127810
98 0.000000 0.000000 0.000000
101 1 81.209132 12.949436 123.582954 1.000000 1.000000 1.000000 0.983094
101 0.000000 0.000000 0.000000
102 1 45.715871 57.599548 116.575977 3.000000 3.000000 1.000000 1.197480
102 0.000000 0.000000 0.000000
103 1 80.110152 59.778054 137.245395 3.000000 3.000000 1.000000 1.197480
103 0.000000 0.000000 0.000000
104 1 78.552109 97.873157 84.771644 1.000000 1.000000 1.000000 0.983094
104 0.000000 0.000000 0.000000
105 1 61.772188 30.810671 174.563947 2.000000 2.000000 1.000000 1.127810
105 0.000000 0.000000 0.000000
106 1 80.499317 25.340513 141.192204 2.000000 2.000000 1.000000 1.127810
106 0.000000 0.000000 0.000000
108 1 81.944902 30.363356 152.197325 1.000000 1.000000 1.000000 0.983094
108 0.000000 0.000000 0.000000
109 1 0.111538 8.359800 159.428876 2.000000 2.000000 1.000000 1.127810
109 0.000000 0.000000 0.000000
111 1 1.324455 3.450246 87.823733 2.000000 2.000000 1.000000 1.127810
111 0.000000 0.000000 0.000000
115 1 64.057930 39.005469 133.003132 1.000000 1.000000 1.000000 0.983094
115 0.000000 0.000000 0.000000
117 1 16.185860 70.585526 4.699335 2.000000 2.000000 1.000000 1.127810
117 0.000000 0.000000 0.000000
118 1 44.933768 3.142458 42.987604 1.000000 1.000000 1.000000 0.983094
118 0.000000 0.000000 0.000000
119 1 48.311643 46.347467 183.196309 1.000000 1.000000 1.000000 0.983094
119 0.000000 0.000000 0.000000
120 1 94.468796 62.175982 24.047671 1.000000 1.000000 1.000000 0.983094
120 0.000000 0.000000 0.000000
122 1 47.045900 21.234850 166.228689 1.000000 1.000000 1.000000 0.983094
122 0.000000 0.000000 0.000000
124 1 74.216420 72.200929 188.382500 1.000000 1.000000 1.000000 0.983094
124 0.000000 0.000000 0.000000
125 1 71.084639 30.418047 54.395343 1.000000 1.000000 1.000000 0.983094
125 0.000000 0.000000 0.000000
127 1 45.299020 30.797476 190.108865 1.000000 1.000000 1.000000 0.983094
127 0.000000 0.000000 0.000000
128 1 44.538353 17.494369 134.765491 1.000000 1.000000 1.000000 0.983094
128 0.000000 0.000000 0.000000
129 1 52.543438 69.467198 147.383010 2.000000 2.000000 1.000000 1.127810
129 0.000000 0.000000 0.000000
130 1 99.666744 95.828299 117.602270 1.000000 1.000000 1.000000 0.983094
130 0.000000 0.000000 0.000000
131 1 47.286604 78.968053 96.578497 3.000000 3.000000 1.000000 1.197480
131 0.000000 0.000000 0.000000
133 1 50.663814 8.992284 83.084131 2.000000 2.000000 1.000000 1.127810
133 0.000000 0.000000 0.000000
135 1 0.284204 92.220909 21.939940 2.000000 2.000000 1.000000 1.127810
135 0.000000 0.000000 0.000000
136 1 31.249595 47.157764 91.964020 1.000000 1.000000 1.000000 0.983094
136 0.000000 0.000000 0.000000
138 1 80.286801 83.656857 187.951806 1.000000 1.000000 1.000000 0.983094
138 0.000000 0.000000 0.000000
140 1 66.058197 78.860611 177.799469 2.000000 2.000000 1.000000 1.127810
140 0.000000 0.000000 0.000000
142 1 31.266476 21.571948 87.923355 1.000000 1.000000 1.000000 0.983094
142 0.000000 0.000000 0.000000
144 1 5.180693 54.791990 173.734508 1.000000 1.000000 1.000000 0.983094
144 0.000000 0.000000 0.000000
145 1 61.472896 83.598211 173.481245 1.000000 1.000000 1.000000 0.983094
145 0.000000 0.000000 0.000000
146 1 54.487997 75.883855 49.520294 3.000000 3.000000 1.000000 1.197480
146 0.000000 0.000000 0.000000
147 1 82.575262 28.612311 97.592427 3.000000 3.000000 1.000000 1.197480
147 0.000000 0.000000 0.000000
149 1 37.875370 24.530148 84.023479 1.000000 1.000000 1.000000 0.983094
149 0.000000 0.000000 0.000000
150 1 37.661739 32.518209 10.863896 4.000000 4.000000 1.000000 1.237850
150 0.000000 0.000000 0.000000
151 1 6.756802 67.723814 143.288221 2.000000 2.000000 1.000000 1.127810
151 0.000000 0.000000 0.000000
152 1 54.502481 60.847009 110.418350 1.000000 1.000000 1.000000 0.983094
152 0.000000 0.000000 0.000000
155 1 34.523793 45.574633 16.661004 1.000000 1.000000 1.000000 0.983094
155 0.000000 0.000000 0.000000
156 1 81.088352 92.429292 63.500988 2.000000 2.000000 1.000000 1.127810
156 0.000000 0.000000 0.000000
158 1 16.727114 29.262464 172.460261 1.000000 1.000000 1.000000 0.983094
158 0.000000 0.000000 0.000000
161 1 86.643225 41.074517 88.455188 1.000000 1.000000 1.000000 0.983094
161 0.000000 0.000000 0.000000
163 1 53.254737 10.254530 44.281723 1.000000 1.000000 1.000000 0.983094
163 0.000000 0.000000 0.000000
164 1 10.274356 14.385666 186.994607 1.000000 1.000000 1.000000 0.983094
164 0.000000 0.000000 0.000000
165 1 94.045984 32.449638 154.815922 2.000000 2.000000 1.000000 1.127810
165 0.000000 0.000000 0.000000
166 1 60.982952 68.570134 109.315704 1.000000 1.000000 1.000000 0.983094
166 0.000000 0.000000 0.000000
169 1 52.900978 42.139568 31.751909 2.000000 2.000000 1.000000 1.127810
169 0.000000 0.000000 0.000000
170 1 96.683136 48.857838 157.473142 1.000000 1.000000 1.000000 0.983094
170 0.000000 0.000000 0.000000
172 1 38.067510 98.960764 52.080015 2.000000 2.000000 1.000000 1.127810
172 0.000000 0.000000 0.000000
177 1 57.753202 35.856435 138.038084 1.000000 1.000000 1.000000 0.983094
177 0.000000 0.000000 0.000000
179 1 19.980470 68.934358 76.654241 2.000000 2.000000 1.000000 1.127810
179 0.000000 0.000000 0.000000
180 1 5.995122 90.684671 34.575330 1.000000 1.000000 1.000000 0.983094
180 0.000000 0.000000 0.000000
182 1 55.488281 62.491964 33.437983 1.000000 1.000000 1.000000 0.983094
182 0.000000 0.000000 0.000000
183 1 21.752167 7.861514 133.625716 2.000000 2.000000 1.000000 1.127810
183 0.000000 0.000000 0.000000
184 1 71.170793 16.070202 91.845466 1.000000 1.000000 1.000000 0.983094
184 0.000000 0.000000 0.000000
185 1 44.584803 96.465851 0.414205 2.000000 2.000000 1.000000 1.127810
185 0.000000 0.000000 0.000000
186 1 86.247532 44.285906 47.120485 1.000000 1.000000 1.000000 0.983094
186 0.000000 0.000000 0.000000
188 1 58.094186 87.941930 14.258493 1.000000 1.000000 1.000000 0.983094
188 0.000000 0.000000 0.000000
190 1 11.168208 61.710569 16.635282 1.000000 1.000000 1.000000 0.983094
190 0.000000 0.000000 0.000000
191 1 55.805375 67.656410 79.354596 1.000000 1.000000 1.000000 0.983094
191 0.000000 0.000000 0.000000
192 1 64.918905 76.758480 30.528107 1.000000 1.000000 1.000000 0.983094
192 0.000000 0.000000 0.000000
194 1 87.506907 25.473495 143.209830 1.000000 1.000000 1.000000 0.983094
194 0.000000 0.000000 0.000000
195 1 2.065871 44.585374 191.154884 1.000000 1.000000 1.000000 0.983094
195 0.000000 0.000000 0.000000
202 1 85.122500 98.519984 10.709574 1.000000 1.000000 1.000000 0.983094
202 0.000000 0.000000 0.000000
204 1 43.472895 12.760515 164.025163 2.000000 2.000000 1.000000 1.127810
204 0.000000 0.000000 0.000000
206 1 49.998581 7.519245 7.223631 3.000000 3.000000 1.000000 1.197480
206 0.000000 0.000000 0.000000
207 1 44.014583 73.575405 154.574980 1.000000 1.000000 1.000000 0.983094
207 0.000000 0.000000 0.000000
208 1 92.772861 2.103016 110.227808 1.000000 1.000000 1.000000 0.983094
208 0.000000 0.000000 0.000000
209 1 66.024355 47.581320 112.393316 4.000000 4.000000 1.000000 1.237850
209 0.000000 0.000000 0.000000
211 1 49.098012 36.809373 88.120444 1.000000 1.000000 1.000000 0.983094
211 0.000000 0.000000 0.000000
212 1 85.672744 28.970171 107.520705 1.000000 1.000000 1.000000 0.983094
212 0.000000 0.000000 0.000000
214 1 51.711722 33.063021 5.141178 1.000000 1.000000 1.000000 0.983094
214 0.000000 0.000000 0.000000
215 1 16.726577 30.568030 55.071913 1.000000 1.000000 1.000000 0.983094
215 0.000000 0.000000 0.000000
217 1 47.181373 32.188276 184.058666 1.000000 1.000000 1.000000 0.983094
217 0.000000 0.000000 0.000000
218 1 45.548691 62.843607 137.961643 2.000000 2.000000 1.000000 1.127810
218 0.000000 0.000000 0.000000
219 1 87.083022 86.005304 38.823195 2.000000 2.000000 1.000000 1.127810
219 0.000000 0.000000 0.000000
220 1 99.273685 72.819648 83.271405 2.000000 2.000000 1.000000 1.127810
220 0.000000 0.000000 0.000000
221 1 23.604566 25.345833 158.136329 1.000000 1.000000 1.000000 0.983094
221 0.000000 0.000000 0.000000
223 1 83.324481 52.116596 157.627279 1.000000 1.000000 1.000000 0.983094
223 0.000000 0.000000 0.000000
224 1 49.395712 4.284787 186.169943 1.000000 1.000000 1.000000 0.983094
224 0.000000 0.000000 0.000000
225 1 17.256082 15.253358 127.117360 1.000000 1.000000 1.000000 0.983094
225 0.000000 0.000000 0.000000
226 1 16.931254 3.715149 32.131204 2.000000 2.000000 1.000000 1.127810
226 0.000000 0.000000 0.000000
227 1 48.325526 1.665768 178.454412 3.000000 3.000000 1.000000 1.197480
227 0.000000 0.000000 0.000000
228 1 41.444820 46.729047 54.835701 1.000000 1.000000 1.000000 0.983094
228 0.000000 0.000000 0.000000
229 1 67.545487 80.908042 17.652834 3.000000 3.000000 1.000000 1.197480
229 0.000000 0.000000 0.000000
232 1 6.080773 60.294055 72.053375 1.000000 1.000000 1.000000 0.983094
232 0.000000 0.000000 0.000000
234 1 33.068979 19.003780 126.851968 3.000000 3.000000 1.000000 1.197480
234 0.000000 0.000000 0.000000
235 1 83.196735 83.275302 4.389868 1.000000 1.000000 1.000000 0.983094
235 0.000000 0.000000 0.000000
236 1 50.863009 23.927418 15.309566 1.000000 1.000000 1.000000 0.983094
236 0.000000 0.000000 0.000000
237 1 23.066555 98.523002 53.595659 1.000000 1.000000 1.000000 0.983094
237 0.000000 0.000000 0.000000
238 1 38.439776 52.194936 112.245763 2.000000 2.000000 1.000000 1.127810
238 0.000000 0.000000 0.000000
239 1 1.493022 94.996173 188.921608 4.000000 4.000000 1.000000 1.237850
239 0.000000 0.000000 0.000000
240 1 29.344096 34.912445 71.899566 1.000000 1.000000 1.000000 0.983094
240 0.000000 0.000000 0.000000
241 1 86.517895 45.517051 51.191729 1.000000 1.000000 1.000000 0.983094
241 0.000000 0.000000 0.000000
243 1 8.007814 9.698642 80.901779 1.000000 1.000000 1.000000 0.983094
243 0.000000 0.000000 0.000000
244 1 88.307131 73.876369 85.054933 2.000000 2.000000 1.000000 1.127810
244 0.000000 0.000000 0.000000
245 1 12.212554 94.790966 10.473484 1.000000 1.000000 1.000000 0.983094
245 0.000000 0.000000 0.000000
246 1 63.214434 17.610585 101.169967 2.000000 2.000000 1.000000 1.127810
246 0.000000 0.000000 0.000000
247 1 38.439507 9.437595 148.328605 1.000000 1.000000 1.000000 0.983094
247 0.000000 0.000000 0.000000
249 1 41.435158 72.052218 16.688653 1.000000 1.000000 1.000000 0.983094
249 0.000000 0.000000 0.000000
250 1 99.868468 8.123807 121.499969 1.000000 1.000000 1.000000 0.983094
250 0.000000 0.000000 0.000000
252 1 78.278162 37.494484 51.020670 1.000000 1.000000 1.000000 0.983094
252 0.000000 0.000000 0.000000
254 1 68.174256 20.645194 182.967827 1.000000 1.000000 1.000000 0.983094
254 0.000000 0.000000 0.000000
255 1 90.392339 35.640169 49.292785 2.000000 2.000000 1.000000 1.127810
255 0.000000 0.000000 0.000000
257 1 95.416102 56.995425 42.567297 1.000000 1.000000 1.000000 0.983094
257 0.000000 0.000000 0.000000
258 1 42.900105 97.436839 145.940280 1.000000 1.000000 1.000000 0.983094
258 0.000000 0.000000 0.000000
260 1 94.304934 46.284875 158.266312 1.000000 1.000000 1.000000 0.983094
260 0.000000 0.000000 0.000000
261 1 21.481492 14.156978 4.082705 1.000000 1.000000 1.000000 0.983094
261 0.000000 0.000000 0.000000
263 1 45.569923 83.843548 199.433228 2.000000 2.000000 1.000000 1.127810
263 0.000000 0.000000 0.000000
264 1 17.877867 70.614637 23.044360 1.000000 1.000000 1.000000 0.983094
264 0.000000 0.000000 0.000000
265 1 95.932918 70.193533 48.850540 1.000000 1.000000 1.000000 0.983094
265 0.000000 0.000000 0.000000
266 1 39.228222 17.878467 5.590359 1.000000 1.000000 1.000000 0.983094
266 0.000000 0.000000 0.000000
268 1 90.156102 43.099314 187.007071 1.000000 1.000000 1.000000 0.983094
268 0.000000 0.000000 0.000000
275 1 97.202799 19.633160 98.372012 2.000000 2.000000 1.000000 1.127810
275 0.000000 0.000000 0.000000
276 1 42.782771 54.331364 95.547235 2.000000 2.000000 1.000000 1.127810
276 0.000000 0.000000 0.000000
277 1 93.959739 31.797256 141.487997 4.000000 4.000000 1.000000 1.237850
277 0.000000 0.000000 0.000000
282 1 4.643734 67.066023 35.225121 1.000000 1.000000 1.000000 0.983094
282 0.000000 0.000000 0.000000
283 1 60.734922 38.029064 76.420565 1.000000 1.000000 1.000000 0.983094
283 0.000000 0.000000 0.000000
284 1 2.913665 24.904978 196.815858 1.000000 1.000000 1.000000 0.983094
284 0.000000 0.000000 0.000000
285 1 37.978981 27.101691 82.718715 2.000000 2.000000 1.000000 1.127810
285 0.000000 0.000000 0.000000
286 1 46.310371 78.371876 49.066627 3.000000 3.000000 1.000000 1.197480
286 0.000000 0.000000 0.000000
287 1 78.988781 63.311955 23.501544 2.000000 2.000000 1.000000 1.127810
287 0.000000 0.000000 0.000000
290 1 48.325961 14.924639 84.951185 1.000000 1.000000 1.000000 0.983094
290 0.000000 0.000000 0.000000
291 1 48.096213 94.377996 42.577559 1.000000 1.000000 1.000000 0.983094
291 0.000000 0.000000 0.000000
292 1 79.232120 84.255939 103.560748 1.000000 1.000000 1.000000 0.983094
292 0.000000 0.000000 0.000000
293 1 18.793636 82.082844 119.074572 3.000000 3.000000 1.000000 1.197480
293 0.000000 0.000000 0.000000
294 1 36.123028 42.880058 84.486062 3.000000 3.000000 1.000000 1.197480
294 0.000000 0.000000 0.000000
295 1 7.112988 34.656969 152.993935 1.000000 1.000000 1.000000 0.983094
295 0.000000 0.000000 0.000000
296 1 0.727122 84.710463 77.580347 1.000000 1.000000 1.000000 0.983094
296 0.000000 0.000000 0.000000
297 1 43.116951 11.699138 12.091551 1.000000 1.000000 1.000000 0.983094
297 0.000000 0.000000 0.000000
298 1 61.344722 13.210221 107.506745 3.000000 3.000000 1.000000 1.197480
298 0.000000 0.000000 0.000000
300 1 81.166681 66.399903 35.405350 2.000000 2.000000 1.000000 1.127810
300 0.000000 0.000000 0.000000
302 1 79.382608 26.148356 179.083410 2.000000 2.000000 1.000000 1.127810
302 0.000000 0.000000 0.000000
303 1 43.362323 70.377403 169.692118 1.000000 1.000000 1.000000 0.983094
303 0.000000 0.000000 0.000000
304 1 24.198728 97.477740 23.359155 2.000000 2.000000 1.000000 1.127810
304 0.000000 0.000000 0.000000
305 1 41.983681 33.317158 125.152174 1.000000 1.000000 1.000000 0.983094
305 0.000000 0.000000 0.000000
309 1 16.603959 9.105835 175.739824 1.000000 1.000000 1.000000 0.983094
309 0.000000 0.000000 0.000000
311 1 56.865475 81.433284 153.196164 1.000000 1.000000 1.000000 0.983094
311 0.000000 0.000000 0.000000
312 1 41.683926 28.659559 50.407193 1.000000 1.000000 1.000000 0.983094
312 0.000000 0.000000 0.000000
314 1 75.202967 99.139733 36.602346 1.000000 1.000000 1.000000 0.983094
314 0.000000 0.000000 0.000000
315 1 67.444373 27.305790 81.508066 1.000000 1.000000 1.000000 0.983094
315 0.000000 0.000000 0.000000
319 1 15.077503 63.751854 121.810733 2.000000 2.000000 1.000000 1.127810
319 0.000000 0.000000 0.000000
320 1 46.739466 23.070318 124.383002 1.000000 1.000000 1.000000 0.983094
320 0.000000 0.000000 0.000000
321 1 81.760029 5.270654 97.381822 1.000000 1.000000 1.000000 0.983094
321 0.000000 0.000000 0.000000
323 1 74.917714 35.879818 125.104726 1.000000 1.000000 1.000000 0.983094
323 0.000000 0.000000 0.000000
324 1 35.285448 81.163912 46.980396 2.000000 2.000000 1.000000 1.127810
324 0.000000 0.000000 0.000000
326 1 72.751129 79.163311 10.102209 2.000000 2.000000 1.000000 1.127810
326 0.000000 0.000000 0.000000
327 1 94.710545 84.267770 180.919597 1.000000 1.000000 1.000000 0.983094
327 0.000000 0.000000 0.000000
328 1 33.047796 42.703216 168.790718 3.000000 3.000000 1.000000 1.197480
328 0.000000 0.000000 0.000000
329 1 13.684062 82.038636 108.297238 2.000000 2.000000 1.000000 1.127810
329 0.000000 0.000000 0.000000
332 1 28.572773 40.926497 184.952145 1.000000 1.000000 1.000000 0.983094
332 0.000000 0.000000 0.000000
333 1 68.347311 24.737408 32.154859 1.000000 1.000000 1.000000 0.983094
333 0.000000 0.000000 0.000000
337 1 39.794551 67.931934 102.820627 1.000000 1.000000 1.000000 0.983094
337 0.000000 0.000000 0.000000
338 1 48.482310 15.701835 146.307356 2.000000 2.000000 1.000000 1.127810
338 0.000000 0.000000 0.000000
339 1 1.157117 41.427057 65.714927 2.000000 2.000000 1.000000 1.127810
339 0.000000 0.000000 0.000000
342 1 83.923488 58.277650 17.106198 3.000000 3.000000 1.000000 1.197480
342 0.000000 0.000000 0.000000
343 1 97.708811 48.143672 94.090002 1.000000 1.000000 1.000000 0.983094
343 0.000000 0.000000 0.000000
344 1 89.133884 71.523685 39.959056 1.000000 1.000000 1.000000 0.983094
344 0.000000 0.000000 0.000000
345 1 37.633489 35.216125 153.845944 2.000000 2.000000 1.000000 1.127810
345 0.000000 0.000000 0.000000
346 1 33.462172 39.250993 39.135642 1.000000 1.000000 1.000000 0.983094
346 0.000000 0.000000 0.000000
349 1 61.903311 8.553398 139.578956 1.000000 1.000000 1.000000 0.983094
349 0.000000 0.000000 0.000000
350 1 3.072823 56.678715 58.603507 1.000000 1.000000 1.000000 0.983094
350 0.000000 0.000000 0.000000
351 1 28.284771 31.118568 175.514242 1.000000 1.000000 1.000000 0.983094
351 0.000000 0.000000 0.000000
352 1 48.801007 92.519648 120.376192 1.000000 1.000000 1.000000 0.983094
352 0.000000 0.000000 0.000000
353 1 42.895274 46.612345 146.911076 1.000000 1.000000 1.000000 0.983094
353 0.000000 0.000000 0.000000
355 1 72.215195 56.593168 113.954523 3.000000 3.000000 1.000000 1.197480
355 0.000000 0.000000 0.000000
357 1 34.514300 63.243568 36.426427 1.000000 1.000000 1.000000 0.983094
357 0.000000 0.000000 0.000000
358 1 53.934475 36.063371 110.606554 1.000000 1.000000 1.000000 0.983094
358 0.000000 0.000000 0.000000
360 1 80.618665 70.446623 198.834818 2.000000 2.000000 1.000000 1.127810
360 0.000000 0.000000 0.000000
361 1 0.695326 34.691553 113.028670 1.000000 1.000000 1.000000 0.983094
361 0.000000 0.000000 0.000000
362 1 66.930692 57.357050 140.172663 1.000000 1.000000 1.000000 0.983094
362 0.000000 0.000000 0.000000
363 1 26.117334 91.341650 27.513811 1.000000 1.000000 1.000000 0.983094
363 0.000000 0.000000 0.000000
365 1 35.652556 64.268780 176.495076 1.000000 1.000000 1.000000 0.983094
365 0.000000 0.000000 0.000000
367 1 42.848853 56.837790 59.544017 1.000000 1.000000 1.000000 0.983094
367 0.000000 0.000000 0.000000
368 1 71.345365 64.714745 142.203560 2.000000 2.000000 1.000000 1.127810
368 0.000000 0.000000 0.000000
370 1 43.583882 27.779109 135.199661 1.000000 1.000000 1.000000 0.983094
370 0.000000 0.000000 0.000000
372 1 79.800305 31.235232 156.737090 1.000000 1.000000 1.000000 0.983094
372 0.000000 0.000000 0.000000
373 1 72.915740 86.691276 121.134843 1.000000 1.000000 1.000000 0.983094
373 0.000000 0.000000 0.000000
374 1 23.372901 76.625210 185.807192 1.000000 1.000000 1.000000 0.983094
374 0.000000 0.000000 0.000000
375 1 60.737115 43.433323 163.696071 3.000000 3.000000 1.000000 1.197480
375 0.000000 0.000000 0.000000
376 1 2.316582 60.758499 173.417711 1.000000 1.000000 1.000000 0.983094
376 0.000000 0.000000 0.000000
377 1 6.213137 99.223699 105.042974 1.000000 1.000000 1.000000 0.983094
377 0.000000 0.000000 0.000000
378 1 68.289712 61.873162 80.728169 1.000000 1.000000 1.000000 0.983094
378 0.000000 0.000000 0.000000
379 1 59.608269 7.173483 79.328447 1.000000 1.000000 1.000000 0.983094
379 0.000000 0.000000 0.000000
381 1 18.246452 29.080496 73.891182 1.000000 1.000000 1.000000 0.983094
381 0.000000 0.000000 0.000000
382 1 8.884784 84.806476 158.746200 2.000000 2.000000 1.000000 1.127810
382 0.000000 0.000000 0.000000
383 1 91.663416 2.462718 164.779265 1.000000 1.000000 1.000000 0.983094
383 0.000000 0.000000 0.000000
384 1 39.026517 89.418853 101.361988 1.000000 1.000000 1.000000 0.983094
384 0.000000 0.000000 0.000000
385 1 30.804715 18.351136 129.632240 1.000000 1.000000 1.000000 0.983094
385 0.000000 0.000000 0.000000
386 1 32.679846 0.096254 36.942566 2.000000 2.000000 1.000000 1.127810
386 0.000000 0.000000 0.000000
387 1 93.917653 14.390036 10.764111 3.000000 3.000000 1.000000 1.197480
387 0.000000 0.000000 0.000000
388 1 79.963059 84.389993 197.314475 3.000000 3.000000 1.000000 1.197480
388 0.000000 0.000000 0.000000
389 1 13.533159 50.888487 151.599689 1.000000 1.000000 1.000000 0.983094
389 0.000000 0.000000 0.000000
390 1 60.263829 98.264084 27.787864 1.000000 1.000000 1.000000 0.983094
390 0.000000 0.000000 0.000000
391 1 8.757987 1.099133 48.321427 2.000000 2.000000 1.000000 1.127810
391 0.000000 0.000000 0.000000
393 1 0.797662 80.857900 140.593348 1.000000 1.000000 1.000000 0.983094
393 0.000000 0.000000 0.000000
394 1 63.325673 90.431621 2.636505 1.000000 1.000000 1.000000 0.983094
394 0.000000 0.000000 0.000000
397 1 38.553445 22.199744 90.621284 1.000000 1.000000 1.000000 0.983094
397 0.000000 0.000000 0.000000
400 1 76.469324 49.467337 27.524352 1.000000 1.000000 1.000000 0.983094
400 0.000000 0.000000 0.000000
401 1 59.845534 11.496994 15.461821 1.000000 1.000000 1.000000 0.983094
401 0.000000 0.000000 0.000000
405 1 81.057189 28.846633 27.090144 1.000000 1.000000 1.000000 0.983094
405 0.000000 0.000000 0.000000
406 1 68.061796 14.827375 126.193365 3.000000 3.000000 1.000000 1.197480
406 0.000000 0.000000 0.000000
407 1 81.748656 2.323952 199.503283 1.000000 1.000000 1.000000 0.983094
407 0.000000 0.000000 0.000000
408 1 6.949355 26.005620 99.772736 1.000000 1.000000 1.000000 0.983094
408 0.000000 0.000000 0.000000
409 1 25.990062 33.130477 126.752977 1.000000 1.000000 1.000000 0.983094
409 0.000000 0.000000 0.000000
412 1 50.736360 74.243065 144.551266 1.000000 1.000000 1.000000 0.983094
412 0.000000 0.000000 0.000000
413 1 89.746744 20.347560 18.459457 1.000000 1.000000 1.000000 0.983094
413 0.000000 0.000000 0.000000
414 1 2.801178 75.960658 58.601758 2.000000 2.000000 1.000000 1.127810
414 0.000000 0.000000 0.000000
415 1 2.859695 96.050483 70.610006 1.000000 1.000000 1.000000 0.983094
415 0.000000 0.000000 0.000000
417 1 79.991720 13.460887 131.972046 3.000000 3.000000 1.000000 1.197480
417 0.000000 0.000000 0.000000
418 1 33.695702 5.561092 33.393691 3.000000 3.000000 1.000000 1.197480
418 0.000000 0.000000 0.000000
419 1 87.406878 69.901301 82.760812 1.000000 1.000000 1.000000 0.983094
419 0.000000 0.000000 0.000000
420 1 60.990628 48.253046 62.805925 1.000000 1.000000 1.000000 0.983094
420 0.000000 0.000000 0.000000
421 1 51.683948 20.023996 181.809276 1.000000 1.000000 1.000000 0.983094
421 0.000000 0.000000 0.000000
422 1 27.803090 3.675383 180.824808 1.000000 1.000000 1.000000 0.983094
422 0.000000 0.000000 0.000000
427 1 21.296065 32.313090 153.365272 1.000000 1.000000 1.000000 0.983094
427 0.000000 0.000000 0.000000
428 1 91.824168 48.321658 78.761364 2.000000 2.000000 1.000000 1.127810
428 0.000000 0.000000 0.000000
429 1 49.124368 68.198379 172.247359 1.000000 1.000000 1.000000 0.983094
429 0.000000 0.000000 0.000000
430 1 38.775134 67.618320 13.034311 2.000000 2.000000 1.000000 1.127810
430 0.000000 0.000000 0.000000
431 1 20.123028 45.009788 78.516328 2.000000 2.000000 1.000000 1.127810
431 0.000000 0.000000 0.000000
432 1 50.050613 87.558347 46.716380 1.000000 1.000000 1.000000 0.983094
432 0.000000 0.000000 0.000000
434 1 89.443204 36.137693 85.831166 2.000000 2.000000 1.000000 1.127810
434 0.000000 0.000000 0.000000
435 1 47.453388 68.962914 189.624093 1.000000 1.000000 1.000000 0.983094
435 0.000000 0.000000 0.000000
437 1 54.833269 21.326901 162.325294 1.000000 1.000000 1.000000 0.983094
437 0.000000 0.000000 0.000000
439 1 34.756413 11.748389 53.171674 1.000000 1.000000 1.000000 0.983094
439 0.000000 0.000000 0.000000
440 1 25.790865 86.749868 97.382019 2.000000 2.000000 1.000000 1.127810
440 0.000000 0.000000 0.000000
443 1 54.397231 66.377737 128.993241 1.000000 1.000000 1.000000 0.983094
443 0.000000 0.000000 0.000000
444 1 55.733912 72.879564 84.392147 1.000000 1.000000 1.000000 0.983094
444 0.000000 0.000000 0.000000
447 1 14.414854 8.360384 112.420048 3.000000 3.000000 1.000000 1.197480
447 0.000000 0.000000 0.000000
448 1 81.386649 14.583105 121.477960 1.000000 1.000000 1.000000 0.983094
448 0.000000 0.000000 0.000000
450 1 31.741217 33.916299 174.519349 1.000000 1.000000 1.000000 0.983094
450 0.000000 0.000000 0.000000
451 1 53.737554 27.091702 197.344481 1.000000 1.000000 1.000000 0.983094
451 0.000000 0.000000 0.000000
452 1 75.718029 85.556066 28.159984 1.000000 1.000000 1.000000 0.983094
452 0.000000 0.000000 0.000000
454 1 24.924275 33.782671 137.074958 1.000000 1.000000 1.000000 0.983094
454 0.000000 0.000000 0.000000
456 1 98.188109 7.239532 86.102990 1.000000 1.000000 1.000000 0.983094
456 0.000000 0.000000 0.000000
457 1 95.446471 32.435016 164.595211 1.000000 1.000000 1.000000 0.983094
457 0.000000 0.000000 0.000000
458 1 98.601505 69.201421 45.025799 1.000000 1.000000 1.000000 0.983094
458 0.000000 0.000000 0.000000
460 1 43.789091 15.560035 47.833766 1.000000 1.000000 1.000000 0.983094
460 0.000000 0.000000 0.000000
461 1 12.919793 89.286005 195.902037 3.000000 3.000000 1.000000 1.197480
461 0.000000 0.000000 0.000000
462 1 16.462275 90.687379 180.633869 1.000000 1.000000 1.000000 0.983094
462 0.000000 0.000000 0.000000
463 1 97.251820 35.121050 174.906681 1.000000 1.000000 1.000000 0.983094
463 0.000000 0.000000 0.000000
465 1 28.999286 91.757653 30.449229 1.000000 1.000000 1.000000 0.983094
465 0.000000 0.000000 0.000000
466 1 38.079883 44.519021 19.289445 1.000000 1.000000 1.000000 0.983094
466 0.000000 0.000000 0.000000
468 1 56.125162 88.588037 92.007439 1.000000 1.000000 1.000000 0.983094
468 0.000000 0.000000 0.000000
469 1 30.708197 91.515664 0.727720 5.000000 5.000000 1.000000 1.263720
469 0.000000 0.000000 0.000000
471 1 83.908016 66.228740 112.902515 1.000000 1.000000 1.000000 0.983094
471 0.000000 0.000000 0.000000
472 1 66.960233 88.810449 136.138983 2.000000 2.000000 1.000000 1.127810
472 0.000000 0.000000 0.000000
473 1 24.630247 85.241432 53.316601 1.000000 1.000000 1.000000 0.983094
473 0.000000 0.000000 0.000000
474 1 94.836879 80.950319 171.559106 1.000000 1.000000 1.000000 0.983094
474 0.000000 0.000000 0.000000
476 1 37.929247 9.161255 117.358791 1.000000 1.000000 1.000000 0.983094
476 0.000000 0.000000 0.000000
477 1 78.097005 93.967467 192.080235 1.000000 1.000000 1.000000 0.983094
477 0.000000 0.000000 0.000000
478 1 4.312461 58.527743 118.395114 1.000000 1.000000 1.000000 0.983094
478 0.000000 0.000000 0.000000
481 1 81.530102 74.292936 193.557851 1.000000 1.000000 1.000000 0.983094
481 0.000000 0.000000 0.000000
484 1 55.339829 12.723132 50.747202 1.000000 1.000000 1.000000 0.983094
484 0.000000 0.000000 0.000000
485 1 93.774641 18.222401 179.154632 1.000000 1.000000 1.000000 0.983094
485 0.000000 0.000000 0.000000
486 1 41.869431 50.215235 82.672887 1.000000 1.000000 1.000000 0.983094
486 0.000000 0.000000 0.000000
487 1 71.424064 45.100989 182.195640 2.000000 2.000000 1.000000 1.127810
487 0.000000 0.000000 0.000000
488 1 8.304268 57.254230 99.207945 2.000000 2.000000 1.000000 1.127810
488 0.000000 0.000000 0.000000
489 1 84.786916 69.671098 55.982973 1.000000 1.000000 1.000000 0.983094
489 0.000000 0.000000 0.000000
492 1 64.712202 34.566113 4.986292 2.000000 2.000000 1.000000 1.127810
492 0.000000 0.000000 0.000000
493 1 74.621636 45.427279 34.494228 5.000000 5.000000 1.000000 1.263720
493 0.000000 0.000000 0.000000
496 1 78.147779 77.909583 0.739022 1.000000 1.000000 1.000000 0.983094
496 0.000000 0.000000 0.000000
497 1 29.083710 80.223978 30.764905 1.000000 1.000000 1.000000 0.983094
497 0.000000 0.000000 0.000000
498 1 34.040509 83.632503 172.603120 3.000000 3.000000 1.000000 1.197480
498 0.000000 0.000000 0.000000
