RESTART FILE
Timestep: 1000

NUMBER OF PARTICLES
342

SIMULATION BOX
100 100 200

TIMESTEP
0.1

ATTRACTION RADIUS
25
0.983094 1.12781 1.19748 1.23785 1.26372 1.28133 1.2939 1.30312 1.31014 1.31562 1.32005 1.32351 1.32648 1.32881 1.33082 1.33244 1.33389 1.33515 1.3363 1.33723 1.33803 1.33868 1.33937 1.33991 1.34042 

AGGREGATES/BEADS
0 1 96.545191 47.867028 41.254139 1.000000 1.000000 1.000000 0.983094
0 0.000000 0.000000 0.000000
1 1 79.128764 1.016227 151.583960 1.000000 1.000000 1.000000 0.983094
1 0.000000 0.000000 0.000000
3 1 7.126555 66.550626 100.144443 1.000000 1.000000 1.000000 0.983094
3 0.000000 0.000000 0.000000
4 1 35.041457 78.951107 92.791016 1.000000 1.000000 1.000000 0.983094
4 0.000000 0.000000 0.000000
5 1 22.402773 41.314595 13.572497 3.000000 3.000000 1.000000 1.197480
5 0.000000 0.000000 0.000000
6 1 72.040390 13.895098 196.860259 1.000000 1.000000 1.000000 0.983094
6 0.000000 0.000000 0.000000
7 1 89.130662 4.676324 125.511636 1.000000 1.000000 1.000000 0.983094
7 0.000000 0.000000 0.000000
8 1 56.937414 22.468281 114.690233 4.000000 4.000000 1.000000 1.237850
8 0.000000 0.000000 0.000000
9 1 34.052505 20.241080 45.646757 1.000000 1.000000 1.000000 0.983094
9 0.000000 0.000000 0.000000
10 1 63.049275 12.763968 43.664079 1.000000 1.000000 1.000000 0.983094
10 0.000000 0.000000 0.000000
11 1 26.725248 45.950060 16.473726 1.000000 1.000000 1.000000 0.983094
11 0.000000 0.000000 0.000000
13 1 55.074487 59.141425 2.435210 1.000000 1.000000 1.000000 0.983094
13 0.000000 0.000000 0.000000
14 1 23.773381 29.950612 38.285380 1.000000 1.000000 1.000000 0.983094
14 0.000000 0.000000 0.000000
15 1 71.423165 52.301010 180.458849 1.000000 1.000000 1.000000 0.983094
15 0.000000 0.000000 0.000000
16 1 58.868662 58.474372 21.890634 1.000000 1.000000 1.000000 0.983094
16 0.000000 0.000000 0.000000
17 1 89.123504 1.509403 84.751586 1.000000 1.000000 1.000000 0.983094
17 0.000000 0.000000 0.000000
19 1 57.755903 50.244299 157.436442 1.000000 1.000000 1.000000 0.983094
19 0.000000 0.000000 0.000000
20 1 75.262996 27.575750 91.606284 2.000000 2.000000 1.000000 1.127810
20 0.000000 0.000000 0.000000
21 1 7.475938 21.988316 44.714174 1.000000 1.000000 1.000000 0.983094
21 0.000000 0.000000 0.000000
22 1 46.155252 35.813046 171.935646 1.000000 1.000000 1.000000 0.983094
22 0.000000 0.000000 0.000000
24 1 48.013891 65.602753 100.097685 1.000000 1.000000 1.000000 0.983094
24 0.000000 0.000000 0.000000
25 1 62.493761 69.866756 73.296138 1.000000 1.000000 1.000000 0.983094
25 0.000000 0.000000 0.000000
26 1 9.450685 21.741138 44.792376 1.000000 1.000000 1.000000 0.983094
26 0.000000 0.000000 0.000000
27 1 59.257032 83.247562 198.153961 3.000000 3.000000 1.000000 1.197480
27 0.000000 0.000000 0.000000
29 1 53.695266 27.398984 28.045524 1.000000 1.000000 1.000000 0.983094
29 0.000000 0.000000 0.000000
30 1 39.962887 46.932867 189.371382 1.000000 1.000000 1.000000 0.983094
30 0.000000 0.000000 0.000000
31 1 36.706541 24.796040 10.291969 3.000000 3.000000 1.000000 1.197480
31 0.000000 0.000000 0.000000
32 1 4.938846 62.781269 178.061702 1.000000 1.000000 1.000000 0.983094
32 0.000000 0.000000 0.000000
38 1 71.298297 64.459076 83.602872 3.000000 3.000000 1.000000 1.197480
38 0.000000 0.000000 0.000000
39 1 48.096091 78.970814 190.405607 1.000000 1.000000 1.000000 0.983094
39 0.000000 0.000000 0.000000
40 1 98.271983 1.861021 83.275921 1.000000 1.000000 1.000000 0.983094
40 0.000000 0.000000 0.000000
41 1 87.087557 15.323271 112.573745 1.000000 1.000000 1.000000 0.983094
41 0.000000 0.000000 0.000000
42 1 34.394686 66.348011 137.792239 3.000000 3.000000 1.000000 1.197480
42 0.000000 0.000000 0.000000
43 1 26.792737 78.404414 191.104525 3.000000 3.000000 1.000000 1.197480
43 0.000000 0.000000 0.000000
44 1 62.734920 68.441657 118.622002 1.000000 1.000000 1.000000 0.983094
44 0.000000 0.000000 0.000000
45 1 37.076099 2.954704 67.494333 1.000000 1.000000 1.000000 0.983094
45 0.000000 0.000000 0.000000
46 1 54.183935 90.928980 40.942958 3.000000 3.000000 1.000000 1.197480
46 0.000000 0.000000 0.000000
47 1 12.171113 81.229692 28.579876 1.000000 1.000000 1.000000 0.983094
47 0.000000 0.000000 0.000000
48 1 38.634952 18.860335 12.311876 4.000000 4.000000 1.000000 1.237850
48 0.000000 0.000000 0.000000
49 1 5.339976 58.128060 25.527906 1.000000 1.000000 1.000000 0.983094
49 0.000000 0.000000 0.000000
50 1 64.714989 75.561451 43.088162 2.000000 2.000000 1.000000 1.127810
50 0.000000 0.000000 0.000000
51 1 15.717855 40.215368 146.421068 1.000000 1.000000 1.000000 0.983094
51 0.000000 0.000000 0.000000
52 1 60.863448 93.343708 155.680735 1.000000 1.000000 1.000000 0.983094
52 0.000000 0.000000 0.000000
53 1 49.638318 96.949202 68.360336 3.000000 3.000000 1.000000 1.197480
53 0.000000 0.000000 0.000000
54 1 60.446714 84.800051 41.853939 1.000000 1.000000 1.000000 0.983094
54 0.000000 0.000000 0.000000
57 1 51.902866 86.659347 156.224682 1.000000 1.000000 1.000000 0.983094
57 0.000000 0.000000 0.000000
58 1 36.527283 65.508976 64.669273 3.000000 3.000000 1.000000 1.197480
58 0.000000 0.000000 0.000000
59 1 45.024736 81.042217 27.358688 1.000000 1.000000 1.000000 0.983094
59 0.000000 0.000000 0.000000
61 1 51.802197 89.892625 194.280715 1.000000 1.000000 1.000000 0.983094
61 0.000000 0.000000 0.000000
63 1 17.446199 35.309460 31.821882 2.000000 2.000000 1.000000 1.127810
63 0.000000 0.000000 0.000000
65 1 5.629217 81.738295 108.464821 1.000000 1.000000 1.000000 0.983094
65 0.000000 0.000000 0.000000
66 1 94.804295 52.446093 171.370722 2.000000 2.000000 1.000000 1.127810
66 0.000000 0.000000 0.000000
67 1 62.751234 28.527076 25.366435 1.000000 1.000000 1.000000 0.983094
67 0.000000 0.000000 0.000000
68 1 8.944442 39.484597 165.929161 1.000000 1.000000 1.000000 0.983094
68 0.000000 0.000000 0.000000
71 1 67.818317 59.193509 9.964608 1.000000 1.000000 1.000000 0.983094
71 0.000000 0.000000 0.000000
72 1 99.599869 64.109418 61.082205 2.000000 2.000000 1.000000 1.127810
72 0.000000 0.000000 0.000000
73 1 54.603258 53.072673 49.190758 5.000000 5.000000 1.000000 1.263720
73 0.000000 0.000000 0.000000
74 1 51.588448 99.954915 81.104545 1.000000 1.000000 1.000000 0.983094
74 0.000000 0.000000 0.000000
76 1 70.595159 24.166764 11.427857 1.000000 1.000000 1.000000 0.983094
76 0.000000 0.000000 0.000000
82 1 39.872364 88.457317 129.616628 1.000000 1.000000 1.000000 0.983094
82 0.000000 0.000000 0.000000
84 1 75.334550 30.282505 166.687014 1.000000 1.000000 1.000000 0.983094
84 0.000000 0.000000 0.000000
85 1 16.288383 4.456316 77.160245 1.000000 1.000000 1.000000 0.983094
85 0.000000 0.000000 0.000000
86 1 86.781984 93.952099 83.492516 1.000000 1.000000 1.000000 0.983094
86 0.000000 0.000000 0.000000
88 1 27.288971 4.357484 156.042349 2.000000 2.000000 1.000000 1.127810
88 0.000000 0.000000 0.000000
90 1 21.822202 77.200498 42.651989 3.000000 3.000000 1.000000 1.197480
90 0.000000 0.000000 0.000000
92 1 98.201063 67.471324 68.963757 1.000000 1.000000 1.000000 0.983094
92 0.000000 0.000000 0.000000
93 1 43.947501 90.349852 167.181443 2.000000 2.000000 1.000000 1.127810
93 0.000000 0.000000 0.000000
94 1 88.343882 82.902423 120.021442 1.000000 1.000000 1.000000 0.983094
94 0.000000 0.000000 0.000000
95 1 73.141746 0.263804 40.138883 2.000000 2.000000 1.000000 1.127810
95 0.000000 0.000000 0.000000
98 1 62.863478 44.027487 55.170107 2.000000 2.000000 1.000000 1.127810
98 0.000000 0.000000 0.000000
100 1 87.015895 33.766088 186.647486 1.000000 1.000000 1.000000 0.983094
100 0.000000 0.000000 0.000000
101 1 68.871397 8.367651 123.084878 1.000000 1.000000 1.000000 0.983094
101 0.000000 0.000000 0.000000
102 1 40.135515 59.647890 118.577823 3.000000 3.000000 1.000000 1.197480
102 0.000000 0.000000 0.000000
103 1 84.430469 67.024423 128.329599 3.000000 3.000000 1.000000 1.197480
103 0.000000 0.000000 0.000000
104 1 69.330061 8.862141 82.583448 1.000000 1.000000 1.000000 0.983094
104 0.000000 0.000000 0.000000
105 1 50.456946 35.200652 177.182540 2.000000 2.000000 1.000000 1.127810
105 0.000000 0.000000 0.000000
106 1 72.983549 29.278785 145.609225 2.000000 2.000000 1.000000 1.127810
106 0.000000 0.000000 0.000000
108 1 83.753748 34.335756 158.040461 1.000000 1.000000 1.000000 0.983094
108 0.000000 0.000000 0.000000
109 1 0.383252 6.942658 172.012248 2.000000 2.000000 1.000000 1.127810
109 0.000000 0.000000 0.000000
111 1 86.801567 4.140887 82.925537 2.000000 2.000000 1.000000 1.127810
111 0.000000 0.000000 0.000000
115 1 66.336847 42.506519 129.263259 1.000000 1.000000 1.000000 0.983094
115 0.000000 0.000000 0.000000
117 1 12.154206 74.275306 5.725379 1.000000 1.000000 1.000000 0.983094
117 0.000000 0.000000 0.000000
118 1 45.426222 96.500081 51.699677 1.000000 1.000000 1.000000 0.983094
118 0.000000 0.000000 0.000000
119 1 41.779191 50.700079 179.753414 1.000000 1.000000 1.000000 0.983094
119 0.000000 0.000000 0.000000
120 1 99.441447 62.096604 22.234452 1.000000 1.000000 1.000000 0.983094
120 0.000000 0.000000 0.000000
122 1 40.371306 17.792845 161.978303 1.000000 1.000000 1.000000 0.983094
122 0.000000 0.000000 0.000000
124 1 81.654885 70.340744 189.071166 1.000000 1.000000 1.000000 0.983094
124 0.000000 0.000000 0.000000
125 1 77.103613 27.188047 58.592611 1.000000 1.000000 1.000000 0.983094
125 0.000000 0.000000 0.000000
127 1 45.135308 32.396421 197.546158 1.000000 1.000000 1.000000 0.983094
127 0.000000 0.000000 0.000000
128 1 48.657847 30.540269 131.451503 1.000000 1.000000 1.000000 0.983094
128 0.000000 0.000000 0.000000
129 1 55.177849 70.002417 155.650346 2.000000 2.000000 1.000000 1.127810
129 0.000000 0.000000 0.000000
130 1 98.434371 2.513843 116.871370 1.000000 1.000000 1.000000 0.983094
130 0.000000 0.000000 0.000000
131 1 46.364126 79.716352 98.295570 3.000000 3.000000 1.000000 1.197480
131 0.000000 0.000000 0.000000
133 1 47.904682 4.581049 82.767750 2.000000 2.000000 1.000000 1.127810
133 0.000000 0.000000 0.000000
135 1 3.756962 96.988458 9.859619 2.000000 2.000000 1.000000 1.127810
135 0.000000 0.000000 0.000000
136 1 25.542844 49.176019 84.523104 1.000000 1.000000 1.000000 0.983094
136 0.000000 0.000000 0.000000
138 1 76.776221 88.121454 192.906518 1.000000 1.000000 1.000000 0.983094
138 0.000000 0.000000 0.000000
140 1 68.052105 86.790147 177.838012 2.000000 2.000000 1.000000 1.127810
140 0.000000 0.000000 0.000000
142 1 30.052558 30.763797 85.060305 1.000000 1.000000 1.000000 0.983094
142 0.000000 0.000000 0.000000
144 1 11.820079 52.698656 175.645842 1.000000 1.000000 1.000000 0.983094
144 0.000000 0.000000 0.000000
145 1 65.621004 81.170230 183.630022 1.000000 1.000000 1.000000 0.983094
145 0.000000 0.000000 0.000000
146 1 55.924799 71.125883 42.550927 3.000000 3.000000 1.000000 1.197480
146 0.000000 0.000000 0.000000
147 1 81.493055 27.320769 96.337899 3.000000 3.000000 1.000000 1.197480
147 0.000000 0.000000 0.000000
149 1 34.095514 18.675095 83.334706 1.000000 1.000000 1.000000 0.983094
149 0.000000 0.000000 0.000000
150 1 40.458300 28.811474 14.608079 1.000000 1.000000 1.000000 0.983094
150 0.000000 0.000000 0.000000
151 1 13.142875 54.889553 149.163767 2.000000 2.000000 1.000000 1.127810
151 0.000000 0.000000 0.000000
152 1 54.749876 54.855996 116.003782 1.000000 1.000000 1.000000 0.983094
152 0.000000 0.000000 0.000000
155 1 28.126179 35.969319 21.955981 1.000000 1.000000 1.000000 0.983094
155 0.000000 0.000000 0.000000
156 1 82.800348 93.382888 68.257729 2.000000 2.000000 1.000000 1.127810
156 0.000000 0.000000 0.000000
158 1 20.336657 22.691465 165.751467 1.000000 1.000000 1.000000 0.983094
158 0.000000 0.000000 0.000000
160 1 38.445787 85.482797 45.098081 1.000000 1.000000 1.000000 0.983094
160 0.000000 0.000000 0.000000
161 1 87.348878 56.245382 91.909826 1.000000 1.000000 1.000000 0.983094
161 0.000000 0.000000 0.000000
163 1 44.663019 12.359077 42.969126 1.000000 1.000000 1.000000 0.983094
163 0.000000 0.000000 0.000000
164 1 12.734654 14.364562 176.895419 1.000000 1.000000 1.000000 0.983094
164 0.000000 0.000000 0.000000
165 1 99.945943 33.644793 159.273324 2.000000 2.000000 1.000000 1.127810
165 0.000000 0.000000 0.000000
166 1 59.478282 79.625630 108.581357 1.000000 1.000000 1.000000 0.983094
166 0.000000 0.000000 0.000000
168 1 92.653082 27.288891 139.599998 3.000000 3.000000 1.000000 1.197480
168 0.000000 0.000000 0.000000
169 1 48.408279 40.522506 29.167078 2.000000 2.000000 1.000000 1.127810
169 0.000000 0.000000 0.000000
170 1 98.851356 43.397772 169.483048 1.000000 1.000000 1.000000 0.983094
170 0.000000 0.000000 0.000000
172 1 40.232960 89.325172 56.471976 2.000000 2.000000 1.000000 1.127810
172 0.000000 0.000000 0.000000
177 1 53.497459 26.178042 133.260287 1.000000 1.000000 1.000000 0.983094
177 0.000000 0.000000 0.000000
179 1 29.407558 64.963486 83.805765 2.000000 2.000000 1.000000 1.127810
179 0.000000 0.000000 0.000000
180 1 10.678996 96.642584 30.867402 1.000000 1.000000 1.000000 0.983094
180 0.000000 0.000000 0.000000
182 1 52.770278 62.885220 33.711014 1.000000 1.000000 1.000000 0.983094
182 0.000000 0.000000 0.000000
183 1 17.709260 2.404754 138.629326 2.000000 2.000000 1.000000 1.127810
183 0.000000 0.000000 0.000000
184 1 74.939273 8.785713 87.185175 1.000000 1.000000 1.000000 0.983094
184 0.000000 0.000000 0.000000
185 1 52.530033 97.322032 199.231260 2.000000 2.000000 1.000000 1.127810
185 0.000000 0.000000 0.000000
186 1 82.548052 38.943408 42.901714 1.000000 1.000000 1.000000 0.983094
186 0.000000 0.000000 0.000000
188 1 52.289179 1.026904 21.593041 1.000000 1.000000 1.000000 0.983094
188 0.000000 0.000000 0.000000
189 1 91.083954 79.334717 92.029835 1.000000 1.000000 1.000000 0.983094
189 0.000000 0.000000 0.000000
190 1 16.787199 51.717366 19.347724 1.000000 1.000000 1.000000 0.983094
190 0.000000 0.000000 0.000000
191 1 53.288568 76.619276 75.103388 1.000000 1.000000 1.000000 0.983094
191 0.000000 0.000000 0.000000
192 1 61.787416 77.573238 24.974009 1.000000 1.000000 1.000000 0.983094
192 0.000000 0.000000 0.000000
194 1 87.904643 15.564943 154.031674 1.000000 1.000000 1.000000 0.983094
194 0.000000 0.000000 0.000000
195 1 6.887415 36.164327 187.233799 1.000000 1.000000 1.000000 0.983094
195 0.000000 0.000000 0.000000
202 1 79.922221 0.381298 11.280460 1.000000 1.000000 1.000000 0.983094
202 0.000000 0.000000 0.000000
204 1 44.744343 6.778447 161.166566 2.000000 2.000000 1.000000 1.127810
204 0.000000 0.000000 0.000000
206 1 42.190678 7.459261 0.379678 3.000000 3.000000 1.000000 1.197480
206 0.000000 0.000000 0.000000
207 1 35.304107 75.185927 155.611103 1.000000 1.000000 1.000000 0.983094
207 0.000000 0.000000 0.000000
208 1 90.733527 88.268718 98.437973 1.000000 1.000000 1.000000 0.983094
208 0.000000 0.000000 0.000000
209 1 74.202384 51.530014 110.729135 4.000000 4.000000 1.000000 1.237850
209 0.000000 0.000000 0.000000
211 1 49.662470 48.799138 82.504432 1.000000 1.000000 1.000000 0.983094
211 0.000000 0.000000 0.000000
212 1 90.310005 21.778303 117.445994 1.000000 1.000000 1.000000 0.983094
212 0.000000 0.000000 0.000000
213 1 16.606375 39.756528 146.086367 1.000000 1.000000 1.000000 0.983094
213 0.000000 0.000000 0.000000
214 1 57.546304 32.687339 1.257815 1.000000 1.000000 1.000000 0.983094
214 0.000000 0.000000 0.000000
215 1 11.466491 40.273588 60.736757 1.000000 1.000000 1.000000 0.983094
215 0.000000 0.000000 0.000000
216 1 96.882187 79.464904 110.933257 4.000000 4.000000 1.000000 1.237850
216 0.000000 0.000000 0.000000
217 1 57.473322 40.383157 189.152057 1.000000 1.000000 1.000000 0.983094
217 0.000000 0.000000 0.000000
218 1 45.048723 66.874621 136.147951 2.000000 2.000000 1.000000 1.127810
218 0.000000 0.000000 0.000000
219 1 84.681994 82.287862 48.763185 2.000000 2.000000 1.000000 1.127810
219 0.000000 0.000000 0.000000
220 1 99.201202 71.614999 82.327801 2.000000 2.000000 1.000000 1.127810
220 0.000000 0.000000 0.000000
221 1 20.418321 17.762747 161.294278 1.000000 1.000000 1.000000 0.983094
221 0.000000 0.000000 0.000000
223 1 87.359318 54.676625 153.382970 1.000000 1.000000 1.000000 0.983094
223 0.000000 0.000000 0.000000
224 1 49.329494 6.433030 175.770593 1.000000 1.000000 1.000000 0.983094
224 0.000000 0.000000 0.000000
225 1 24.573141 26.551846 124.160774 1.000000 1.000000 1.000000 0.983094
225 0.000000 0.000000 0.000000
226 1 21.925046 98.094610 35.041108 2.000000 2.000000 1.000000 1.127810
226 0.000000 0.000000 0.000000
227 1 47.688399 95.235036 179.996150 3.000000 3.000000 1.000000 1.197480
227 0.000000 0.000000 0.000000
228 1 45.454462 50.936894 40.601488 1.000000 1.000000 1.000000 0.983094
228 0.000000 0.000000 0.000000
229 1 66.237003 74.769281 17.334884 3.000000 3.000000 1.000000 1.197480
229 0.000000 0.000000 0.000000
232 1 93.486521 67.663689 74.996109 1.000000 1.000000 1.000000 0.983094
232 0.000000 0.000000 0.000000
233 1 23.895325 77.140427 10.653299 1.000000 1.000000 1.000000 0.983094
233 0.000000 0.000000 0.000000
234 1 35.537099 17.334679 122.036073 3.000000 3.000000 1.000000 1.197480
234 0.000000 0.000000 0.000000
235 1 81.777430 85.172243 8.439131 1.000000 1.000000 1.000000 0.983094
235 0.000000 0.000000 0.000000
236 1 58.853290 19.324620 12.356567 1.000000 1.000000 1.000000 0.983094
236 0.000000 0.000000 0.000000
237 1 33.171450 0.993430 43.696258 1.000000 1.000000 1.000000 0.983094
237 0.000000 0.000000 0.000000
238 1 35.563033 49.946585 111.406475 2.000000 2.000000 1.000000 1.127810
238 0.000000 0.000000 0.000000
239 1 0.310040 81.192403 192.046259 4.000000 4.000000 1.000000 1.237850
239 0.000000 0.000000 0.000000
240 1 28.641284 27.622911 74.297036 1.000000 1.000000 1.000000 0.983094
240 0.000000 0.000000 0.000000
241 1 83.800232 48.039277 42.447179 1.000000 1.000000 1.000000 0.983094
241 0.000000 0.000000 0.000000
243 1 3.482474 19.170924 87.923169 1.000000 1.000000 1.000000 0.983094
243 0.000000 0.000000 0.000000
244 1 84.135529 75.217709 83.490832 1.000000 1.000000 1.000000 0.983094
244 0.000000 0.000000 0.000000
245 1 2.879856 0.028234 17.238804 1.000000 1.000000 1.000000 0.983094
245 0.000000 0.000000 0.000000
246 1 64.689556 18.736104 100.253551 2.000000 2.000000 1.000000 1.127810
246 0.000000 0.000000 0.000000
247 1 43.705170 13.620369 149.859722 1.000000 1.000000 1.000000 0.983094
247 0.000000 0.000000 0.000000
249 1 45.528518 86.838310 18.423977 1.000000 1.000000 1.000000 0.983094
249 0.000000 0.000000 0.000000
250 1 93.030426 17.249823 117.138872 1.000000 1.000000 1.000000 0.983094
250 0.000000 0.000000 0.000000
252 1 80.275417 35.535407 39.394294 1.000000 1.000000 1.000000 0.983094
252 0.000000 0.000000 0.000000
254 1 75.889243 33.099859 181.700574 1.000000 1.000000 1.000000 0.983094
254 0.000000 0.000000 0.000000
255 1 92.911577 28.757923 44.142296 2.000000 2.000000 1.000000 1.127810
255 0.000000 0.000000 0.000000
257 1 96.622597 68.077494 35.825556 1.000000 1.000000 1.000000 0.983094
257 0.000000 0.000000 0.000000
258 1 49.447840 99.143700 146.712942 1.000000 1.000000 1.000000 0.983094
258 0.000000 0.000000 0.000000
260 1 90.441330 56.425354 170.701637 1.000000 1.000000 1.000000 0.983094
260 0.000000 0.000000 0.000000
261 1 22.811361 1.645603 14.067381 1.000000 1.000000 1.000000 0.983094
261 0.000000 0.000000 0.000000
263 1 46.884704 85.259391 199.247176 2.000000 2.000000 1.000000 1.127810
263 0.000000 0.000000 0.000000
264 1 11.667747 69.893271 22.803837 1.000000 1.000000 1.000000 0.983094
264 0.000000 0.000000 0.000000
265 1 90.891213 66.451874 61.695232 1.000000 1.000000 1.000000 0.983094
265 0.000000 0.000000 0.000000
266 1 37.737837 8.622151 2.779570 1.000000 1.000000 1.000000 0.983094
266 0.000000 0.000000 0.000000
268 1 94.822876 45.720603 185.979129 1.000000 1.000000 1.000000 0.983094
268 0.000000 0.000000 0.000000
275 1 91.491985 21.275585 99.365638 2.000000 2.000000 1.000000 1.127810
275 0.000000 0.000000 0.000000
276 1 41.725598 60.731160 100.145121 2.000000 2.000000 1.000000 1.127810
276 0.000000 0.000000 0.000000
277 1 95.661081 23.861772 133.451200 1.000000 1.000000 1.000000 0.983094
277 0.000000 0.000000 0.000000
282 1 15.878502 62.135202 27.686235 1.000000 1.000000 1.000000 0.983094
282 0.000000 0.000000 0.000000
283 1 53.110620 32.570833 81.868250 1.000000 1.000000 1.000000 0.983094
283 0.000000 0.000000 0.000000
284 1 99.853246 23.476564 0.068145 1.000000 1.000000 1.000000 0.983094
284 0.000000 0.000000 0.000000
285 1 41.673175 25.823564 78.645331 2.000000 2.000000 1.000000 1.127810
285 0.000000 0.000000 0.000000
286 1 39.322880 79.688363 62.937782 3.000000 3.000000 1.000000 1.197480
286 0.000000 0.000000 0.000000
287 1 70.017682 73.584295 26.434506 2.000000 2.000000 1.000000 1.127810
287 0.000000 0.000000 0.000000
290 1 48.121371 18.024198 90.419636 1.000000 1.000000 1.000000 0.983094
290 0.000000 0.000000 0.000000
291 1 40.213891 94.866757 44.580146 1.000000 1.000000 1.000000 0.983094
291 0.000000 0.000000 0.000000
292 1 72.240104 84.434109 102.240648 1.000000 1.000000 1.000000 0.983094
292 0.000000 0.000000 0.000000
293 1 26.323475 94.609415 110.615972 3.000000 3.000000 1.000000 1.197480
293 0.000000 0.000000 0.000000
294 1 39.283696 39.632619 89.535315 3.000000 3.000000 1.000000 1.197480
294 0.000000 0.000000 0.000000
295 1 4.233541 39.259151 154.870287 1.000000 1.000000 1.000000 0.983094
295 0.000000 0.000000 0.000000
296 1 94.871797 83.421764 66.759526 1.000000 1.000000 1.000000 0.983094
296 0.000000 0.000000 0.000000
297 1 38.171903 0.997266 11.997843 1.000000 1.000000 1.000000 0.983094
297 0.000000 0.000000 0.000000
298 1 66.583953 96.936551 110.276047 2.000000 2.000000 1.000000 1.127810
298 0.000000 0.000000 0.000000
300 1 74.954940 65.760374 41.207046 2.000000 2.000000 1.000000 1.127810
300 0.000000 0.000000 0.000000
302 1 79.413774 35.352827 179.011187 1.000000 1.000000 1.000000 0.983094
302 0.000000 0.000000 0.000000
303 1 40.915798 72.536124 174.088934 1.000000 1.000000 1.000000 0.983094
303 0.000000 0.000000 0.000000
304 1 23.076207 98.128831 25.850562 2.000000 2.000000 1.000000 1.127810
304 0.000000 0.000000 0.000000
305 1 45.523491 37.791931 128.928100 1.000000 1.000000 1.000000 0.983094
305 0.000000 0.000000 0.000000
306 1 19.585778 43.834535 81.594344 1.000000 1.000000 1.000000 0.983094
306 0.000000 0.000000 0.000000
309 1 11.121781 3.428545 176.704888 1.000000 1.000000 1.000000 0.983094
309 0.000000 0.000000 0.000000
311 1 63.840655 75.008777 153.853764 1.000000 1.000000 1.000000 0.983094
311 0.000000 0.000000 0.000000
312 1 34.860707 32.596292 42.715040 1.000000 1.000000 1.000000 0.983094
312 0.000000 0.000000 0.000000
314 1 77.962324 91.383414 29.390752 1.000000 1.000000 1.000000 0.983094
314 0.000000 0.000000 0.000000
315 1 65.791617 36.687351 79.700986 1.000000 1.000000 1.000000 0.983094
315 0.000000 0.000000 0.000000
319 1 16.129037 68.741802 124.333144 2.000000 2.000000 1.000000 1.127810
319 0.000000 0.000000 0.000000
320 1 44.661811 18.832317 117.590480 1.000000 1.000000 1.000000 0.983094
320 0.000000 0.000000 0.000000
321 1 83.846190 5.663804 106.409855 1.000000 1.000000 1.000000 0.983094
321 0.000000 0.000000 0.000000
323 1 88.917963 36.163718 122.911101 1.000000 1.000000 1.000000 0.983094
323 0.000000 0.000000 0.000000
324 1 53.039039 90.105159 52.457353 1.000000 1.000000 1.000000 0.983094
324 0.000000 0.000000 0.000000
326 1 73.161804 72.633691 14.823058 2.000000 2.000000 1.000000 1.127810
326 0.000000 0.000000 0.000000
327 1 84.703558 92.000600 176.037892 1.000000 1.000000 1.000000 0.983094
327 0.000000 0.000000 0.000000
328 1 34.617804 47.048530 179.475853 3.000000 3.000000 1.000000 1.197480
328 0.000000 0.000000 0.000000
329 1 12.981410 82.073887 112.019557 2.000000 2.000000 1.000000 1.127810
329 0.000000 0.000000 0.000000
332 1 25.733734 41.005392 179.514861 1.000000 1.000000 1.000000 0.983094
332 0.000000 0.000000 0.000000
333 1 76.588544 37.551486 33.516499 1.000000 1.000000 1.000000 0.983094
333 0.000000 0.000000 0.000000
337 1 42.626840 72.273561 106.023589 1.000000 1.000000 1.000000 0.983094
337 0.000000 0.000000 0.000000
338 1 46.614345 24.019644 140.115442 2.000000 2.000000 1.000000 1.127810
338 0.000000 0.000000 0.000000
339 1 97.102192 33.883452 58.585996 2.000000 2.000000 1.000000 1.127810
339 0.000000 0.000000 0.000000
342 1 82.751207 57.009610 13.295824 3.000000 3.000000 1.000000 1.197480
342 0.000000 0.000000 0.000000
343 1 6.994250 44.937820 84.850664 1.000000 1.000000 1.000000 0.983094
343 0.000000 0.000000 0.000000
344 1 91.971016 70.596038 42.774513 1.000000 1.000000 1.000000 0.983094
344 0.000000 0.000000 0.000000
345 1 44.960994 41.037932 145.962303 2.000000 2.000000 1.000000 1.127810
345 0.000000 0.000000 0.000000
346 1 27.668537 38.401159 37.500911 1.000000 1.000000 1.000000 0.983094
346 0.000000 0.000000 0.000000
349 1 60.453780 12.743353 135.821621 1.000000 1.000000 1.000000 0.983094
349 0.000000 0.000000 0.000000
350 1 1.833938 59.642666 53.575479 1.000000 1.000000 1.000000 0.983094
350 0.000000 0.000000 0.000000
351 1 19.952418 27.672546 192.114828 1.000000 1.000000 1.000000 0.983094
351 0.000000 0.000000 0.000000
352 1 56.344396 83.254793 123.835363 1.000000 1.000000 1.000000 0.983094
352 0.000000 0.000000 0.000000
353 1 46.173242 55.310923 150.204772 1.000000 1.000000 1.000000 0.983094
353 0.000000 0.000000 0.000000
355 1 62.879332 61.831890 113.475777 3.000000 3.000000 1.000000 1.197480
355 0.000000 0.000000 0.000000
357 1 38.916374 67.233450 31.399354 1.000000 1.000000 1.000000 0.983094
357 0.000000 0.000000 0.000000
358 1 49.151840 42.723209 109.543210 1.000000 1.000000 1.000000 0.983094
358 0.000000 0.000000 0.000000
360 1 79.696349 71.094461 1.025767 2.000000 2.000000 1.000000 1.127810
360 0.000000 0.000000 0.000000
361 1 0.729717 37.651322 112.978061 1.000000 1.000000 1.000000 0.983094
361 0.000000 0.000000 0.000000
362 1 68.804931 61.637345 138.386831 1.000000 1.000000 1.000000 0.983094
362 0.000000 0.000000 0.000000
363 1 28.049878 95.773052 24.808984 1.000000 1.000000 1.000000 0.983094
363 0.000000 0.000000 0.000000
365 1 33.081121 66.915366 176.196367 1.000000 1.000000 1.000000 0.983094
365 0.000000 0.000000 0.000000
367 1 38.971804 64.983411 72.897831 1.000000 1.000000 1.000000 0.983094
367 0.000000 0.000000 0.000000
368 1 62.658934 79.075948 137.709401 2.000000 2.000000 1.000000 1.127810
368 0.000000 0.000000 0.000000
370 1 46.038415 33.562586 135.649707 1.000000 1.000000 1.000000 0.983094
370 0.000000 0.000000 0.000000
372 1 85.855508 31.253827 162.618350 1.000000 1.000000 1.000000 0.983094
372 0.000000 0.000000 0.000000
373 1 63.726819 86.654733 132.686614 1.000000 1.000000 1.000000 0.983094
373 0.000000 0.000000 0.000000
374 1 33.383078 71.229322 192.497351 1.000000 1.000000 1.000000 0.983094
374 0.000000 0.000000 0.000000
375 1 62.558377 45.645942 156.099582 3.000000 3.000000 1.000000 1.197480
375 0.000000 0.000000 0.000000
376 1 4.017615 54.715187 169.550696 1.000000 1.000000 1.000000 0.983094
376 0.000000 0.000000 0.000000
377 1 16.690217 98.600454 108.440494 1.000000 1.000000 1.000000 0.983094
377 0.000000 0.000000 0.000000
378 1 60.099936 63.809253 82.931823 1.000000 1.000000 1.000000 0.983094
378 0.000000 0.000000 0.000000
379 1 50.088229 2.212077 78.307433 1.000000 1.000000 1.000000 0.983094
379 0.000000 0.000000 0.000000
381 1 6.323422 24.814447 76.540455 1.000000 1.000000 1.000000 0.983094
381 0.000000 0.000000 0.000000
382 1 4.784887 85.078171 161.139126 2.000000 2.000000 1.000000 1.127810
382 0.000000 0.000000 0.000000
383 1 87.399502 0.675933 163.464938 1.000000 1.000000 1.000000 0.983094
383 0.000000 0.000000 0.000000
384 1 40.777556 93.344547 90.424770 1.000000 1.000000 1.000000 0.983094
384 0.000000 0.000000 0.000000
385 1 12.333871 24.865490 139.399216 1.000000 1.000000 1.000000 0.983094
385 0.000000 0.000000 0.000000
386 1 25.919077 9.763796 43.104076 2.000000 2.000000 1.000000 1.127810
386 0.000000 0.000000 0.000000
387 1 86.563133 17.509348 8.680565 3.000000 3.000000 1.000000 1.197480
387 0.000000 0.000000 0.000000
388 1 74.702037 87.296351 191.106981 3.000000 3.000000 1.000000 1.197480
388 0.000000 0.000000 0.000000
389 1 2.335316 54.488049 146.419363 1.000000 1.000000 1.000000 0.983094
389 0.000000 0.000000 0.000000
390 1 57.843519 5.081384 24.666482 1.000000 1.000000 1.000000 0.983094
390 0.000000 0.000000 0.000000
391 1 99.648305 94.659924 45.414119 2.000000 2.000000 1.000000 1.127810
391 0.000000 0.000000 0.000000
393 1 93.699934 83.001074 131.004919 1.000000 1.000000 1.000000 0.983094
393 0.000000 0.000000 0.000000
394 1 62.662857 91.275204 195.594039 1.000000 1.000000 1.000000 0.983094
394 0.000000 0.000000 0.000000
397 1 36.849489 31.612316 96.489663 1.000000 1.000000 1.000000 0.983094
397 0.000000 0.000000 0.000000
400 1 82.548004 42.969289 29.546730 1.000000 1.000000 1.000000 0.983094
400 0.000000 0.000000 0.000000
401 1 69.742924 12.044276 9.243399 1.000000 1.000000 1.000000 0.983094
401 0.000000 0.000000 0.000000
405 1 80.908779 34.610139 22.373529 1.000000 1.000000 1.000000 0.983094
405 0.000000 0.000000 0.000000
406 1 61.845791 10.073613 129.052329 3.000000 3.000000 1.000000 1.197480
406 0.000000 0.000000 0.000000
407 1 86.553500 4.562379 0.025161 1.000000 1.000000 1.000000 0.983094
407 0.000000 0.000000 0.000000
408 1 2.224339 26.108285 100.985727 1.000000 1.000000 1.000000 0.983094
408 0.000000 0.000000 0.000000
409 1 26.326232 26.612970 120.343655 1.000000 1.000000 1.000000 0.983094
409 0.000000 0.000000 0.000000
412 1 58.957888 75.822150 148.783533 1.000000 1.000000 1.000000 0.983094
412 0.000000 0.000000 0.000000
413 1 83.359807 26.621060 21.231296 1.000000 1.000000 1.000000 0.983094
413 0.000000 0.000000 0.000000
414 1 5.650277 72.137729 58.383619 2.000000 2.000000 1.000000 1.127810
414 0.000000 0.000000 0.000000
415 1 3.694209 90.104418 67.345299 1.000000 1.000000 1.000000 0.983094
415 0.000000 0.000000 0.000000
417 1 76.963115 12.685338 141.696190 3.000000 3.000000 1.000000 1.197480
417 0.000000 0.000000 0.000000
418 1 29.284625 97.598457 33.604547 3.000000 3.000000 1.000000 1.197480
418 0.000000 0.000000 0.000000
419 1 86.833812 64.017366 82.805066 1.000000 1.000000 1.000000 0.983094
419 0.000000 0.000000 0.000000
420 1 61.424097 45.746285 69.141779 1.000000 1.000000 1.000000 0.983094
420 0.000000 0.000000 0.000000
421 1 51.836600 18.228101 181.819437 1.000000 1.000000 1.000000 0.983094
421 0.000000 0.000000 0.000000
422 1 29.453638 1.955499 174.925653 1.000000 1.000000 1.000000 0.983094
422 0.000000 0.000000 0.000000
427 1 11.599896 20.829637 152.060170 1.000000 1.000000 1.000000 0.983094
427 0.000000 0.000000 0.000000
428 1 96.711157 41.947119 71.199750 2.000000 2.000000 1.000000 1.127810
428 0.000000 0.000000 0.000000
429 1 36.631413 64.320259 177.315665 1.000000 1.000000 1.000000 0.983094
429 0.000000 0.000000 0.000000
430 1 39.121410 64.918818 12.747232 2.000000 2.000000 1.000000 1.127810
430 0.000000 0.000000 0.000000
431 1 19.443296 40.669613 84.493715 1.000000 1.000000 1.000000 0.983094
431 0.000000 0.000000 0.000000
432 1 49.828440 87.289824 53.739722 1.000000 1.000000 1.000000 0.983094
432 0.000000 0.000000 0.000000
434 1 87.433314 29.208951 91.575180 2.000000 2.000000 1.000000 1.127810
434 0.000000 0.000000 0.000000
435 1 42.914257 68.475284 193.419551 1.000000 1.000000 1.000000 0.983094
435 0.000000 0.000000 0.000000
437 1 51.278019 19.460955 168.682108 1.000000 1.000000 1.000000 0.983094
437 0.000000 0.000000 0.000000
439 1 29.940994 12.012036 50.505802 1.000000 1.000000 1.000000 0.983094
439 0.000000 0.000000 0.000000
440 1 31.688536 86.790413 96.349039 2.000000 2.000000 1.000000 1.127810
440 0.000000 0.000000 0.000000
443 1 48.148999 71.041883 135.109837 1.000000 1.000000 1.000000 0.983094
443 0.000000 0.000000 0.000000
444 1 51.593371 75.847225 92.758414 1.000000 1.000000 1.000000 0.983094
444 0.000000 0.000000 0.000000
447 1 8.597240 10.499670 108.148502 3.000000 3.000000 1.000000 1.197480
447 0.000000 0.000000 0.000000
448 1 84.058994 6.143567 118.144502 1.000000 1.000000 1.000000 0.983094
448 0.000000 0.000000 0.000000
450 1 36.339129 38.036821 184.933128 1.000000 1.000000 1.000000 0.983094
450 0.000000 0.000000 0.000000
451 1 65.352307 16.284300 197.636272 1.000000 1.000000 1.000000 0.983094
451 0.000000 0.000000 0.000000
452 1 77.488381 90.832136 25.459634 1.000000 1.000000 1.000000 0.983094
452 0.000000 0.000000 0.000000
454 1 30.362717 34.623162 140.089460 1.000000 1.000000 1.000000 0.983094
454 0.000000 0.000000 0.000000
456 1 5.923920 10.222473 86.041176 1.000000 1.000000 1.000000 0.983094
456 0.000000 0.000000 0.000000
457 1 97.214054 26.277762 172.592852 1.000000 1.000000 1.000000 0.983094
457 0.000000 0.000000 0.000000
458 1 6.213392 71.362646 38.461080 1.000000 1.000000 1.000000 0.983094
458 0.000000 0.000000 0.000000
460 1 40.125717 4.107140 56.058465 1.000000 1.000000 1.000000 0.983094
460 0.000000 0.000000 0.000000
461 1 12.400533 94.918332 11.129886 3.000000 3.000000 1.000000 1.197480
461 0.000000 0.000000 0.000000
462 1 17.609448 82.427855 175.471736 1.000000 1.000000 1.000000 0.983094
462 0.000000 0.000000 0.000000
463 1 6.807979 34.161007 169.368873 1.000000 1.000000 1.000000 0.983094
463 0.000000 0.000000 0.000000
465 1 18.753101 93.188821 42.281306 1.000000 1.000000 1.000000 0.983094
465 0.000000 0.000000 0.000000
466 1 37.798304 53.181408 11.542129 1.000000 1.000000 1.000000 0.983094
466 0.000000 0.000000 0.000000
468 1 53.393691 78.269718 80.206136 1.000000 1.000000 1.000000 0.983094
468 0.000000 0.000000 0.000000
469 1 27.456508 92.140342 5.518225 5.000000 5.000000 1.000000 1.263720
469 0.000000 0.000000 0.000000
471 1 76.491254 62.131571 114.528502 1.000000 1.000000 1.000000 0.983094
471 0.000000 0.000000 0.000000
472 1 68.700588 99.664379 135.840294 2.000000 2.000000 1.000000 1.127810
472 0.000000 0.000000 0.000000
473 1 28.650481 76.882682 52.207475 1.000000 1.000000 1.000000 0.983094
473 0.000000 0.000000 0.000000
474 1 94.468477 86.997189 174.202786 1.000000 1.000000 1.000000 0.983094
474 0.000000 0.000000 0.000000
476 1 38.375951 7.570351 127.257847 1.000000 1.000000 1.000000 0.983094
476 0.000000 0.000000 0.000000
477 1 83.403438 3.609436 196.688536 1.000000 1.000000 1.000000 0.983094
477 0.000000 0.000000 0.000000
478 1 8.345447 65.562748 116.797196 1.000000 1.000000 1.000000 0.983094
478 0.000000 0.000000 0.000000
481 1 82.719817 81.763909 186.931735 1.000000 1.000000 1.000000 0.983094
481 0.000000 0.000000 0.000000
484 1 56.845011 26.499435 57.416808 1.000000 1.000000 1.000000 0.983094
484 0.000000 0.000000 0.000000
485 1 80.521285 17.346035 177.918630 1.000000 1.000000 1.000000 0.983094
485 0.000000 0.000000 0.000000
486 1 35.640089 48.010855 90.558102 1.000000 1.000000 1.000000 0.983094
486 0.000000 0.000000 0.000000
487 1 67.329466 48.428609 183.347313 2.000000 2.000000 1.000000 1.127810
487 0.000000 0.000000 0.000000
488 1 8.796730 58.233193 101.247511 2.000000 2.000000 1.000000 1.127810
488 0.000000 0.000000 0.000000
489 1 82.116435 61.057517 52.363619 1.000000 1.000000 1.000000 0.983094
489 0.000000 0.000000 0.000000
490 1 90.365933 36.004648 153.244802 1.000000 1.000000 1.000000 0.983094
490 0.000000 0.000000 0.000000
491 1 69.450212 11.612987 101.107195 1.000000 1.000000 1.000000 0.983094
491 0.000000 0.000000 0.000000
492 1 75.625294 27.307980 6.947216 2.000000 2.000000 1.000000 1.127810
492 0.000000 0.000000 0.000000
493 1 73.859339 48.359515 33.636372 5.000000 5.000000 1.000000 1.263720
493 0.000000 0.000000 0.000000
496 1 75.466435 79.542087 0.643994 1.000000 1.000000 1.000000 0.983094
496 0.000000 0.000000 0.000000
497 1 35.308265 91.201000 31.767988 1.000000 1.000000 1.000000 0.983094
497 0.000000 0.000000 0.000000
498 1 25.496680 88.544710 176.098843 3.000000 3.000000 1.000000 1.197480
498 0.000000 0.000000 0.000000
