RESTART FILE
Timestep: 1000

NUMBER OF PARTICLES
257

SIMULATION BOX
100 100 200

TIMESTEP
0.1

ATTRACTION RADIUS
25
0.983094 1.12781 1.19748 1.23785 1.26372 1.28133 1.2939 1.30312 1.31014 1.31562 1.32005 1.32351 1.32648 1.32881 1.33082 1.33244 1.33389 1.33515 1.3363 1.33723 1.33803 1.33868 1.33937 1.33991 1.34042 

AGGREGATES/BEADS
0 1 90.938834 51.435292 49.019277 1.000000 1.000000 1.000000 0.983094
0 0.000000 0.000000 0.000000
1 1 95.301232 23.315070 151.386397 2.000000 2.000000 1.000000 1.127810
1 0.000000 0.000000 0.000000
3 1 0.534942 63.378546 93.272621 1.000000 1.000000 1.000000 0.983094
3 0.000000 0.000000 0.000000
4 1 42.563568 94.155463 115.428760 1.000000 1.000000 1.000000 0.983094
4 0.000000 0.000000 0.000000
7 1 83.761125 95.642510 122.283336 1.000000 1.000000 1.000000 0.983094
7 0.000000 0.000000 0.000000
8 1 55.539843 13.583323 98.527032 4.000000 4.000000 1.000000 1.237850
8 0.000000 0.000000 0.000000
9 1 20.315216 15.299197 25.202577 1.000000 1.000000 1.000000 0.983094
9 0.000000 0.000000 0.000000
10 1 83.430766 21.520993 56.458443 1.000000 1.000000 1.000000 0.983094
10 0.000000 0.000000 0.000000
11 1 29.001947 47.655291 16.932062 5.000000 5.000000 1.000000 1.263720
11 0.000000 0.000000 0.000000
13 1 23.508575 71.944018 185.519242 1.000000 1.000000 1.000000 0.983094
13 0.000000 0.000000 0.000000
14 1 33.590671 28.259741 51.716531 2.000000 2.000000 1.000000 1.127810
14 0.000000 0.000000 0.000000
15 1 75.789291 57.539570 185.709964 1.000000 1.000000 1.000000 0.983094
15 0.000000 0.000000 0.000000
16 1 65.675003 71.451483 35.261785 3.000000 3.000000 1.000000 1.197480
16 0.000000 0.000000 0.000000
17 1 12.018591 87.060514 72.838178 1.000000 1.000000 1.000000 0.983094
17 0.000000 0.000000 0.000000
19 1 72.456593 61.107704 140.829009 1.000000 1.000000 1.000000 0.983094
19 0.000000 0.000000 0.000000
20 1 55.384529 25.988789 78.285724 2.000000 2.000000 1.000000 1.127810
20 0.000000 0.000000 0.000000
22 1 54.450849 71.576867 168.434864 1.000000 1.000000 1.000000 0.983094
22 0.000000 0.000000 0.000000
24 1 43.020327 62.104001 66.520980 3.000000 3.000000 1.000000 1.197480
24 0.000000 0.000000 0.000000
25 1 94.924633 53.379898 77.502703 1.000000 1.000000 1.000000 0.983094
25 0.000000 0.000000 0.000000
26 1 13.006910 7.070168 48.248004 1.000000 1.000000 1.000000 0.983094
26 0.000000 0.000000 0.000000
29 1 29.294510 30.472711 13.000841 1.000000 1.000000 1.000000 0.983094
29 0.000000 0.000000 0.000000
32 1 13.885542 59.335919 174.976396 3.000000 3.000000 1.000000 1.197480
32 0.000000 0.000000 0.000000
38 1 66.758162 74.236820 69.976530 3.000000 3.000000 1.000000 1.197480
38 0.000000 0.000000 0.000000
44 1 69.704793 73.652492 145.406341 1.000000 1.000000 1.000000 0.983094
44 0.000000 0.000000 0.000000
45 1 56.113432 24.791589 70.456558 1.000000 1.000000 1.000000 0.983094
45 0.000000 0.000000 0.000000
46 1 79.181376 91.720653 42.130927 3.000000 3.000000 1.000000 1.197480
46 0.000000 0.000000 0.000000
47 1 13.642973 77.338490 5.158644 4.000000 4.000000 1.000000 1.237850
47 0.000000 0.000000 0.000000
49 1 10.690045 55.043646 32.225325 1.000000 1.000000 1.000000 0.983094
49 0.000000 0.000000 0.000000
50 1 73.908663 76.031518 44.829858 2.000000 2.000000 1.000000 1.127810
50 0.000000 0.000000 0.000000
51 1 25.170458 39.120471 169.167316 3.000000 3.000000 1.000000 1.197480
51 0.000000 0.000000 0.000000
52 1 56.323798 84.283964 159.196155 1.000000 1.000000 1.000000 0.983094
52 0.000000 0.000000 0.000000
54 1 69.011377 73.698017 11.299615 1.000000 1.000000 1.000000 0.983094
54 0.000000 0.000000 0.000000
57 1 42.360620 89.105727 183.245405 1.000000 1.000000 1.000000 0.983094
57 0.000000 0.000000 0.000000
59 1 54.168096 0.530041 28.694234 2.000000 2.000000 1.000000 1.127810
59 0.000000 0.000000 0.000000
61 1 40.563467 71.619188 168.473031 2.000000 2.000000 1.000000 1.127810
61 0.000000 0.000000 0.000000
65 1 2.235948 77.671083 103.575471 7.000000 7.000000 1.000000 1.293900
65 0.000000 0.000000 0.000000
67 1 66.191482 28.766710 18.443629 2.000000 2.000000 1.000000 1.127810
67 0.000000 0.000000 0.000000
68 1 12.118340 57.743546 142.174237 1.000000 1.000000 1.000000 0.983094
68 0.000000 0.000000 0.000000
71 1 84.387735 47.135117 11.390938 1.000000 1.000000 1.000000 0.983094
71 0.000000 0.000000 0.000000
72 1 2.007371 48.393841 66.268305 2.000000 2.000000 1.000000 1.127810
72 0.000000 0.000000 0.000000
73 1 51.852007 54.497288 51.189245 5.000000 5.000000 1.000000 1.263720
73 0.000000 0.000000 0.000000
74 1 65.239743 90.031539 45.390203 1.000000 1.000000 1.000000 0.983094
74 0.000000 0.000000 0.000000
82 1 54.089361 88.985645 116.364577 1.000000 1.000000 1.000000 0.983094
82 0.000000 0.000000 0.000000
84 1 93.791306 42.256780 168.385076 1.000000 1.000000 1.000000 0.983094
84 0.000000 0.000000 0.000000
85 1 26.481014 18.058743 92.242808 1.000000 1.000000 1.000000 0.983094
85 0.000000 0.000000 0.000000
88 1 23.480833 89.295608 129.505482 2.000000 2.000000 1.000000 1.127810
88 0.000000 0.000000 0.000000
90 1 37.288160 84.119094 33.715503 3.000000 3.000000 1.000000 1.197480
90 0.000000 0.000000 0.000000
92 1 6.764365 71.141060 78.461236 1.000000 1.000000 1.000000 0.983094
92 0.000000 0.000000 0.000000
93 1 33.303542 91.330361 167.962306 2.000000 2.000000 1.000000 1.127810
93 0.000000 0.000000 0.000000
95 1 69.749005 19.606156 57.447200 2.000000 2.000000 1.000000 1.127810
95 0.000000 0.000000 0.000000
101 1 88.811391 15.302288 132.313310 3.000000 3.000000 1.000000 1.197480
101 0.000000 0.000000 0.000000
102 1 40.125843 58.675771 119.233131 3.000000 3.000000 1.000000 1.197480
102 0.000000 0.000000 0.000000
103 1 82.226622 62.232410 153.623074 3.000000 3.000000 1.000000 1.197480
103 0.000000 0.000000 0.000000
104 1 84.281773 17.019373 68.212558 1.000000 1.000000 1.000000 0.983094
104 0.000000 0.000000 0.000000
105 1 37.909661 39.450745 171.514940 2.000000 2.000000 1.000000 1.127810
105 0.000000 0.000000 0.000000
106 1 84.556695 30.569756 150.907131 2.000000 2.000000 1.000000 1.127810
106 0.000000 0.000000 0.000000
108 1 84.651375 10.758567 188.748533 1.000000 1.000000 1.000000 0.983094
108 0.000000 0.000000 0.000000
109 1 0.280985 17.341129 149.257730 2.000000 2.000000 1.000000 1.127810
109 0.000000 0.000000 0.000000
111 1 97.625143 2.063114 111.336540 2.000000 2.000000 1.000000 1.127810
111 0.000000 0.000000 0.000000
115 1 63.019399 20.717905 138.102005 4.000000 4.000000 1.000000 1.237850
115 0.000000 0.000000 0.000000
118 1 66.325321 3.784581 48.450007 5.000000 5.000000 1.000000 1.263720
118 0.000000 0.000000 0.000000
119 1 54.042655 53.161169 182.779481 1.000000 1.000000 1.000000 0.983094
119 0.000000 0.000000 0.000000
120 1 9.332383 55.794541 35.996632 2.000000 2.000000 1.000000 1.127810
120 0.000000 0.000000 0.000000
122 1 48.186882 16.923748 172.600486 3.000000 3.000000 1.000000 1.197480
122 0.000000 0.000000 0.000000
124 1 76.699442 59.310625 196.472056 1.000000 1.000000 1.000000 0.983094
124 0.000000 0.000000 0.000000
125 1 80.171030 10.987387 36.914490 1.000000 1.000000 1.000000 0.983094
125 0.000000 0.000000 0.000000
127 1 34.017576 20.183426 186.461692 3.000000 3.000000 1.000000 1.197480
127 0.000000 0.000000 0.000000
128 1 43.943944 13.275485 139.546345 1.000000 1.000000 1.000000 0.983094
128 0.000000 0.000000 0.000000
129 1 61.836878 74.591123 153.667295 2.000000 2.000000 1.000000 1.127810
129 0.000000 0.000000 0.000000
131 1 50.850814 72.750643 91.165106 3.000000 3.000000 1.000000 1.197480
131 0.000000 0.000000 0.000000
133 1 37.068020 19.917596 96.097673 2.000000 2.000000 1.000000 1.127810
133 0.000000 0.000000 0.000000
135 1 95.234969 0.665237 20.253400 3.000000 3.000000 1.000000 1.197480
135 0.000000 0.000000 0.000000
138 1 77.845519 57.057699 183.222959 1.000000 1.000000 1.000000 0.983094
138 0.000000 0.000000 0.000000
140 1 84.499637 87.733789 187.748347 2.000000 2.000000 1.000000 1.127810
140 0.000000 0.000000 0.000000
142 1 46.574410 22.894625 98.526559 2.000000 2.000000 1.000000 1.127810
142 0.000000 0.000000 0.000000
145 1 70.983789 63.276493 175.177121 1.000000 1.000000 1.000000 0.983094
145 0.000000 0.000000 0.000000
149 1 39.083568 18.302222 82.819280 1.000000 1.000000 1.000000 0.983094
149 0.000000 0.000000 0.000000
150 1 50.778415 23.568678 25.532356 4.000000 4.000000 1.000000 1.237850
150 0.000000 0.000000 0.000000
151 1 10.544207 70.929536 156.650689 2.000000 2.000000 1.000000 1.127810
151 0.000000 0.000000 0.000000
152 1 63.142539 46.439828 110.063130 1.000000 1.000000 1.000000 0.983094
152 0.000000 0.000000 0.000000
156 1 83.436856 93.926379 50.374329 2.000000 2.000000 1.000000 1.127810
156 0.000000 0.000000 0.000000
161 1 69.139471 29.501216 96.654435 1.000000 1.000000 1.000000 0.983094
161 0.000000 0.000000 0.000000
164 1 32.995846 21.315384 190.724681 1.000000 1.000000 1.000000 0.983094
164 0.000000 0.000000 0.000000
165 1 6.260387 29.290683 150.814414 2.000000 2.000000 1.000000 1.127810
165 0.000000 0.000000 0.000000
166 1 73.719596 70.617488 121.712668 1.000000 1.000000 1.000000 0.983094
166 0.000000 0.000000 0.000000
169 1 57.914650 44.757427 20.680097 2.000000 2.000000 1.000000 1.127810
169 0.000000 0.000000 0.000000
172 1 37.961158 2.210000 63.375022 2.000000 2.000000 1.000000 1.127810
172 0.000000 0.000000 0.000000
177 1 71.822229 32.724431 134.165915 1.000000 1.000000 1.000000 0.983094
177 0.000000 0.000000 0.000000
182 1 45.385896 49.481453 40.917783 1.000000 1.000000 1.000000 0.983094
182 0.000000 0.000000 0.000000
184 1 65.967154 24.221358 100.237483 1.000000 1.000000 1.000000 0.983094
184 0.000000 0.000000 0.000000
185 1 64.200228 83.209227 2.068395 2.000000 2.000000 1.000000 1.127810
185 0.000000 0.000000 0.000000
190 1 8.256584 37.959645 12.366651 1.000000 1.000000 1.000000 0.983094
190 0.000000 0.000000 0.000000
191 1 26.430255 57.175928 76.167609 1.000000 1.000000 1.000000 0.983094
191 0.000000 0.000000 0.000000
192 1 59.973699 85.286108 38.630901 1.000000 1.000000 1.000000 0.983094
192 0.000000 0.000000 0.000000
194 1 91.209309 43.600941 138.605086 1.000000 1.000000 1.000000 0.983094
194 0.000000 0.000000 0.000000
195 1 2.940041 48.104175 172.709864 5.000000 5.000000 1.000000 1.263720
195 0.000000 0.000000 0.000000
202 1 69.419982 1.040577 193.477300 1.000000 1.000000 1.000000 0.983094
202 0.000000 0.000000 0.000000
207 1 35.399019 86.070547 157.951143 1.000000 1.000000 1.000000 0.983094
207 0.000000 0.000000 0.000000
208 1 95.656284 17.499270 135.856356 2.000000 2.000000 1.000000 1.127810
208 0.000000 0.000000 0.000000
209 1 64.587338 43.252695 102.456321 4.000000 4.000000 1.000000 1.237850
209 0.000000 0.000000 0.000000
211 1 46.681335 47.528347 91.714760 5.000000 5.000000 1.000000 1.263720
211 0.000000 0.000000 0.000000
212 1 99.206368 38.697627 121.512226 1.000000 1.000000 1.000000 0.983094
212 0.000000 0.000000 0.000000
214 1 66.604943 43.881941 170.114131 1.000000 1.000000 1.000000 0.983094
214 0.000000 0.000000 0.000000
215 1 25.741582 26.126516 50.408300 1.000000 1.000000 1.000000 0.983094
215 0.000000 0.000000 0.000000
218 1 37.659812 75.412341 126.788133 2.000000 2.000000 1.000000 1.127810
218 0.000000 0.000000 0.000000
220 1 17.173036 84.198799 85.503077 2.000000 2.000000 1.000000 1.127810
220 0.000000 0.000000 0.000000
221 1 18.745941 24.683056 157.346433 1.000000 1.000000 1.000000 0.983094
221 0.000000 0.000000 0.000000
223 1 68.716772 62.619738 160.986204 1.000000 1.000000 1.000000 0.983094
223 0.000000 0.000000 0.000000
224 1 42.072602 7.329279 176.680322 1.000000 1.000000 1.000000 0.983094
224 0.000000 0.000000 0.000000
225 1 12.129959 5.166250 142.444870 3.000000 3.000000 1.000000 1.197480
225 0.000000 0.000000 0.000000
226 1 9.410821 87.819383 57.508925 2.000000 2.000000 1.000000 1.127810
226 0.000000 0.000000 0.000000
227 1 45.963248 17.056346 170.614452 3.000000 3.000000 1.000000 1.197480
227 0.000000 0.000000 0.000000
228 1 51.815100 56.159694 55.744019 1.000000 1.000000 1.000000 0.983094
228 0.000000 0.000000 0.000000
229 1 85.868572 96.511502 17.002009 3.000000 3.000000 1.000000 1.197480
229 0.000000 0.000000 0.000000
232 1 20.799229 69.207325 75.430153 3.000000 3.000000 1.000000 1.197480
232 0.000000 0.000000 0.000000
235 1 86.146550 74.211071 4.421938 4.000000 4.000000 1.000000 1.237850
235 0.000000 0.000000 0.000000
236 1 59.893021 15.290831 41.644312 1.000000 1.000000 1.000000 0.983094
236 0.000000 0.000000 0.000000
237 1 24.593974 5.825730 60.159904 1.000000 1.000000 1.000000 0.983094
237 0.000000 0.000000 0.000000
238 1 25.264478 39.060261 103.889909 2.000000 2.000000 1.000000 1.127810
238 0.000000 0.000000 0.000000
239 1 10.610579 95.733936 192.774221 4.000000 4.000000 1.000000 1.237850
239 0.000000 0.000000 0.000000
240 1 27.967159 41.791822 59.269449 2.000000 2.000000 1.000000 1.127810
240 0.000000 0.000000 0.000000
241 1 89.770904 43.577233 47.423559 1.000000 1.000000 1.000000 0.983094
241 0.000000 0.000000 0.000000
244 1 95.507399 87.316114 82.576408 2.000000 2.000000 1.000000 1.127810
244 0.000000 0.000000 0.000000
246 1 54.029709 20.866859 89.204247 2.000000 2.000000 1.000000 1.127810
246 0.000000 0.000000 0.000000
247 1 20.105337 6.530813 147.000354 1.000000 1.000000 1.000000 0.983094
247 0.000000 0.000000 0.000000
250 1 99.168011 9.093698 132.759929 1.000000 1.000000 1.000000 0.983094
250 0.000000 0.000000 0.000000
252 1 81.359829 50.277230 32.087304 1.000000 1.000000 1.000000 0.983094
252 0.000000 0.000000 0.000000
254 1 52.964642 17.151807 188.217463 1.000000 1.000000 1.000000 0.983094
254 0.000000 0.000000 0.000000
255 1 90.295146 31.644359 48.453539 2.000000 2.000000 1.000000 1.127810
255 0.000000 0.000000 0.000000
257 1 4.709106 62.321250 47.240872 1.000000 1.000000 1.000000 0.983094
257 0.000000 0.000000 0.000000
258 1 48.066886 99.690180 150.189924 1.000000 1.000000 1.000000 0.983094
258 0.000000 0.000000 0.000000
261 1 24.033190 29.322655 17.292787 9.000000 9.000000 1.000000 1.310140
261 0.000000 0.000000 0.000000
263 1 62.353195 73.543565 14.595573 2.000000 2.000000 1.000000 1.127810
263 0.000000 0.000000 0.000000
264 1 21.041529 71.396400 11.476142 4.000000 4.000000 1.000000 1.237850
264 0.000000 0.000000 0.000000
265 1 5.007508 72.213658 49.753442 2.000000 2.000000 1.000000 1.127810
265 0.000000 0.000000 0.000000
275 1 92.898676 23.446952 102.406119 3.000000 3.000000 1.000000 1.197480
275 0.000000 0.000000 0.000000
276 1 37.061418 47.188679 62.101202 3.000000 3.000000 1.000000 1.197480
276 0.000000 0.000000 0.000000
277 1 92.395418 34.671948 160.667566 4.000000 4.000000 1.000000 1.237850
277 0.000000 0.000000 0.000000
283 1 67.810075 35.891870 88.620881 1.000000 1.000000 1.000000 0.983094
283 0.000000 0.000000 0.000000
284 1 6.374091 18.451120 7.119096 1.000000 1.000000 1.000000 0.983094
284 0.000000 0.000000 0.000000
286 1 59.589595 75.356392 45.911848 6.000000 6.000000 1.000000 1.281330
286 0.000000 0.000000 0.000000
287 1 66.922618 67.032476 22.840456 2.000000 2.000000 1.000000 1.127810
287 0.000000 0.000000 0.000000
290 1 54.309478 2.826680 86.267393 1.000000 1.000000 1.000000 0.983094
290 0.000000 0.000000 0.000000
291 1 37.264052 85.202023 40.865940 1.000000 1.000000 1.000000 0.983094
291 0.000000 0.000000 0.000000
293 1 31.061814 78.824456 115.121196 3.000000 3.000000 1.000000 1.197480
293 0.000000 0.000000 0.000000
295 1 71.495941 27.096289 166.678491 1.000000 1.000000 1.000000 0.983094
295 0.000000 0.000000 0.000000
296 1 97.902401 98.766823 88.128678 1.000000 1.000000 1.000000 0.983094
296 0.000000 0.000000 0.000000
298 1 66.835303 8.610127 96.485301 3.000000 3.000000 1.000000 1.197480
298 0.000000 0.000000 0.000000
304 1 31.195330 99.073143 11.943263 2.000000 2.000000 1.000000 1.127810
304 0.000000 0.000000 0.000000
305 1 30.622818 37.511317 115.107973 1.000000 1.000000 1.000000 0.983094
305 0.000000 0.000000 0.000000
309 1 52.005986 5.587890 168.662435 1.000000 1.000000 1.000000 0.983094
309 0.000000 0.000000 0.000000
311 1 60.743756 76.293704 174.500964 1.000000 1.000000 1.000000 0.983094
311 0.000000 0.000000 0.000000
314 1 67.001711 93.263089 52.332823 1.000000 1.000000 1.000000 0.983094
314 0.000000 0.000000 0.000000
315 1 90.471275 34.474542 103.361283 6.000000 6.000000 1.000000 1.281330
315 0.000000 0.000000 0.000000
319 1 27.500555 70.718104 130.067210 5.000000 5.000000 1.000000 1.263720
319 0.000000 0.000000 0.000000
320 1 31.348463 41.033040 116.009119 1.000000 1.000000 1.000000 0.983094
320 0.000000 0.000000 0.000000
321 1 88.839908 5.846697 105.551520 2.000000 2.000000 1.000000 1.127810
321 0.000000 0.000000 0.000000
324 1 58.276179 93.054078 56.419099 2.000000 2.000000 1.000000 1.127810
324 0.000000 0.000000 0.000000
326 1 79.228865 46.948253 24.366909 2.000000 2.000000 1.000000 1.127810
326 0.000000 0.000000 0.000000
328 1 22.737637 30.460584 176.873267 3.000000 3.000000 1.000000 1.197480
328 0.000000 0.000000 0.000000
329 1 3.458288 68.744279 113.964288 2.000000 2.000000 1.000000 1.127810
329 0.000000 0.000000 0.000000
332 1 34.593517 26.052259 194.392284 1.000000 1.000000 1.000000 0.983094
332 0.000000 0.000000 0.000000
333 1 74.641249 33.764719 44.286474 2.000000 2.000000 1.000000 1.127810
333 0.000000 0.000000 0.000000
337 1 31.238745 51.252498 101.532488 1.000000 1.000000 1.000000 0.983094
337 0.000000 0.000000 0.000000
338 1 49.589326 13.606766 133.448711 2.000000 2.000000 1.000000 1.127810
338 0.000000 0.000000 0.000000
339 1 66.222333 37.028541 64.923739 2.000000 2.000000 1.000000 1.127810
339 0.000000 0.000000 0.000000
342 1 75.116157 72.287446 12.082359 3.000000 3.000000 1.000000 1.197480
342 0.000000 0.000000 0.000000
343 1 5.279718 34.222078 115.163221 1.000000 1.000000 1.000000 0.983094
343 0.000000 0.000000 0.000000
344 1 93.594441 80.072383 38.302779 3.000000 3.000000 1.000000 1.197480
344 0.000000 0.000000 0.000000
345 1 39.305755 44.455285 146.985777 3.000000 3.000000 1.000000 1.197480
345 0.000000 0.000000 0.000000
346 1 33.336835 23.784263 27.736989 1.000000 1.000000 1.000000 0.983094
346 0.000000 0.000000 0.000000
349 1 80.962457 14.250655 141.282815 1.000000 1.000000 1.000000 0.983094
349 0.000000 0.000000 0.000000
350 1 94.170470 59.692974 56.261650 1.000000 1.000000 1.000000 0.983094
350 0.000000 0.000000 0.000000
352 1 59.942248 92.505206 85.530915 1.000000 1.000000 1.000000 0.983094
352 0.000000 0.000000 0.000000
355 1 70.146743 44.594766 109.785372 3.000000 3.000000 1.000000 1.197480
355 0.000000 0.000000 0.000000
357 1 18.194783 63.753043 50.855734 1.000000 1.000000 1.000000 0.983094
357 0.000000 0.000000 0.000000
358 1 66.468109 26.516774 120.325777 1.000000 1.000000 1.000000 0.983094
358 0.000000 0.000000 0.000000
360 1 74.864180 70.629561 194.955882 2.000000 2.000000 1.000000 1.127810
360 0.000000 0.000000 0.000000
361 1 14.097011 31.409228 92.737688 1.000000 1.000000 1.000000 0.983094
361 0.000000 0.000000 0.000000
362 1 64.506003 51.403486 128.151846 2.000000 2.000000 1.000000 1.127810
362 0.000000 0.000000 0.000000
363 1 32.146398 94.572466 3.829948 1.000000 1.000000 1.000000 0.983094
363 0.000000 0.000000 0.000000
365 1 40.105107 52.671455 183.166063 2.000000 2.000000 1.000000 1.127810
365 0.000000 0.000000 0.000000
367 1 44.813637 73.510719 48.966801 4.000000 4.000000 1.000000 1.237850
367 0.000000 0.000000 0.000000
368 1 58.519910 72.172917 151.964215 2.000000 2.000000 1.000000 1.127810
368 0.000000 0.000000 0.000000
370 1 42.745695 24.985224 119.171918 1.000000 1.000000 1.000000 0.983094
370 0.000000 0.000000 0.000000
372 1 78.612197 20.649084 186.345052 2.000000 2.000000 1.000000 1.127810
372 0.000000 0.000000 0.000000
373 1 73.860281 74.622406 118.937718 1.000000 1.000000 1.000000 0.983094
373 0.000000 0.000000 0.000000
375 1 56.203525 30.214067 188.721254 3.000000 3.000000 1.000000 1.197480
375 0.000000 0.000000 0.000000
378 1 58.721064 48.512752 78.722752 1.000000 1.000000 1.000000 0.983094
378 0.000000 0.000000 0.000000
379 1 58.994852 1.410018 79.028059 1.000000 1.000000 1.000000 0.983094
379 0.000000 0.000000 0.000000
381 1 14.703158 48.639416 86.995200 1.000000 1.000000 1.000000 0.983094
381 0.000000 0.000000 0.000000
382 1 4.304548 75.544084 159.437102 2.000000 2.000000 1.000000 1.127810
382 0.000000 0.000000 0.000000
383 1 80.772927 93.604579 179.715894 3.000000 3.000000 1.000000 1.197480
383 0.000000 0.000000 0.000000
384 1 37.496285 73.962099 76.877257 1.000000 1.000000 1.000000 0.983094
384 0.000000 0.000000 0.000000
385 1 34.257795 9.198777 127.297902 4.000000 4.000000 1.000000 1.237850
385 0.000000 0.000000 0.000000
386 1 37.178092 92.801874 36.727060 2.000000 2.000000 1.000000 1.127810
386 0.000000 0.000000 0.000000
387 1 88.002926 11.235101 9.564212 3.000000 3.000000 1.000000 1.197480
387 0.000000 0.000000 0.000000
391 1 94.482970 8.354453 44.562403 2.000000 2.000000 1.000000 1.127810
391 0.000000 0.000000 0.000000
393 1 29.187221 48.738925 123.386058 1.000000 1.000000 1.000000 0.983094
393 0.000000 0.000000 0.000000
394 1 64.637865 0.745602 188.987722 5.000000 5.000000 1.000000 1.263720
394 0.000000 0.000000 0.000000
400 1 56.725557 28.266934 32.534352 1.000000 1.000000 1.000000 0.983094
400 0.000000 0.000000 0.000000
401 1 52.828222 29.717208 19.776928 1.000000 1.000000 1.000000 0.983094
401 0.000000 0.000000 0.000000
405 1 0.756734 19.982326 32.934196 1.000000 1.000000 1.000000 0.983094
405 0.000000 0.000000 0.000000
407 1 70.788015 32.217108 198.028888 1.000000 1.000000 1.000000 0.983094
407 0.000000 0.000000 0.000000
408 1 1.032742 97.889488 78.735539 3.000000 3.000000 1.000000 1.197480
408 0.000000 0.000000 0.000000
409 1 30.739115 33.332551 150.837110 1.000000 1.000000 1.000000 0.983094
409 0.000000 0.000000 0.000000
412 1 31.607604 73.058922 165.236652 1.000000 1.000000 1.000000 0.983094
412 0.000000 0.000000 0.000000
413 1 0.184718 7.986469 12.157098 1.000000 1.000000 1.000000 0.983094
413 0.000000 0.000000 0.000000
414 1 5.908280 77.348588 45.278016 2.000000 2.000000 1.000000 1.127810
414 0.000000 0.000000 0.000000
415 1 5.666654 87.971567 65.322350 2.000000 2.000000 1.000000 1.127810
415 0.000000 0.000000 0.000000
417 1 81.902129 5.925906 131.442099 3.000000 3.000000 1.000000 1.197480
417 0.000000 0.000000 0.000000
418 1 27.700864 94.790901 33.965551 3.000000 3.000000 1.000000 1.197480
418 0.000000 0.000000 0.000000
419 1 84.123299 49.371826 75.105255 1.000000 1.000000 1.000000 0.983094
419 0.000000 0.000000 0.000000
420 1 39.046928 32.833306 83.155037 3.000000 3.000000 1.000000 1.197480
420 0.000000 0.000000 0.000000
421 1 47.399134 34.176014 167.768373 1.000000 1.000000 1.000000 0.983094
421 0.000000 0.000000 0.000000
422 1 61.558507 12.881114 196.305044 1.000000 1.000000 1.000000 0.983094
422 0.000000 0.000000 0.000000
427 1 7.829090 39.363581 174.918148 2.000000 2.000000 1.000000 1.127810
427 0.000000 0.000000 0.000000
428 1 96.767491 73.616249 71.190848 2.000000 2.000000 1.000000 1.127810
428 0.000000 0.000000 0.000000
429 1 62.009224 80.749530 163.815837 1.000000 1.000000 1.000000 0.983094
429 0.000000 0.000000 0.000000
430 1 34.523376 68.738833 8.660843 3.000000 3.000000 1.000000 1.197480
430 0.000000 0.000000 0.000000
431 1 28.209495 63.002922 72.557974 2.000000 2.000000 1.000000 1.127810
431 0.000000 0.000000 0.000000
435 1 30.364217 65.211568 1.498907 1.000000 1.000000 1.000000 0.983094
435 0.000000 0.000000 0.000000
437 1 47.574340 15.877654 134.297302 1.000000 1.000000 1.000000 0.983094
437 0.000000 0.000000 0.000000
439 1 24.750506 0.557392 50.794327 1.000000 1.000000 1.000000 0.983094
439 0.000000 0.000000 0.000000
440 1 23.825234 11.174522 76.573187 2.000000 2.000000 1.000000 1.127810
440 0.000000 0.000000 0.000000
443 1 53.358817 84.415409 129.719464 1.000000 1.000000 1.000000 0.983094
443 0.000000 0.000000 0.000000
444 1 36.741660 90.589133 69.256418 1.000000 1.000000 1.000000 0.983094
444 0.000000 0.000000 0.000000
450 1 41.657826 46.309065 184.459258 2.000000 2.000000 1.000000 1.127810
450 0.000000 0.000000 0.000000
451 1 57.911174 8.566244 3.391162 4.000000 4.000000 1.000000 1.237850
451 0.000000 0.000000 0.000000
452 1 64.909772 1.211311 12.444251 2.000000 2.000000 1.000000 1.127810
452 0.000000 0.000000 0.000000
454 1 14.288360 23.456258 159.027168 1.000000 1.000000 1.000000 0.983094
454 0.000000 0.000000 0.000000
457 1 6.787530 33.997640 194.413053 1.000000 1.000000 1.000000 0.983094
457 0.000000 0.000000 0.000000
458 1 9.888774 68.881891 50.640219 1.000000 1.000000 1.000000 0.983094
458 0.000000 0.000000 0.000000
460 1 48.347014 98.183856 40.023749 1.000000 1.000000 1.000000 0.983094
460 0.000000 0.000000 0.000000
461 1 20.924253 89.650598 192.775049 5.000000 5.000000 1.000000 1.263720
461 0.000000 0.000000 0.000000
463 1 5.106843 39.572839 187.040786 1.000000 1.000000 1.000000 0.983094
463 0.000000 0.000000 0.000000
465 1 48.084818 2.932467 36.656848 1.000000 1.000000 1.000000 0.983094
465 0.000000 0.000000 0.000000
466 1 38.909350 51.267754 27.832441 1.000000 1.000000 1.000000 0.983094
466 0.000000 0.000000 0.000000
468 1 47.545114 12.701858 92.606978 1.000000 1.000000 1.000000 0.983094
468 0.000000 0.000000 0.000000
469 1 35.942450 0.586656 197.341095 5.000000 5.000000 1.000000 1.263720
469 0.000000 0.000000 0.000000
471 1 67.553778 62.476036 101.562639 1.000000 1.000000 1.000000 0.983094
471 0.000000 0.000000 0.000000
472 1 84.288320 98.869365 131.261055 2.000000 2.000000 1.000000 1.127810
472 0.000000 0.000000 0.000000
473 1 23.774077 0.164196 37.346775 1.000000 1.000000 1.000000 0.983094
473 0.000000 0.000000 0.000000
476 1 24.893927 3.516129 119.689950 4.000000 4.000000 1.000000 1.237850
476 0.000000 0.000000 0.000000
477 1 66.144985 78.860116 179.904105 1.000000 1.000000 1.000000 0.983094
477 0.000000 0.000000 0.000000
478 1 25.012479 45.260874 130.674214 1.000000 1.000000 1.000000 0.983094
478 0.000000 0.000000 0.000000
481 1 90.315303 91.137655 191.071090 1.000000 1.000000 1.000000 0.983094
481 0.000000 0.000000 0.000000
484 1 49.262537 7.561245 68.863596 1.000000 1.000000 1.000000 0.983094
484 0.000000 0.000000 0.000000
485 1 8.134998 13.149983 189.556488 1.000000 1.000000 1.000000 0.983094
485 0.000000 0.000000 0.000000
487 1 71.295736 36.424677 185.048897 4.000000 4.000000 1.000000 1.237850
487 0.000000 0.000000 0.000000
488 1 18.138262 66.255413 105.896820 2.000000 2.000000 1.000000 1.127810
488 0.000000 0.000000 0.000000
489 1 75.242084 78.977998 43.775311 1.000000 1.000000 1.000000 0.983094
489 0.000000 0.000000 0.000000
492 1 62.756372 42.223415 0.157498 2.000000 2.000000 1.000000 1.127810
492 0.000000 0.000000 0.000000
493 1 67.714227 58.926267 38.519505 5.000000 5.000000 1.000000 1.263720
493 0.000000 0.000000 0.000000
496 1 80.078622 89.968893 30.540364 1.000000 1.000000 1.000000 0.983094
496 0.000000 0.000000 0.000000
497 1 41.025212 59.892100 30.072386 1.000000 1.000000 1.000000 0.983094
497 0.000000 0.000000 0.000000
498 1 35.943045 90.218454 184.166040 3.000000 3.000000 1.000000 1.197480
498 0.000000 0.000000 0.000000
