RESTART FILE
Timestep: 300

NUMBER OF PARTICLES
320

SIMULATION BOX
100 100 200

TIMESTEP
0.1

ATTRACTION RADIUS
25
0.983094 1.12781 1.19748 1.23785 1.26372 1.28133 1.2939 1.30312 1.31014 1.31562 1.32005 1.32351 1.32648 1.32881 1.33082 1.33244 1.33389 1.33515 1.3363 1.33723 1.33803 1.33868 1.33937 1.33991 1.34042 

AGGREGATES/BEADS
0 1 85.476896 56.379430 42.530829 1.000000 1.000000 1.000000 0.983094
0 0.000000 0.000000 0.000000
1 1 79.619802 20.350822 149.410206 2.000000 2.000000 1.000000 1.127810
1 0.000000 0.000000 0.000000
3 1 14.556836 63.205343 97.292710 1.000000 1.000000 1.000000 0.983094
3 0.000000 0.000000 0.000000
4 1 30.643197 89.704280 95.046809 1.000000 1.000000 1.000000 0.983094
4 0.000000 0.000000 0.000000
6 1 79.657252 2.996325 3.560484 1.000000 1.000000 1.000000 0.983094
6 0.000000 0.000000 0.000000
7 1 87.429043 97.308243 127.778036 1.000000 1.000000 1.000000 0.983094
7 0.000000 0.000000 0.000000
8 1 53.917740 15.959224 113.482627 4.000000 4.000000 1.000000 1.237850
8 0.000000 0.000000 0.000000
9 1 28.800922 17.032231 45.273478 1.000000 1.000000 1.000000 0.983094
9 0.000000 0.000000 0.000000
10 1 62.333661 11.656534 45.501732 1.000000 1.000000 1.000000 0.983094
10 0.000000 0.000000 0.000000
11 1 17.987813 45.810285 18.233989 1.000000 1.000000 1.000000 0.983094
11 0.000000 0.000000 0.000000
13 1 41.471972 65.341923 198.595821 1.000000 1.000000 1.000000 0.983094
13 0.000000 0.000000 0.000000
14 1 14.702346 26.950804 46.319924 2.000000 2.000000 1.000000 1.127810
14 0.000000 0.000000 0.000000
15 1 77.288232 60.590578 187.046823 1.000000 1.000000 1.000000 0.983094
15 0.000000 0.000000 0.000000
16 1 71.687122 53.792547 26.562210 1.000000 1.000000 1.000000 0.983094
16 0.000000 0.000000 0.000000
17 1 2.742265 94.980834 76.631206 1.000000 1.000000 1.000000 0.983094
17 0.000000 0.000000 0.000000
19 1 51.040591 44.696157 155.845510 1.000000 1.000000 1.000000 0.983094
19 0.000000 0.000000 0.000000
20 1 72.051261 30.503506 89.146379 2.000000 2.000000 1.000000 1.127810
20 0.000000 0.000000 0.000000
22 1 54.295831 53.826755 179.536684 1.000000 1.000000 1.000000 0.983094
22 0.000000 0.000000 0.000000
24 1 49.029701 58.809471 76.431341 1.000000 1.000000 1.000000 0.983094
24 0.000000 0.000000 0.000000
25 1 70.462191 62.729412 68.675835 1.000000 1.000000 1.000000 0.983094
25 0.000000 0.000000 0.000000
26 1 13.676393 96.221153 50.774127 1.000000 1.000000 1.000000 0.983094
26 0.000000 0.000000 0.000000
27 1 65.302343 91.741426 198.971410 3.000000 3.000000 1.000000 1.197480
27 0.000000 0.000000 0.000000
29 1 48.916344 42.511156 23.328242 1.000000 1.000000 1.000000 0.983094
29 0.000000 0.000000 0.000000
30 1 30.676266 49.546736 173.221362 1.000000 1.000000 1.000000 0.983094
30 0.000000 0.000000 0.000000
32 1 7.604132 69.098939 179.235587 1.000000 1.000000 1.000000 0.983094
32 0.000000 0.000000 0.000000
38 1 65.235145 67.281311 81.009442 3.000000 3.000000 1.000000 1.197480
38 0.000000 0.000000 0.000000
40 1 10.158349 0.325418 84.925761 1.000000 1.000000 1.000000 0.983094
40 0.000000 0.000000 0.000000
41 1 3.480220 17.434242 113.588852 1.000000 1.000000 1.000000 0.983094
41 0.000000 0.000000 0.000000
42 1 35.268109 69.348816 134.889668 3.000000 3.000000 1.000000 1.197480
42 0.000000 0.000000 0.000000
43 1 22.458930 79.745032 197.250330 3.000000 3.000000 1.000000 1.197480
43 0.000000 0.000000 0.000000
44 1 64.290777 69.367007 137.638547 1.000000 1.000000 1.000000 0.983094
44 0.000000 0.000000 0.000000
45 1 40.782909 9.174561 59.813775 1.000000 1.000000 1.000000 0.983094
45 0.000000 0.000000 0.000000
46 1 60.439951 92.652420 49.330387 3.000000 3.000000 1.000000 1.197480
46 0.000000 0.000000 0.000000
47 1 2.450533 91.147234 18.104847 1.000000 1.000000 1.000000 0.983094
47 0.000000 0.000000 0.000000
49 1 14.989660 50.741578 28.035155 1.000000 1.000000 1.000000 0.983094
49 0.000000 0.000000 0.000000
50 1 66.063089 70.865270 41.595345 2.000000 2.000000 1.000000 1.127810
50 0.000000 0.000000 0.000000
51 1 18.158006 48.927580 152.836725 3.000000 3.000000 1.000000 1.197480
51 0.000000 0.000000 0.000000
52 1 73.787091 85.285543 152.494160 1.000000 1.000000 1.000000 0.983094
52 0.000000 0.000000 0.000000
53 1 47.142589 95.839896 49.561190 3.000000 3.000000 1.000000 1.197480
53 0.000000 0.000000 0.000000
54 1 57.575675 76.341743 39.646046 1.000000 1.000000 1.000000 0.983094
54 0.000000 0.000000 0.000000
57 1 52.345599 88.091667 147.184362 1.000000 1.000000 1.000000 0.983094
57 0.000000 0.000000 0.000000
58 1 36.944566 67.187795 68.613871 3.000000 3.000000 1.000000 1.197480
58 0.000000 0.000000 0.000000
59 1 41.415644 85.943807 31.589213 1.000000 1.000000 1.000000 0.983094
59 0.000000 0.000000 0.000000
61 1 54.132708 85.748686 187.171881 2.000000 2.000000 1.000000 1.127810
61 0.000000 0.000000 0.000000
63 1 28.872800 32.051459 19.247822 2.000000 2.000000 1.000000 1.127810
63 0.000000 0.000000 0.000000
65 1 4.550377 82.264408 96.202951 1.000000 1.000000 1.000000 0.983094
65 0.000000 0.000000 0.000000
66 1 89.934827 42.170407 165.381461 3.000000 3.000000 1.000000 1.197480
66 0.000000 0.000000 0.000000
67 1 47.425630 29.420681 22.933502 1.000000 1.000000 1.000000 0.983094
67 0.000000 0.000000 0.000000
68 1 99.731510 49.419091 156.089468 1.000000 1.000000 1.000000 0.983094
68 0.000000 0.000000 0.000000
71 1 80.873089 54.352020 11.640279 1.000000 1.000000 1.000000 0.983094
71 0.000000 0.000000 0.000000
72 1 0.290083 58.228909 59.534198 2.000000 2.000000 1.000000 1.127810
72 0.000000 0.000000 0.000000
73 1 54.762896 50.452536 54.674963 5.000000 5.000000 1.000000 1.263720
73 0.000000 0.000000 0.000000
74 1 57.501663 89.042332 71.791160 1.000000 1.000000 1.000000 0.983094
74 0.000000 0.000000 0.000000
76 1 63.404919 30.162009 22.647763 1.000000 1.000000 1.000000 0.983094
76 0.000000 0.000000 0.000000
82 1 52.765253 3.755352 123.371208 1.000000 1.000000 1.000000 0.983094
82 0.000000 0.000000 0.000000
84 1 84.219597 35.541840 162.169542 1.000000 1.000000 1.000000 0.983094
84 0.000000 0.000000 0.000000
85 1 22.185247 11.462708 82.869822 1.000000 1.000000 1.000000 0.983094
85 0.000000 0.000000 0.000000
86 1 97.599790 5.951223 76.234075 1.000000 1.000000 1.000000 0.983094
86 0.000000 0.000000 0.000000
88 1 14.941237 0.823675 153.050569 2.000000 2.000000 1.000000 1.127810
88 0.000000 0.000000 0.000000
90 1 28.856952 83.634368 41.032421 3.000000 3.000000 1.000000 1.197480
90 0.000000 0.000000 0.000000
92 1 95.137174 85.085190 72.810461 1.000000 1.000000 1.000000 0.983094
92 0.000000 0.000000 0.000000
93 1 45.318618 88.672490 167.476179 2.000000 2.000000 1.000000 1.127810
93 0.000000 0.000000 0.000000
94 1 96.080111 84.353309 114.325513 5.000000 5.000000 1.000000 1.263720
94 0.000000 0.000000 0.000000
95 1 69.577106 24.618218 42.891168 2.000000 2.000000 1.000000 1.127810
95 0.000000 0.000000 0.000000
98 1 65.912221 50.090013 67.131069 2.000000 2.000000 1.000000 1.127810
98 0.000000 0.000000 0.000000
101 1 79.393757 14.852963 119.746078 2.000000 2.000000 1.000000 1.127810
101 0.000000 0.000000 0.000000
102 1 45.664266 54.873948 112.428338 3.000000 3.000000 1.000000 1.197480
102 0.000000 0.000000 0.000000
103 1 83.996675 58.595867 139.731078 3.000000 3.000000 1.000000 1.197480
103 0.000000 0.000000 0.000000
104 1 79.752371 1.936737 83.370067 1.000000 1.000000 1.000000 0.983094
104 0.000000 0.000000 0.000000
105 1 56.464671 30.548387 169.236547 2.000000 2.000000 1.000000 1.127810
105 0.000000 0.000000 0.000000
106 1 81.120298 27.485119 141.887750 2.000000 2.000000 1.000000 1.127810
106 0.000000 0.000000 0.000000
108 1 78.911967 35.709836 161.186507 1.000000 1.000000 1.000000 0.983094
108 0.000000 0.000000 0.000000
109 1 0.145314 0.447287 156.353685 2.000000 2.000000 1.000000 1.127810
109 0.000000 0.000000 0.000000
111 1 5.113802 7.712770 97.579244 2.000000 2.000000 1.000000 1.127810
111 0.000000 0.000000 0.000000
115 1 65.377518 35.851270 131.735345 1.000000 1.000000 1.000000 0.983094
115 0.000000 0.000000 0.000000
117 1 19.301329 60.865484 9.040670 2.000000 2.000000 1.000000 1.127810
117 0.000000 0.000000 0.000000
118 1 45.030699 0.873425 41.937841 1.000000 1.000000 1.000000 0.983094
118 0.000000 0.000000 0.000000
119 1 42.846061 42.264254 177.696293 1.000000 1.000000 1.000000 0.983094
119 0.000000 0.000000 0.000000
120 1 99.621765 64.420420 29.856147 1.000000 1.000000 1.000000 0.983094
120 0.000000 0.000000 0.000000
122 1 45.009009 20.570770 171.057130 1.000000 1.000000 1.000000 0.983094
122 0.000000 0.000000 0.000000
124 1 73.301369 74.220811 192.329016 1.000000 1.000000 1.000000 0.983094
124 0.000000 0.000000 0.000000
125 1 68.366310 32.577078 54.759054 1.000000 1.000000 1.000000 0.983094
125 0.000000 0.000000 0.000000
127 1 40.945814 30.095732 192.297046 1.000000 1.000000 1.000000 0.983094
127 0.000000 0.000000 0.000000
128 1 44.431610 10.650347 138.508675 1.000000 1.000000 1.000000 0.983094
128 0.000000 0.000000 0.000000
129 1 58.998507 70.409630 145.896570 2.000000 2.000000 1.000000 1.127810
129 0.000000 0.000000 0.000000
130 1 97.738683 99.996674 122.468185 1.000000 1.000000 1.000000 0.983094
130 0.000000 0.000000 0.000000
131 1 46.005925 79.018123 93.196422 3.000000 3.000000 1.000000 1.197480
131 0.000000 0.000000 0.000000
133 1 48.497039 12.108994 82.112071 2.000000 2.000000 1.000000 1.127810
133 0.000000 0.000000 0.000000
135 1 96.322355 89.253108 20.590690 2.000000 2.000000 1.000000 1.127810
135 0.000000 0.000000 0.000000
136 1 36.638888 39.305397 93.440702 1.000000 1.000000 1.000000 0.983094
136 0.000000 0.000000 0.000000
138 1 82.895616 75.815008 192.316080 1.000000 1.000000 1.000000 0.983094
138 0.000000 0.000000 0.000000
140 1 70.669668 79.162844 171.490177 2.000000 2.000000 1.000000 1.127810
140 0.000000 0.000000 0.000000
142 1 36.329931 21.283431 91.355722 1.000000 1.000000 1.000000 0.983094
142 0.000000 0.000000 0.000000
144 1 3.399672 60.576384 174.759721 1.000000 1.000000 1.000000 0.983094
144 0.000000 0.000000 0.000000
145 1 55.181161 79.899061 176.942388 1.000000 1.000000 1.000000 0.983094
145 0.000000 0.000000 0.000000
146 1 62.107496 70.621447 52.278093 3.000000 3.000000 1.000000 1.197480
146 0.000000 0.000000 0.000000
147 1 85.768884 36.616882 99.161127 3.000000 3.000000 1.000000 1.197480
147 0.000000 0.000000 0.000000
149 1 41.165823 18.695229 79.187766 1.000000 1.000000 1.000000 0.983094
149 0.000000 0.000000 0.000000
150 1 38.300570 28.038817 11.868482 4.000000 4.000000 1.000000 1.237850
150 0.000000 0.000000 0.000000
151 1 10.479886 75.769958 146.573523 2.000000 2.000000 1.000000 1.127810
151 0.000000 0.000000 0.000000
152 1 60.487939 56.035575 112.120950 1.000000 1.000000 1.000000 0.983094
152 0.000000 0.000000 0.000000
155 1 28.666114 47.617283 12.975244 4.000000 4.000000 1.000000 1.237850
155 0.000000 0.000000 0.000000
156 1 80.821475 97.623552 61.574234 2.000000 2.000000 1.000000 1.127810
156 0.000000 0.000000 0.000000
158 1 16.617062 28.256515 167.941021 1.000000 1.000000 1.000000 0.983094
158 0.000000 0.000000 0.000000
161 1 77.805868 41.499614 90.071565 1.000000 1.000000 1.000000 0.983094
161 0.000000 0.000000 0.000000
163 1 49.291483 8.472996 51.579690 1.000000 1.000000 1.000000 0.983094
163 0.000000 0.000000 0.000000
164 1 11.507025 16.110345 0.168892 1.000000 1.000000 1.000000 0.983094
164 0.000000 0.000000 0.000000
165 1 94.965804 27.373476 157.374730 2.000000 2.000000 1.000000 1.127810
165 0.000000 0.000000 0.000000
166 1 66.364685 60.127281 114.811180 1.000000 1.000000 1.000000 0.983094
166 0.000000 0.000000 0.000000
169 1 51.880066 41.017142 36.420287 2.000000 2.000000 1.000000 1.127810
169 0.000000 0.000000 0.000000
172 1 44.454959 2.526790 46.542413 2.000000 2.000000 1.000000 1.127810
172 0.000000 0.000000 0.000000
177 1 63.577770 41.391828 136.944938 1.000000 1.000000 1.000000 0.983094
177 0.000000 0.000000 0.000000
179 1 14.653001 69.799727 74.882185 2.000000 2.000000 1.000000 1.127810
179 0.000000 0.000000 0.000000
180 1 1.629973 89.654959 30.463043 1.000000 1.000000 1.000000 0.983094
180 0.000000 0.000000 0.000000
182 1 57.089381 52.417954 23.103252 1.000000 1.000000 1.000000 0.983094
182 0.000000 0.000000 0.000000
184 1 73.342798 16.056802 90.722987 1.000000 1.000000 1.000000 0.983094
184 0.000000 0.000000 0.000000
185 1 44.160100 90.433627 2.345696 2.000000 2.000000 1.000000 1.127810
185 0.000000 0.000000 0.000000
186 1 88.282295 51.326260 48.910832 1.000000 1.000000 1.000000 0.983094
186 0.000000 0.000000 0.000000
190 1 7.581285 56.107199 20.144682 1.000000 1.000000 1.000000 0.983094
190 0.000000 0.000000 0.000000
191 1 50.028091 69.532100 79.106195 1.000000 1.000000 1.000000 0.983094
191 0.000000 0.000000 0.000000
192 1 62.895973 83.332159 29.884606 1.000000 1.000000 1.000000 0.983094
192 0.000000 0.000000 0.000000
194 1 86.604487 30.576341 146.289204 1.000000 1.000000 1.000000 0.983094
194 0.000000 0.000000 0.000000
195 1 98.943171 46.477676 180.342466 1.000000 1.000000 1.000000 0.983094
195 0.000000 0.000000 0.000000
202 1 89.934699 92.629251 9.163741 1.000000 1.000000 1.000000 0.983094
202 0.000000 0.000000 0.000000
204 1 52.426656 7.175707 167.654381 2.000000 2.000000 1.000000 1.127810
204 0.000000 0.000000 0.000000
206 1 52.199941 9.023608 3.851916 3.000000 3.000000 1.000000 1.197480
206 0.000000 0.000000 0.000000
207 1 40.680055 74.983856 154.552893 1.000000 1.000000 1.000000 0.983094
207 0.000000 0.000000 0.000000
208 1 94.916599 8.783593 118.248759 1.000000 1.000000 1.000000 0.983094
208 0.000000 0.000000 0.000000
209 1 63.484467 45.713036 109.620530 4.000000 4.000000 1.000000 1.237850
209 0.000000 0.000000 0.000000
211 1 42.930088 38.536523 87.338015 1.000000 1.000000 1.000000 0.983094
211 0.000000 0.000000 0.000000
212 1 78.737465 28.612360 111.919915 1.000000 1.000000 1.000000 0.983094
212 0.000000 0.000000 0.000000
214 1 52.731280 30.360884 0.679468 1.000000 1.000000 1.000000 0.983094
214 0.000000 0.000000 0.000000
215 1 22.958489 33.898188 54.873322 1.000000 1.000000 1.000000 0.983094
215 0.000000 0.000000 0.000000
217 1 48.050636 30.733306 181.778163 1.000000 1.000000 1.000000 0.983094
217 0.000000 0.000000 0.000000
218 1 40.044047 66.929474 140.125714 2.000000 2.000000 1.000000 1.127810
218 0.000000 0.000000 0.000000
219 1 86.776347 77.860073 39.288183 2.000000 2.000000 1.000000 1.127810
219 0.000000 0.000000 0.000000
220 1 4.100175 70.911670 87.335690 2.000000 2.000000 1.000000 1.127810
220 0.000000 0.000000 0.000000
221 1 26.275447 28.218591 160.190582 1.000000 1.000000 1.000000 0.983094
221 0.000000 0.000000 0.000000
223 1 84.951528 54.020481 161.274763 1.000000 1.000000 1.000000 0.983094
223 0.000000 0.000000 0.000000
224 1 42.705183 14.588493 186.948980 1.000000 1.000000 1.000000 0.983094
224 0.000000 0.000000 0.000000
225 1 19.474275 10.978190 134.252886 3.000000 3.000000 1.000000 1.197480
225 0.000000 0.000000 0.000000
226 1 16.883388 2.852422 32.471182 2.000000 2.000000 1.000000 1.127810
226 0.000000 0.000000 0.000000
227 1 48.632365 2.656110 176.310711 3.000000 3.000000 1.000000 1.197480
227 0.000000 0.000000 0.000000
228 1 44.887095 43.041426 61.367069 1.000000 1.000000 1.000000 0.983094
228 0.000000 0.000000 0.000000
229 1 70.732703 82.126363 13.439950 3.000000 3.000000 1.000000 1.197480
229 0.000000 0.000000 0.000000
232 1 4.515399 63.077315 82.064876 1.000000 1.000000 1.000000 0.983094
232 0.000000 0.000000 0.000000
235 1 76.425067 84.877018 10.404137 1.000000 1.000000 1.000000 0.983094
235 0.000000 0.000000 0.000000
236 1 53.621309 18.775270 17.491133 1.000000 1.000000 1.000000 0.983094
236 0.000000 0.000000 0.000000
237 1 30.231240 7.126346 50.813978 1.000000 1.000000 1.000000 0.983094
237 0.000000 0.000000 0.000000
238 1 40.173409 46.510500 108.021526 2.000000 2.000000 1.000000 1.127810
238 0.000000 0.000000 0.000000
239 1 2.341276 95.529521 191.282085 4.000000 4.000000 1.000000 1.237850
239 0.000000 0.000000 0.000000
240 1 39.416620 39.181360 70.542402 1.000000 1.000000 1.000000 0.983094
240 0.000000 0.000000 0.000000
241 1 88.499918 41.341516 49.615429 1.000000 1.000000 1.000000 0.983094
241 0.000000 0.000000 0.000000
243 1 10.953644 8.068623 89.659898 1.000000 1.000000 1.000000 0.983094
243 0.000000 0.000000 0.000000
244 1 90.209181 77.727427 80.905781 2.000000 2.000000 1.000000 1.127810
244 0.000000 0.000000 0.000000
245 1 12.430448 98.311062 12.653226 1.000000 1.000000 1.000000 0.983094
245 0.000000 0.000000 0.000000
246 1 63.337409 18.744366 106.300865 2.000000 2.000000 1.000000 1.127810
246 0.000000 0.000000 0.000000
247 1 35.040804 11.760025 144.070892 1.000000 1.000000 1.000000 0.983094
247 0.000000 0.000000 0.000000
249 1 50.399797 68.778642 10.308317 1.000000 1.000000 1.000000 0.983094
249 0.000000 0.000000 0.000000
250 1 98.958022 15.204822 123.052681 1.000000 1.000000 1.000000 0.983094
250 0.000000 0.000000 0.000000
252 1 78.348050 44.489880 50.474323 1.000000 1.000000 1.000000 0.983094
252 0.000000 0.000000 0.000000
254 1 59.230726 20.610195 191.915850 1.000000 1.000000 1.000000 0.983094
254 0.000000 0.000000 0.000000
255 1 93.420681 30.056807 43.635691 2.000000 2.000000 1.000000 1.127810
255 0.000000 0.000000 0.000000
257 1 1.248038 60.404743 41.687062 1.000000 1.000000 1.000000 0.983094
257 0.000000 0.000000 0.000000
258 1 42.739238 3.974550 144.991921 1.000000 1.000000 1.000000 0.983094
258 0.000000 0.000000 0.000000
260 1 93.059240 46.936953 159.474089 1.000000 1.000000 1.000000 0.983094
260 0.000000 0.000000 0.000000
261 1 22.589434 8.982925 1.356956 1.000000 1.000000 1.000000 0.983094
261 0.000000 0.000000 0.000000
263 1 45.130498 82.677067 197.187084 2.000000 2.000000 1.000000 1.127810
263 0.000000 0.000000 0.000000
264 1 10.178550 73.025148 20.156810 1.000000 1.000000 1.000000 0.983094
264 0.000000 0.000000 0.000000
265 1 2.583906 73.658285 47.173778 1.000000 1.000000 1.000000 0.983094
265 0.000000 0.000000 0.000000
268 1 88.007153 35.444045 190.707001 1.000000 1.000000 1.000000 0.983094
268 0.000000 0.000000 0.000000
275 1 97.574008 14.842463 92.236000 2.000000 2.000000 1.000000 1.127810
275 0.000000 0.000000 0.000000
276 1 46.064651 53.937925 92.803874 2.000000 2.000000 1.000000 1.127810
276 0.000000 0.000000 0.000000
277 1 92.750324 29.749255 143.991470 4.000000 4.000000 1.000000 1.237850
277 0.000000 0.000000 0.000000
282 1 14.993203 72.927584 41.576706 1.000000 1.000000 1.000000 0.983094
282 0.000000 0.000000 0.000000
283 1 59.241562 36.521030 85.863063 1.000000 1.000000 1.000000 0.983094
283 0.000000 0.000000 0.000000
284 1 6.057776 25.750704 0.633520 1.000000 1.000000 1.000000 0.983094
284 0.000000 0.000000 0.000000
285 1 36.863455 27.423216 85.280646 2.000000 2.000000 1.000000 1.127810
285 0.000000 0.000000 0.000000
286 1 48.941359 79.012497 51.790187 3.000000 3.000000 1.000000 1.197480
286 0.000000 0.000000 0.000000
287 1 68.376496 60.284420 23.877580 2.000000 2.000000 1.000000 1.127810
287 0.000000 0.000000 0.000000
290 1 50.774109 20.159339 81.658894 1.000000 1.000000 1.000000 0.983094
290 0.000000 0.000000 0.000000
291 1 45.449805 93.929121 39.396882 1.000000 1.000000 1.000000 0.983094
291 0.000000 0.000000 0.000000
292 1 79.008027 87.704162 106.799434 1.000000 1.000000 1.000000 0.983094
292 0.000000 0.000000 0.000000
293 1 24.406100 81.574182 124.961005 3.000000 3.000000 1.000000 1.197480
293 0.000000 0.000000 0.000000
294 1 35.275401 42.220840 86.568330 3.000000 3.000000 1.000000 1.197480
294 0.000000 0.000000 0.000000
295 1 4.264649 33.224692 152.296876 1.000000 1.000000 1.000000 0.983094
295 0.000000 0.000000 0.000000
296 1 95.324000 81.346000 84.664975 1.000000 1.000000 1.000000 0.983094
296 0.000000 0.000000 0.000000
297 1 38.604593 16.644777 5.379531 6.000000 6.000000 1.000000 1.281330
297 0.000000 0.000000 0.000000
298 1 58.777845 11.296580 105.947610 3.000000 3.000000 1.000000 1.197480
298 0.000000 0.000000 0.000000
300 1 77.629320 67.024655 31.078459 2.000000 2.000000 1.000000 1.127810
300 0.000000 0.000000 0.000000
302 1 71.348670 29.059339 178.604314 2.000000 2.000000 1.000000 1.127810
302 0.000000 0.000000 0.000000
303 1 42.866501 65.000046 169.436181 1.000000 1.000000 1.000000 0.983094
303 0.000000 0.000000 0.000000
304 1 24.991409 98.329871 16.577725 2.000000 2.000000 1.000000 1.127810
304 0.000000 0.000000 0.000000
305 1 32.066558 32.767686 134.043040 1.000000 1.000000 1.000000 0.983094
305 0.000000 0.000000 0.000000
309 1 23.022947 8.223063 171.369843 1.000000 1.000000 1.000000 0.983094
309 0.000000 0.000000 0.000000
311 1 56.172199 80.890575 158.559543 1.000000 1.000000 1.000000 0.983094
311 0.000000 0.000000 0.000000
312 1 41.505224 30.983793 52.996195 1.000000 1.000000 1.000000 0.983094
312 0.000000 0.000000 0.000000
314 1 68.094645 90.350270 38.013329 1.000000 1.000000 1.000000 0.983094
314 0.000000 0.000000 0.000000
315 1 69.291397 21.476590 88.174345 1.000000 1.000000 1.000000 0.983094
315 0.000000 0.000000 0.000000
319 1 20.659707 56.981827 123.741101 2.000000 2.000000 1.000000 1.127810
319 0.000000 0.000000 0.000000
320 1 37.070865 35.666906 119.130278 1.000000 1.000000 1.000000 0.983094
320 0.000000 0.000000 0.000000
321 1 79.587486 99.783210 104.460531 1.000000 1.000000 1.000000 0.983094
321 0.000000 0.000000 0.000000
323 1 77.285036 36.334397 131.320392 1.000000 1.000000 1.000000 0.983094
323 0.000000 0.000000 0.000000
324 1 39.144244 75.000593 50.054099 2.000000 2.000000 1.000000 1.127810
324 0.000000 0.000000 0.000000
326 1 77.290753 73.589284 14.919021 2.000000 2.000000 1.000000 1.127810
326 0.000000 0.000000 0.000000
327 1 94.993472 90.697774 175.326420 1.000000 1.000000 1.000000 0.983094
327 0.000000 0.000000 0.000000
328 1 32.774935 36.085526 171.715075 3.000000 3.000000 1.000000 1.197480
328 0.000000 0.000000 0.000000
329 1 17.581826 75.773326 113.378765 2.000000 2.000000 1.000000 1.127810
329 0.000000 0.000000 0.000000
332 1 36.671680 42.633768 185.279905 1.000000 1.000000 1.000000 0.983094
332 0.000000 0.000000 0.000000
333 1 64.625295 27.072988 32.795375 1.000000 1.000000 1.000000 0.983094
333 0.000000 0.000000 0.000000
337 1 45.851893 63.652289 104.502180 1.000000 1.000000 1.000000 0.983094
337 0.000000 0.000000 0.000000
338 1 51.223991 15.448528 150.209858 2.000000 2.000000 1.000000 1.127810
338 0.000000 0.000000 0.000000
339 1 97.574679 37.176130 62.672687 2.000000 2.000000 1.000000 1.127810
339 0.000000 0.000000 0.000000
342 1 83.650177 59.854498 9.105213 3.000000 3.000000 1.000000 1.197480
342 0.000000 0.000000 0.000000
343 1 1.503685 50.984500 92.110679 1.000000 1.000000 1.000000 0.983094
343 0.000000 0.000000 0.000000
344 1 90.106741 79.315374 33.895713 1.000000 1.000000 1.000000 0.983094
344 0.000000 0.000000 0.000000
345 1 35.489932 34.854485 145.917270 2.000000 2.000000 1.000000 1.127810
345 0.000000 0.000000 0.000000
346 1 29.911906 36.967824 37.554545 1.000000 1.000000 1.000000 0.983094
346 0.000000 0.000000 0.000000
349 1 63.610958 8.311194 136.231825 1.000000 1.000000 1.000000 0.983094
349 0.000000 0.000000 0.000000
350 1 5.659902 48.762801 61.808959 1.000000 1.000000 1.000000 0.983094
350 0.000000 0.000000 0.000000
351 1 32.372104 25.204458 182.100022 1.000000 1.000000 1.000000 0.983094
351 0.000000 0.000000 0.000000
352 1 51.277354 1.075966 119.059185 1.000000 1.000000 1.000000 0.983094
352 0.000000 0.000000 0.000000
353 1 45.716672 44.908992 147.014653 1.000000 1.000000 1.000000 0.983094
353 0.000000 0.000000 0.000000
355 1 73.118343 53.652710 111.839140 3.000000 3.000000 1.000000 1.197480
355 0.000000 0.000000 0.000000
357 1 33.933097 64.072784 39.328011 1.000000 1.000000 1.000000 0.983094
357 0.000000 0.000000 0.000000
358 1 48.622523 39.816672 109.160522 1.000000 1.000000 1.000000 0.983094
358 0.000000 0.000000 0.000000
360 1 84.198078 70.476119 194.563223 2.000000 2.000000 1.000000 1.127810
360 0.000000 0.000000 0.000000
361 1 98.792965 34.675112 109.208841 1.000000 1.000000 1.000000 0.983094
361 0.000000 0.000000 0.000000
362 1 65.746345 55.737736 141.956937 1.000000 1.000000 1.000000 0.983094
362 0.000000 0.000000 0.000000
363 1 30.119238 86.966691 16.368310 1.000000 1.000000 1.000000 0.983094
363 0.000000 0.000000 0.000000
365 1 37.213866 65.579804 171.150067 1.000000 1.000000 1.000000 0.983094
365 0.000000 0.000000 0.000000
367 1 38.474958 58.116810 60.907349 1.000000 1.000000 1.000000 0.983094
367 0.000000 0.000000 0.000000
368 1 72.288672 63.348335 140.118821 2.000000 2.000000 1.000000 1.127810
368 0.000000 0.000000 0.000000
370 1 37.811225 21.288506 131.143260 1.000000 1.000000 1.000000 0.983094
370 0.000000 0.000000 0.000000
372 1 84.037958 33.306266 156.699817 1.000000 1.000000 1.000000 0.983094
372 0.000000 0.000000 0.000000
373 1 82.282477 90.788567 125.078252 1.000000 1.000000 1.000000 0.983094
373 0.000000 0.000000 0.000000
374 1 13.997480 77.203666 187.839341 1.000000 1.000000 1.000000 0.983094
374 0.000000 0.000000 0.000000
375 1 64.873690 44.706298 164.648972 3.000000 3.000000 1.000000 1.197480
375 0.000000 0.000000 0.000000
376 1 5.921392 59.817342 177.302027 1.000000 1.000000 1.000000 0.983094
376 0.000000 0.000000 0.000000
377 1 3.755288 3.116976 101.991310 1.000000 1.000000 1.000000 0.983094
377 0.000000 0.000000 0.000000
378 1 68.893425 58.847027 82.572378 1.000000 1.000000 1.000000 0.983094
378 0.000000 0.000000 0.000000
379 1 55.740873 3.185730 77.666312 1.000000 1.000000 1.000000 0.983094
379 0.000000 0.000000 0.000000
381 1 15.591562 25.082158 80.739077 1.000000 1.000000 1.000000 0.983094
381 0.000000 0.000000 0.000000
382 1 9.765483 81.288407 159.720208 2.000000 2.000000 1.000000 1.127810
382 0.000000 0.000000 0.000000
383 1 84.156831 2.317103 172.604134 1.000000 1.000000 1.000000 0.983094
383 0.000000 0.000000 0.000000
384 1 37.757746 87.748927 101.263915 1.000000 1.000000 1.000000 0.983094
384 0.000000 0.000000 0.000000
385 1 30.527775 16.257102 133.564818 4.000000 4.000000 1.000000 1.237850
385 0.000000 0.000000 0.000000
386 1 29.152881 94.000559 34.846058 2.000000 2.000000 1.000000 1.127810
386 0.000000 0.000000 0.000000
387 1 91.598556 14.582722 7.419697 3.000000 3.000000 1.000000 1.197480
387 0.000000 0.000000 0.000000
388 1 75.685507 84.198235 195.785011 3.000000 3.000000 1.000000 1.197480
388 0.000000 0.000000 0.000000
390 1 63.225641 97.787573 22.286524 1.000000 1.000000 1.000000 0.983094
390 0.000000 0.000000 0.000000
391 1 98.549094 93.074959 52.287194 2.000000 2.000000 1.000000 1.127810
391 0.000000 0.000000 0.000000
393 1 4.612478 72.221175 139.166089 1.000000 1.000000 1.000000 0.983094
393 0.000000 0.000000 0.000000
394 1 61.523391 92.537453 13.052350 2.000000 2.000000 1.000000 1.127810
394 0.000000 0.000000 0.000000
397 1 39.658649 20.665268 94.739447 1.000000 1.000000 1.000000 0.983094
397 0.000000 0.000000 0.000000
400 1 75.925209 40.070569 24.991658 1.000000 1.000000 1.000000 0.983094
400 0.000000 0.000000 0.000000
401 1 63.644312 19.248875 17.532463 1.000000 1.000000 1.000000 0.983094
401 0.000000 0.000000 0.000000
405 1 84.546962 34.200542 14.954729 1.000000 1.000000 1.000000 0.983094
405 0.000000 0.000000 0.000000
406 1 71.650146 17.115955 127.265636 3.000000 3.000000 1.000000 1.197480
406 0.000000 0.000000 0.000000
407 1 83.312095 4.935779 195.745236 1.000000 1.000000 1.000000 0.983094
407 0.000000 0.000000 0.000000
408 1 7.487326 23.016935 99.239278 1.000000 1.000000 1.000000 0.983094
408 0.000000 0.000000 0.000000
409 1 23.059306 34.154945 129.820753 1.000000 1.000000 1.000000 0.983094
409 0.000000 0.000000 0.000000
412 1 52.858929 72.996261 143.691936 1.000000 1.000000 1.000000 0.983094
412 0.000000 0.000000 0.000000
413 1 90.330695 7.876139 18.765013 1.000000 1.000000 1.000000 0.983094
413 0.000000 0.000000 0.000000
414 1 3.753522 76.961729 60.473799 2.000000 2.000000 1.000000 1.127810
414 0.000000 0.000000 0.000000
415 1 3.181446 97.609225 71.411345 1.000000 1.000000 1.000000 0.983094
415 0.000000 0.000000 0.000000
417 1 83.317126 11.439804 135.815984 3.000000 3.000000 1.000000 1.197480
417 0.000000 0.000000 0.000000
418 1 28.638015 3.144543 32.195744 3.000000 3.000000 1.000000 1.197480
418 0.000000 0.000000 0.000000
419 1 82.982806 72.890278 87.648532 1.000000 1.000000 1.000000 0.983094
419 0.000000 0.000000 0.000000
420 1 55.975844 52.303513 66.246125 1.000000 1.000000 1.000000 0.983094
420 0.000000 0.000000 0.000000
421 1 49.150710 20.184927 170.406883 1.000000 1.000000 1.000000 0.983094
421 0.000000 0.000000 0.000000
422 1 30.599222 9.768569 181.746615 1.000000 1.000000 1.000000 0.983094
422 0.000000 0.000000 0.000000
427 1 19.816458 33.166250 159.631538 1.000000 1.000000 1.000000 0.983094
427 0.000000 0.000000 0.000000
428 1 91.317606 49.767628 78.797494 2.000000 2.000000 1.000000 1.127810
428 0.000000 0.000000 0.000000
429 1 45.296320 68.877145 167.714621 1.000000 1.000000 1.000000 0.983094
429 0.000000 0.000000 0.000000
430 1 40.848052 66.163308 10.169784 2.000000 2.000000 1.000000 1.127810
430 0.000000 0.000000 0.000000
431 1 23.401058 48.183248 78.840507 2.000000 2.000000 1.000000 1.127810
431 0.000000 0.000000 0.000000
432 1 50.506745 88.565944 44.067149 1.000000 1.000000 1.000000 0.983094
432 0.000000 0.000000 0.000000
434 1 82.359989 34.710917 91.447927 2.000000 2.000000 1.000000 1.127810
434 0.000000 0.000000 0.000000
435 1 45.864569 70.762370 189.839206 1.000000 1.000000 1.000000 0.983094
435 0.000000 0.000000 0.000000
437 1 49.705058 26.996357 155.279525 1.000000 1.000000 1.000000 0.983094
437 0.000000 0.000000 0.000000
439 1 28.528342 6.073094 47.025228 1.000000 1.000000 1.000000 0.983094
439 0.000000 0.000000 0.000000
440 1 32.099068 85.010624 96.554563 2.000000 2.000000 1.000000 1.127810
440 0.000000 0.000000 0.000000
443 1 50.430225 67.704964 125.773652 1.000000 1.000000 1.000000 0.983094
443 0.000000 0.000000 0.000000
444 1 50.040826 77.137133 82.272685 1.000000 1.000000 1.000000 0.983094
444 0.000000 0.000000 0.000000
447 1 14.725362 9.586554 115.866670 3.000000 3.000000 1.000000 1.197480
447 0.000000 0.000000 0.000000
450 1 33.977775 40.183257 179.612716 1.000000 1.000000 1.000000 0.983094
450 0.000000 0.000000 0.000000
451 1 55.567987 22.942493 199.237319 1.000000 1.000000 1.000000 0.983094
451 0.000000 0.000000 0.000000
452 1 72.205609 90.451431 21.079821 1.000000 1.000000 1.000000 0.983094
452 0.000000 0.000000 0.000000
454 1 26.042546 34.514366 143.896788 1.000000 1.000000 1.000000 0.983094
454 0.000000 0.000000 0.000000
456 1 98.379361 8.520633 92.656852 1.000000 1.000000 1.000000 0.983094
456 0.000000 0.000000 0.000000
457 1 97.435946 30.240078 165.767926 1.000000 1.000000 1.000000 0.983094
457 0.000000 0.000000 0.000000
458 1 0.095689 70.348583 48.751008 1.000000 1.000000 1.000000 0.983094
458 0.000000 0.000000 0.000000
460 1 49.728414 17.866158 53.834776 1.000000 1.000000 1.000000 0.983094
460 0.000000 0.000000 0.000000
461 1 17.728331 88.334048 196.231621 3.000000 3.000000 1.000000 1.197480
461 0.000000 0.000000 0.000000
462 1 9.513285 87.209254 184.263837 1.000000 1.000000 1.000000 0.983094
462 0.000000 0.000000 0.000000
463 1 0.946143 30.946928 176.302894 1.000000 1.000000 1.000000 0.983094
463 0.000000 0.000000 0.000000
465 1 35.285697 91.646908 31.313242 1.000000 1.000000 1.000000 0.983094
465 0.000000 0.000000 0.000000
466 1 36.707615 47.283761 20.281661 1.000000 1.000000 1.000000 0.983094
466 0.000000 0.000000 0.000000
468 1 54.881895 92.516902 97.955677 1.000000 1.000000 1.000000 0.983094
468 0.000000 0.000000 0.000000
469 1 34.076760 88.193308 3.296151 5.000000 5.000000 1.000000 1.263720
469 0.000000 0.000000 0.000000
471 1 82.257523 62.077577 110.542691 1.000000 1.000000 1.000000 0.983094
471 0.000000 0.000000 0.000000
472 1 73.119037 89.972556 130.165536 2.000000 2.000000 1.000000 1.127810
472 0.000000 0.000000 0.000000
473 1 25.649111 84.665425 48.308044 1.000000 1.000000 1.000000 0.983094
473 0.000000 0.000000 0.000000
474 1 98.131172 85.140564 171.339750 1.000000 1.000000 1.000000 0.983094
474 0.000000 0.000000 0.000000
476 1 32.547900 10.086686 112.447807 1.000000 1.000000 1.000000 0.983094
476 0.000000 0.000000 0.000000
477 1 82.876812 94.984395 2.633143 1.000000 1.000000 1.000000 0.983094
477 0.000000 0.000000 0.000000
478 1 8.452682 55.058639 121.856438 1.000000 1.000000 1.000000 0.983094
478 0.000000 0.000000 0.000000
481 1 83.187173 79.530522 188.782013 1.000000 1.000000 1.000000 0.983094
481 0.000000 0.000000 0.000000
484 1 60.146024 17.095004 58.368096 1.000000 1.000000 1.000000 0.983094
484 0.000000 0.000000 0.000000
485 1 96.530681 19.297082 173.562001 1.000000 1.000000 1.000000 0.983094
485 0.000000 0.000000 0.000000
486 1 47.740463 46.810088 80.552325 1.000000 1.000000 1.000000 0.983094
486 0.000000 0.000000 0.000000
487 1 71.404170 42.849758 182.648645 2.000000 2.000000 1.000000 1.127810
487 0.000000 0.000000 0.000000
488 1 7.640870 59.288813 103.428639 2.000000 2.000000 1.000000 1.127810
488 0.000000 0.000000 0.000000
489 1 81.849834 74.522197 51.498484 1.000000 1.000000 1.000000 0.983094
489 0.000000 0.000000 0.000000
492 1 60.896218 40.084867 0.729843 2.000000 2.000000 1.000000 1.127810
492 0.000000 0.000000 0.000000
493 1 75.254079 51.057239 35.357897 5.000000 5.000000 1.000000 1.263720
493 0.000000 0.000000 0.000000
496 1 79.498166 79.486555 2.308787 1.000000 1.000000 1.000000 0.983094
496 0.000000 0.000000 0.000000
497 1 24.644628 74.275772 39.473252 1.000000 1.000000 1.000000 0.983094
497 0.000000 0.000000 0.000000
498 1 40.480114 87.381609 170.958222 3.000000 3.000000 1.000000 1.197480
498 0.000000 0.000000 0.000000
