RESTART FILE
Timestep: 700

NUMBER OF PARTICLES
282

SIMULATION BOX
100 100 200

TIMESTEP
0.1

ATTRACTION RADIUS
25
0.983094 1.12781 1.19748 1.23785 1.26372 1.28133 1.2939 1.30312 1.31014 1.31562 1.32005 1.32351 1.32648 1.32881 1.33082 1.33244 1.33389 1.33515 1.3363 1.33723 1.33803 1.33868 1.33937 1.33991 1.34042 

AGGREGATES/BEADS
0 1 89.480123 47.608747 47.141273 1.000000 1.000000 1.000000 0.983094
0 0.000000 0.000000 0.000000
1 1 96.444379 15.580510 155.189365 2.000000 2.000000 1.000000 1.127810
1 0.000000 0.000000 0.000000
3 1 0.123770 69.446177 90.495243 1.000000 1.000000 1.000000 0.983094
3 0.000000 0.000000 0.000000
4 1 37.123433 98.901134 105.726997 1.000000 1.000000 1.000000 0.983094
4 0.000000 0.000000 0.000000
6 1 58.488151 16.928538 10.314227 1.000000 1.000000 1.000000 0.983094
6 0.000000 0.000000 0.000000
7 1 85.435367 4.914807 127.226690 1.000000 1.000000 1.000000 0.983094
7 0.000000 0.000000 0.000000
8 1 51.718050 6.733591 98.718847 4.000000 4.000000 1.000000 1.237850
8 0.000000 0.000000 0.000000
9 1 16.408750 20.834349 33.550120 1.000000 1.000000 1.000000 0.983094
9 0.000000 0.000000 0.000000
10 1 80.999806 6.187712 52.168885 1.000000 1.000000 1.000000 0.983094
10 0.000000 0.000000 0.000000
11 1 25.445302 46.133581 13.875347 5.000000 5.000000 1.000000 1.263720
11 0.000000 0.000000 0.000000
13 1 34.004350 82.020512 191.591681 1.000000 1.000000 1.000000 0.983094
13 0.000000 0.000000 0.000000
14 1 25.968889 21.288739 47.037536 2.000000 2.000000 1.000000 1.127810
14 0.000000 0.000000 0.000000
15 1 79.717544 70.066868 198.634028 1.000000 1.000000 1.000000 0.983094
15 0.000000 0.000000 0.000000
16 1 70.318571 60.196688 29.799686 3.000000 3.000000 1.000000 1.197480
16 0.000000 0.000000 0.000000
17 1 5.604773 92.879051 71.674864 1.000000 1.000000 1.000000 0.983094
17 0.000000 0.000000 0.000000
19 1 54.599693 59.381139 152.372387 1.000000 1.000000 1.000000 0.983094
19 0.000000 0.000000 0.000000
20 1 57.906230 18.835149 83.784619 2.000000 2.000000 1.000000 1.127810
20 0.000000 0.000000 0.000000
22 1 54.627494 70.592375 180.155188 1.000000 1.000000 1.000000 0.983094
22 0.000000 0.000000 0.000000
24 1 48.104690 61.966585 82.350183 1.000000 1.000000 1.000000 0.983094
24 0.000000 0.000000 0.000000
25 1 77.053230 53.214630 65.017602 1.000000 1.000000 1.000000 0.983094
25 0.000000 0.000000 0.000000
26 1 15.549122 4.153649 38.257851 1.000000 1.000000 1.000000 0.983094
26 0.000000 0.000000 0.000000
29 1 47.237216 37.297299 14.582821 1.000000 1.000000 1.000000 0.983094
29 0.000000 0.000000 0.000000
32 1 23.104872 64.082402 179.684914 3.000000 3.000000 1.000000 1.197480
32 0.000000 0.000000 0.000000
38 1 57.513144 68.270237 79.833158 3.000000 3.000000 1.000000 1.197480
38 0.000000 0.000000 0.000000
40 1 14.226603 1.842737 79.019325 2.000000 2.000000 1.000000 1.127810
40 0.000000 0.000000 0.000000
42 1 28.648738 64.955831 125.296507 3.000000 3.000000 1.000000 1.197480
42 0.000000 0.000000 0.000000
43 1 27.366819 71.450536 8.096556 3.000000 3.000000 1.000000 1.197480
43 0.000000 0.000000 0.000000
44 1 73.463845 72.382673 141.282350 1.000000 1.000000 1.000000 0.983094
44 0.000000 0.000000 0.000000
45 1 43.879123 17.165281 67.856511 1.000000 1.000000 1.000000 0.983094
45 0.000000 0.000000 0.000000
46 1 68.123776 97.757549 38.270704 3.000000 3.000000 1.000000 1.197480
46 0.000000 0.000000 0.000000
47 1 11.033474 78.148607 13.238978 2.000000 2.000000 1.000000 1.127810
47 0.000000 0.000000 0.000000
49 1 14.968561 56.564419 36.204269 1.000000 1.000000 1.000000 0.983094
49 0.000000 0.000000 0.000000
50 1 71.327908 72.219056 34.305875 2.000000 2.000000 1.000000 1.127810
50 0.000000 0.000000 0.000000
51 1 24.652153 44.114099 157.487479 3.000000 3.000000 1.000000 1.197480
51 0.000000 0.000000 0.000000
52 1 66.713886 82.688649 150.650505 1.000000 1.000000 1.000000 0.983094
52 0.000000 0.000000 0.000000
54 1 58.700357 74.490086 16.259435 1.000000 1.000000 1.000000 0.983094
54 0.000000 0.000000 0.000000
57 1 40.236830 95.606511 167.875105 1.000000 1.000000 1.000000 0.983094
57 0.000000 0.000000 0.000000
58 1 41.948423 65.286589 65.656286 3.000000 3.000000 1.000000 1.197480
58 0.000000 0.000000 0.000000
59 1 54.734142 89.598873 30.349325 2.000000 2.000000 1.000000 1.127810
59 0.000000 0.000000 0.000000
61 1 40.730721 89.845570 174.551937 2.000000 2.000000 1.000000 1.127810
61 0.000000 0.000000 0.000000
63 1 30.143125 29.771664 25.522797 2.000000 2.000000 1.000000 1.127810
63 0.000000 0.000000 0.000000
65 1 96.253706 78.418887 101.804611 1.000000 1.000000 1.000000 0.983094
65 0.000000 0.000000 0.000000
67 1 53.426052 16.200897 18.174878 1.000000 1.000000 1.000000 0.983094
67 0.000000 0.000000 0.000000
68 1 12.274742 47.292858 145.449671 1.000000 1.000000 1.000000 0.983094
68 0.000000 0.000000 0.000000
71 1 95.078352 43.114328 5.353557 1.000000 1.000000 1.000000 0.983094
71 0.000000 0.000000 0.000000
72 1 98.924458 59.268114 69.044206 2.000000 2.000000 1.000000 1.127810
72 0.000000 0.000000 0.000000
73 1 57.037149 59.473996 52.272899 5.000000 5.000000 1.000000 1.263720
73 0.000000 0.000000 0.000000
74 1 55.495283 83.779421 51.934534 1.000000 1.000000 1.000000 0.983094
74 0.000000 0.000000 0.000000
82 1 52.479103 93.703013 111.129545 1.000000 1.000000 1.000000 0.983094
82 0.000000 0.000000 0.000000
84 1 89.565659 45.990113 170.474119 1.000000 1.000000 1.000000 0.983094
84 0.000000 0.000000 0.000000
85 1 21.288233 16.261167 94.429489 1.000000 1.000000 1.000000 0.983094
85 0.000000 0.000000 0.000000
86 1 95.612957 88.979638 81.492631 1.000000 1.000000 1.000000 0.983094
86 0.000000 0.000000 0.000000
88 1 26.448952 4.859469 150.013887 2.000000 2.000000 1.000000 1.127810
88 0.000000 0.000000 0.000000
90 1 29.941882 79.839742 37.477443 3.000000 3.000000 1.000000 1.197480
90 0.000000 0.000000 0.000000
92 1 1.828530 80.598136 75.318386 1.000000 1.000000 1.000000 0.983094
92 0.000000 0.000000 0.000000
93 1 30.196678 92.422295 173.642716 2.000000 2.000000 1.000000 1.127810
93 0.000000 0.000000 0.000000
94 1 98.639827 85.358719 107.990150 5.000000 5.000000 1.000000 1.263720
94 0.000000 0.000000 0.000000
95 1 69.913149 23.457432 55.984511 2.000000 2.000000 1.000000 1.127810
95 0.000000 0.000000 0.000000
98 1 61.172884 63.936057 65.644706 2.000000 2.000000 1.000000 1.127810
98 0.000000 0.000000 0.000000
101 1 98.379061 19.080536 131.491437 3.000000 3.000000 1.000000 1.197480
101 0.000000 0.000000 0.000000
102 1 42.973594 58.180696 128.567482 3.000000 3.000000 1.000000 1.197480
102 0.000000 0.000000 0.000000
103 1 82.670770 67.392032 148.469830 3.000000 3.000000 1.000000 1.197480
103 0.000000 0.000000 0.000000
104 1 83.088114 5.879485 79.585298 1.000000 1.000000 1.000000 0.983094
104 0.000000 0.000000 0.000000
105 1 39.105336 42.319112 174.105132 2.000000 2.000000 1.000000 1.127810
105 0.000000 0.000000 0.000000
106 1 72.724053 22.098204 141.442058 2.000000 2.000000 1.000000 1.127810
106 0.000000 0.000000 0.000000
108 1 89.139355 20.969382 175.704715 1.000000 1.000000 1.000000 0.983094
108 0.000000 0.000000 0.000000
109 1 3.956330 7.612814 150.906859 2.000000 2.000000 1.000000 1.127810
109 0.000000 0.000000 0.000000
111 1 97.246224 12.651850 102.585173 2.000000 2.000000 1.000000 1.127810
111 0.000000 0.000000 0.000000
115 1 66.584031 11.273779 132.336714 1.000000 1.000000 1.000000 0.983094
115 0.000000 0.000000 0.000000
117 1 11.516841 80.228110 11.673818 2.000000 2.000000 1.000000 1.127810
117 0.000000 0.000000 0.000000
118 1 53.044714 0.557372 46.056573 4.000000 4.000000 1.000000 1.237850
118 0.000000 0.000000 0.000000
119 1 43.343204 54.115047 183.853271 1.000000 1.000000 1.000000 0.983094
119 0.000000 0.000000 0.000000
120 1 11.659330 58.862584 37.790723 1.000000 1.000000 1.000000 0.983094
120 0.000000 0.000000 0.000000
122 1 50.697775 15.604651 167.064078 3.000000 3.000000 1.000000 1.197480
122 0.000000 0.000000 0.000000
124 1 77.945621 68.160674 198.184542 1.000000 1.000000 1.000000 0.983094
124 0.000000 0.000000 0.000000
125 1 80.062888 34.631105 46.364663 1.000000 1.000000 1.000000 0.983094
125 0.000000 0.000000 0.000000
127 1 35.768812 20.556728 190.491103 1.000000 1.000000 1.000000 0.983094
127 0.000000 0.000000 0.000000
128 1 47.038032 10.750535 122.823468 1.000000 1.000000 1.000000 0.983094
128 0.000000 0.000000 0.000000
129 1 61.302318 74.677234 155.546494 2.000000 2.000000 1.000000 1.127810
129 0.000000 0.000000 0.000000
131 1 55.574596 69.997649 97.773570 3.000000 3.000000 1.000000 1.197480
131 0.000000 0.000000 0.000000
133 1 39.058050 11.508290 89.483620 2.000000 2.000000 1.000000 1.127810
133 0.000000 0.000000 0.000000
135 1 7.251692 96.246487 16.179996 2.000000 2.000000 1.000000 1.127810
135 0.000000 0.000000 0.000000
138 1 86.086877 69.846397 185.678924 1.000000 1.000000 1.000000 0.983094
138 0.000000 0.000000 0.000000
140 1 74.224863 84.038336 177.814152 2.000000 2.000000 1.000000 1.127810
140 0.000000 0.000000 0.000000
142 1 31.155197 21.453865 91.426329 2.000000 2.000000 1.000000 1.127810
142 0.000000 0.000000 0.000000
145 1 63.134412 77.027206 182.669617 1.000000 1.000000 1.000000 0.983094
145 0.000000 0.000000 0.000000
146 1 62.170424 71.603784 41.776679 3.000000 3.000000 1.000000 1.197480
146 0.000000 0.000000 0.000000
149 1 45.692230 16.426156 63.384977 1.000000 1.000000 1.000000 0.983094
149 0.000000 0.000000 0.000000
150 1 45.522533 27.518698 19.586577 4.000000 4.000000 1.000000 1.237850
150 0.000000 0.000000 0.000000
151 1 5.404456 70.008443 158.984213 2.000000 2.000000 1.000000 1.127810
151 0.000000 0.000000 0.000000
152 1 56.132161 57.475375 109.888251 1.000000 1.000000 1.000000 0.983094
152 0.000000 0.000000 0.000000
156 1 80.833997 83.735794 54.902769 2.000000 2.000000 1.000000 1.127810
156 0.000000 0.000000 0.000000
161 1 70.705499 36.798215 104.635948 1.000000 1.000000 1.000000 0.983094
161 0.000000 0.000000 0.000000
163 1 50.987457 6.826497 43.251679 1.000000 1.000000 1.000000 0.983094
163 0.000000 0.000000 0.000000
164 1 27.610470 12.776268 195.709690 1.000000 1.000000 1.000000 0.983094
164 0.000000 0.000000 0.000000
165 1 13.814612 26.143984 154.054400 2.000000 2.000000 1.000000 1.127810
165 0.000000 0.000000 0.000000
166 1 74.748970 61.441307 120.796340 1.000000 1.000000 1.000000 0.983094
166 0.000000 0.000000 0.000000
169 1 52.089037 42.099469 32.475371 2.000000 2.000000 1.000000 1.127810
169 0.000000 0.000000 0.000000
172 1 34.328802 1.903640 55.475109 2.000000 2.000000 1.000000 1.127810
172 0.000000 0.000000 0.000000
177 1 70.669647 35.949651 140.141842 1.000000 1.000000 1.000000 0.983094
177 0.000000 0.000000 0.000000
180 1 97.794345 95.789695 15.010187 1.000000 1.000000 1.000000 0.983094
180 0.000000 0.000000 0.000000
182 1 50.278409 46.245819 28.992427 1.000000 1.000000 1.000000 0.983094
182 0.000000 0.000000 0.000000
184 1 70.592282 19.715360 81.976029 1.000000 1.000000 1.000000 0.983094
184 0.000000 0.000000 0.000000
185 1 62.156975 93.122350 1.748105 2.000000 2.000000 1.000000 1.127810
185 0.000000 0.000000 0.000000
186 1 7.537910 51.937683 41.853191 1.000000 1.000000 1.000000 0.983094
186 0.000000 0.000000 0.000000
190 1 14.011126 35.861099 13.542034 1.000000 1.000000 1.000000 0.983094
190 0.000000 0.000000 0.000000
191 1 36.226041 69.759065 83.250949 1.000000 1.000000 1.000000 0.983094
191 0.000000 0.000000 0.000000
192 1 63.623927 86.521746 42.898233 1.000000 1.000000 1.000000 0.983094
192 0.000000 0.000000 0.000000
194 1 94.727997 35.051590 139.163638 1.000000 1.000000 1.000000 0.983094
194 0.000000 0.000000 0.000000
195 1 4.324541 44.806512 177.891754 5.000000 5.000000 1.000000 1.263720
195 0.000000 0.000000 0.000000
202 1 85.869752 99.069735 198.312984 1.000000 1.000000 1.000000 0.983094
202 0.000000 0.000000 0.000000
207 1 32.425482 74.283229 160.169068 1.000000 1.000000 1.000000 0.983094
207 0.000000 0.000000 0.000000
208 1 93.714065 13.248577 134.923595 2.000000 2.000000 1.000000 1.127810
208 0.000000 0.000000 0.000000
209 1 61.900847 41.206090 107.480559 4.000000 4.000000 1.000000 1.237850
209 0.000000 0.000000 0.000000
211 1 37.528793 45.552911 94.534193 5.000000 5.000000 1.000000 1.263720
211 0.000000 0.000000 0.000000
212 1 90.253057 29.489598 122.496673 1.000000 1.000000 1.000000 0.983094
212 0.000000 0.000000 0.000000
214 1 68.079376 40.494729 182.411642 1.000000 1.000000 1.000000 0.983094
214 0.000000 0.000000 0.000000
215 1 21.599279 36.372793 53.549051 1.000000 1.000000 1.000000 0.983094
215 0.000000 0.000000 0.000000
217 1 35.872242 25.940193 178.610794 2.000000 2.000000 1.000000 1.127810
217 0.000000 0.000000 0.000000
218 1 36.281742 76.155288 129.593062 2.000000 2.000000 1.000000 1.127810
218 0.000000 0.000000 0.000000
220 1 10.595719 77.187048 83.502560 2.000000 2.000000 1.000000 1.127810
220 0.000000 0.000000 0.000000
221 1 22.406744 28.468481 160.164176 1.000000 1.000000 1.000000 0.983094
221 0.000000 0.000000 0.000000
223 1 73.528696 62.490930 166.192365 1.000000 1.000000 1.000000 0.983094
223 0.000000 0.000000 0.000000
224 1 54.452099 15.513518 182.530393 1.000000 1.000000 1.000000 0.983094
224 0.000000 0.000000 0.000000
225 1 14.853073 15.231563 143.290990 3.000000 3.000000 1.000000 1.197480
225 0.000000 0.000000 0.000000
226 1 12.444800 3.154565 38.396353 2.000000 2.000000 1.000000 1.127810
226 0.000000 0.000000 0.000000
227 1 45.115286 20.036818 173.380919 3.000000 3.000000 1.000000 1.197480
227 0.000000 0.000000 0.000000
228 1 47.525000 47.280648 59.482224 1.000000 1.000000 1.000000 0.983094
228 0.000000 0.000000 0.000000
229 1 74.403287 77.332564 12.107714 3.000000 3.000000 1.000000 1.197480
229 0.000000 0.000000 0.000000
232 1 14.731940 72.713969 73.778981 3.000000 3.000000 1.000000 1.197480
232 0.000000 0.000000 0.000000
235 1 79.830167 82.604149 0.873969 4.000000 4.000000 1.000000 1.237850
235 0.000000 0.000000 0.000000
236 1 59.371068 14.629060 39.510630 1.000000 1.000000 1.000000 0.983094
236 0.000000 0.000000 0.000000
237 1 29.246523 3.691705 54.165920 1.000000 1.000000 1.000000 0.983094
237 0.000000 0.000000 0.000000
238 1 35.638406 41.794566 105.102211 2.000000 2.000000 1.000000 1.127810
238 0.000000 0.000000 0.000000
239 1 6.213106 96.452043 184.213476 4.000000 4.000000 1.000000 1.237850
239 0.000000 0.000000 0.000000
240 1 38.321776 28.663473 64.014919 2.000000 2.000000 1.000000 1.127810
240 0.000000 0.000000 0.000000
241 1 99.407000 48.245360 58.619907 1.000000 1.000000 1.000000 0.983094
241 0.000000 0.000000 0.000000
244 1 94.055741 84.242756 75.227937 2.000000 2.000000 1.000000 1.127810
244 0.000000 0.000000 0.000000
246 1 63.423608 26.151450 96.547570 2.000000 2.000000 1.000000 1.127810
246 0.000000 0.000000 0.000000
247 1 25.796953 14.078190 130.486312 1.000000 1.000000 1.000000 0.983094
247 0.000000 0.000000 0.000000
249 1 35.773983 57.285497 3.700764 1.000000 1.000000 1.000000 0.983094
249 0.000000 0.000000 0.000000
250 1 0.964014 9.083805 127.901959 1.000000 1.000000 1.000000 0.983094
250 0.000000 0.000000 0.000000
252 1 87.445292 39.637506 44.017652 1.000000 1.000000 1.000000 0.983094
252 0.000000 0.000000 0.000000
254 1 56.013285 11.482994 195.740439 1.000000 1.000000 1.000000 0.983094
254 0.000000 0.000000 0.000000
255 1 99.260753 37.169458 34.619801 2.000000 2.000000 1.000000 1.127810
255 0.000000 0.000000 0.000000
257 1 9.701564 55.802184 47.968355 1.000000 1.000000 1.000000 0.983094
257 0.000000 0.000000 0.000000
258 1 64.091955 5.984069 160.174329 1.000000 1.000000 1.000000 0.983094
258 0.000000 0.000000 0.000000
261 1 26.260134 21.166544 7.622857 1.000000 1.000000 1.000000 0.983094
261 0.000000 0.000000 0.000000
263 1 58.067745 73.182147 6.883713 2.000000 2.000000 1.000000 1.127810
263 0.000000 0.000000 0.000000
264 1 26.949315 73.303236 3.817894 1.000000 1.000000 1.000000 0.983094
264 0.000000 0.000000 0.000000
265 1 6.032515 78.352981 46.245968 2.000000 2.000000 1.000000 1.127810
265 0.000000 0.000000 0.000000
275 1 93.538734 14.336229 91.586283 3.000000 3.000000 1.000000 1.197480
275 0.000000 0.000000 0.000000
276 1 41.525901 51.401506 73.821996 2.000000 2.000000 1.000000 1.127810
276 0.000000 0.000000 0.000000
277 1 89.673789 36.393567 149.385995 4.000000 4.000000 1.000000 1.237850
277 0.000000 0.000000 0.000000
283 1 65.079864 30.319648 83.876575 1.000000 1.000000 1.000000 0.983094
283 0.000000 0.000000 0.000000
284 1 12.937513 29.721771 7.603675 1.000000 1.000000 1.000000 0.983094
284 0.000000 0.000000 0.000000
285 1 25.746635 29.821503 83.405691 2.000000 2.000000 1.000000 1.127810
285 0.000000 0.000000 0.000000
286 1 58.761260 76.044107 48.985140 3.000000 3.000000 1.000000 1.197480
286 0.000000 0.000000 0.000000
287 1 62.761686 64.670167 16.850058 2.000000 2.000000 1.000000 1.127810
287 0.000000 0.000000 0.000000
290 1 53.419572 9.475454 91.286316 1.000000 1.000000 1.000000 0.983094
290 0.000000 0.000000 0.000000
291 1 48.120846 79.868671 30.738930 1.000000 1.000000 1.000000 0.983094
291 0.000000 0.000000 0.000000
292 1 93.155268 80.566729 101.258904 1.000000 1.000000 1.000000 0.983094
292 0.000000 0.000000 0.000000
293 1 25.109353 73.712301 117.455123 3.000000 3.000000 1.000000 1.197480
293 0.000000 0.000000 0.000000
295 1 77.649368 28.103256 153.929391 1.000000 1.000000 1.000000 0.983094
295 0.000000 0.000000 0.000000
296 1 85.575039 87.440815 84.921056 1.000000 1.000000 1.000000 0.983094
296 0.000000 0.000000 0.000000
297 1 30.703284 18.029920 11.303861 6.000000 6.000000 1.000000 1.281330
297 0.000000 0.000000 0.000000
298 1 61.867870 8.476414 100.716676 3.000000 3.000000 1.000000 1.197480
298 0.000000 0.000000 0.000000
304 1 37.455948 95.078546 3.824159 2.000000 2.000000 1.000000 1.127810
304 0.000000 0.000000 0.000000
305 1 42.191479 34.227942 120.953768 1.000000 1.000000 1.000000 0.983094
305 0.000000 0.000000 0.000000
309 1 40.799479 4.406906 168.838386 1.000000 1.000000 1.000000 0.983094
309 0.000000 0.000000 0.000000
311 1 62.068643 90.992671 159.991953 1.000000 1.000000 1.000000 0.983094
311 0.000000 0.000000 0.000000
314 1 73.446452 89.960081 48.796843 1.000000 1.000000 1.000000 0.983094
314 0.000000 0.000000 0.000000
315 1 91.807530 30.836448 96.690666 6.000000 6.000000 1.000000 1.281330
315 0.000000 0.000000 0.000000
319 1 18.992533 60.237716 125.239757 2.000000 2.000000 1.000000 1.127810
319 0.000000 0.000000 0.000000
320 1 25.763929 39.429206 128.247896 1.000000 1.000000 1.000000 0.983094
320 0.000000 0.000000 0.000000
321 1 89.330293 92.943617 105.857806 1.000000 1.000000 1.000000 0.983094
321 0.000000 0.000000 0.000000
324 1 48.926641 81.373283 51.959261 2.000000 2.000000 1.000000 1.127810
324 0.000000 0.000000 0.000000
326 1 76.681709 54.747251 12.283676 2.000000 2.000000 1.000000 1.127810
326 0.000000 0.000000 0.000000
328 1 27.443633 31.779497 181.584526 3.000000 3.000000 1.000000 1.197480
328 0.000000 0.000000 0.000000
329 1 8.103346 69.512445 107.128385 2.000000 2.000000 1.000000 1.127810
329 0.000000 0.000000 0.000000
332 1 27.027335 35.289671 189.051440 1.000000 1.000000 1.000000 0.983094
332 0.000000 0.000000 0.000000
333 1 71.362671 35.680188 40.680999 2.000000 2.000000 1.000000 1.127810
333 0.000000 0.000000 0.000000
337 1 35.026366 50.982439 95.285412 1.000000 1.000000 1.000000 0.983094
337 0.000000 0.000000 0.000000
338 1 48.975520 15.997452 138.234407 2.000000 2.000000 1.000000 1.127810
338 0.000000 0.000000 0.000000
339 1 84.149968 44.709951 65.375816 2.000000 2.000000 1.000000 1.127810
339 0.000000 0.000000 0.000000
342 1 76.219957 60.858468 9.371345 3.000000 3.000000 1.000000 1.197480
342 0.000000 0.000000 0.000000
343 1 8.190160 41.057195 102.407185 1.000000 1.000000 1.000000 0.983094
343 0.000000 0.000000 0.000000
344 1 86.083885 77.266023 38.290031 3.000000 3.000000 1.000000 1.197480
344 0.000000 0.000000 0.000000
345 1 42.103766 40.887226 143.610350 2.000000 2.000000 1.000000 1.127810
345 0.000000 0.000000 0.000000
346 1 39.647182 38.449510 26.726293 1.000000 1.000000 1.000000 0.983094
346 0.000000 0.000000 0.000000
349 1 73.268069 12.079917 136.533359 1.000000 1.000000 1.000000 0.983094
349 0.000000 0.000000 0.000000
350 1 91.800015 50.569469 65.499023 1.000000 1.000000 1.000000 0.983094
350 0.000000 0.000000 0.000000
352 1 45.489284 94.260504 111.553599 1.000000 1.000000 1.000000 0.983094
352 0.000000 0.000000 0.000000
353 1 43.767778 45.210071 139.513958 1.000000 1.000000 1.000000 0.983094
353 0.000000 0.000000 0.000000
355 1 72.084329 47.595517 118.413317 3.000000 3.000000 1.000000 1.197480
355 0.000000 0.000000 0.000000
357 1 16.037502 58.178899 50.261428 1.000000 1.000000 1.000000 0.983094
357 0.000000 0.000000 0.000000
358 1 61.466447 24.221816 118.454081 1.000000 1.000000 1.000000 0.983094
358 0.000000 0.000000 0.000000
360 1 82.370251 63.846068 191.320712 2.000000 2.000000 1.000000 1.127810
360 0.000000 0.000000 0.000000
361 1 12.492454 37.713990 104.298980 1.000000 1.000000 1.000000 0.983094
361 0.000000 0.000000 0.000000
362 1 59.535685 50.274231 138.886885 2.000000 2.000000 1.000000 1.127810
362 0.000000 0.000000 0.000000
363 1 36.243773 84.108207 8.988597 1.000000 1.000000 1.000000 0.983094
363 0.000000 0.000000 0.000000
365 1 37.264397 54.541455 180.078567 2.000000 2.000000 1.000000 1.127810
365 0.000000 0.000000 0.000000
367 1 42.548661 68.847311 57.499262 1.000000 1.000000 1.000000 0.983094
367 0.000000 0.000000 0.000000
368 1 59.599074 68.142780 148.145399 2.000000 2.000000 1.000000 1.127810
368 0.000000 0.000000 0.000000
370 1 38.356032 25.896977 120.208679 1.000000 1.000000 1.000000 0.983094
370 0.000000 0.000000 0.000000
372 1 81.378071 37.386406 177.902406 2.000000 2.000000 1.000000 1.127810
372 0.000000 0.000000 0.000000
373 1 87.813787 88.940544 118.781825 1.000000 1.000000 1.000000 0.983094
373 0.000000 0.000000 0.000000
375 1 54.107621 29.091355 185.533740 3.000000 3.000000 1.000000 1.197480
375 0.000000 0.000000 0.000000
377 1 93.183631 94.429394 102.764792 1.000000 1.000000 1.000000 0.983094
377 0.000000 0.000000 0.000000
378 1 64.940299 52.385696 79.981622 1.000000 1.000000 1.000000 0.983094
378 0.000000 0.000000 0.000000
379 1 69.925769 2.907119 80.497098 1.000000 1.000000 1.000000 0.983094
379 0.000000 0.000000 0.000000
381 1 13.247751 28.469199 80.510626 1.000000 1.000000 1.000000 0.983094
381 0.000000 0.000000 0.000000
382 1 14.346261 76.843352 153.548863 2.000000 2.000000 1.000000 1.127810
382 0.000000 0.000000 0.000000
383 1 84.712448 88.561104 177.859108 3.000000 3.000000 1.000000 1.197480
383 0.000000 0.000000 0.000000
384 1 39.287348 82.765179 90.551792 1.000000 1.000000 1.000000 0.983094
384 0.000000 0.000000 0.000000
385 1 33.051335 16.725672 119.332751 4.000000 4.000000 1.000000 1.237850
385 0.000000 0.000000 0.000000
386 1 27.951038 91.762987 34.221608 2.000000 2.000000 1.000000 1.127810
386 0.000000 0.000000 0.000000
387 1 84.896899 14.901725 0.088148 3.000000 3.000000 1.000000 1.197480
387 0.000000 0.000000 0.000000
391 1 89.161106 7.345714 45.676416 2.000000 2.000000 1.000000 1.127810
391 0.000000 0.000000 0.000000
393 1 14.249035 69.441939 135.459803 1.000000 1.000000 1.000000 0.983094
393 0.000000 0.000000 0.000000
394 1 64.683855 98.931043 0.384921 5.000000 5.000000 1.000000 1.263720
394 0.000000 0.000000 0.000000
400 1 66.061096 43.940198 31.481625 1.000000 1.000000 1.000000 0.983094
400 0.000000 0.000000 0.000000
401 1 59.334340 34.583380 20.212081 1.000000 1.000000 1.000000 0.983094
401 0.000000 0.000000 0.000000
405 1 88.494407 22.814667 35.943353 1.000000 1.000000 1.000000 0.983094
405 0.000000 0.000000 0.000000
406 1 69.093497 14.485356 135.818456 3.000000 3.000000 1.000000 1.197480
406 0.000000 0.000000 0.000000
407 1 88.747827 22.733256 0.052928 1.000000 1.000000 1.000000 0.983094
407 0.000000 0.000000 0.000000
408 1 0.235423 14.619610 78.263004 1.000000 1.000000 1.000000 0.983094
408 0.000000 0.000000 0.000000
409 1 36.283998 31.396968 148.274061 1.000000 1.000000 1.000000 0.983094
409 0.000000 0.000000 0.000000
412 1 34.658133 74.615138 161.943681 1.000000 1.000000 1.000000 0.983094
412 0.000000 0.000000 0.000000
413 1 0.071449 19.737111 25.388357 1.000000 1.000000 1.000000 0.983094
413 0.000000 0.000000 0.000000
414 1 11.648710 73.450644 54.953284 2.000000 2.000000 1.000000 1.127810
414 0.000000 0.000000 0.000000
415 1 96.989483 90.025558 77.573422 1.000000 1.000000 1.000000 0.983094
415 0.000000 0.000000 0.000000
417 1 82.105618 7.695885 131.139563 3.000000 3.000000 1.000000 1.197480
417 0.000000 0.000000 0.000000
418 1 30.471597 0.278086 35.490226 3.000000 3.000000 1.000000 1.197480
418 0.000000 0.000000 0.000000
419 1 80.227578 58.179149 87.662749 1.000000 1.000000 1.000000 0.983094
419 0.000000 0.000000 0.000000
420 1 44.230415 44.891338 77.765529 1.000000 1.000000 1.000000 0.983094
420 0.000000 0.000000 0.000000
421 1 56.796301 24.302131 173.950464 1.000000 1.000000 1.000000 0.983094
421 0.000000 0.000000 0.000000
422 1 51.425261 13.419767 185.164785 1.000000 1.000000 1.000000 0.983094
422 0.000000 0.000000 0.000000
427 1 16.045995 35.039251 170.844976 2.000000 2.000000 1.000000 1.127810
427 0.000000 0.000000 0.000000
428 1 90.218616 64.651478 68.477706 2.000000 2.000000 1.000000 1.127810
428 0.000000 0.000000 0.000000
429 1 55.952388 79.266328 165.599973 1.000000 1.000000 1.000000 0.983094
429 0.000000 0.000000 0.000000
430 1 37.185689 74.162037 11.616765 2.000000 2.000000 1.000000 1.127810
430 0.000000 0.000000 0.000000
431 1 35.661319 68.933784 82.738876 2.000000 2.000000 1.000000 1.127810
431 0.000000 0.000000 0.000000
435 1 43.570533 66.071619 191.092019 1.000000 1.000000 1.000000 0.983094
435 0.000000 0.000000 0.000000
437 1 50.007195 27.073746 149.059477 1.000000 1.000000 1.000000 0.983094
437 0.000000 0.000000 0.000000
439 1 28.424732 7.919797 52.785159 1.000000 1.000000 1.000000 0.983094
439 0.000000 0.000000 0.000000
440 1 30.098839 97.893816 93.249059 2.000000 2.000000 1.000000 1.127810
440 0.000000 0.000000 0.000000
443 1 45.754844 78.863910 133.133830 1.000000 1.000000 1.000000 0.983094
443 0.000000 0.000000 0.000000
444 1 50.647265 86.151021 81.072750 1.000000 1.000000 1.000000 0.983094
444 0.000000 0.000000 0.000000
447 1 18.641927 7.164125 116.439740 3.000000 3.000000 1.000000 1.197480
447 0.000000 0.000000 0.000000
450 1 34.452701 40.967942 181.483359 2.000000 2.000000 1.000000 1.127810
450 0.000000 0.000000 0.000000
451 1 61.661762 7.495273 5.473544 4.000000 4.000000 1.000000 1.237850
451 0.000000 0.000000 0.000000
452 1 69.692485 93.128760 19.145044 2.000000 2.000000 1.000000 1.127810
452 0.000000 0.000000 0.000000
454 1 12.638462 35.423315 152.245333 1.000000 1.000000 1.000000 0.983094
454 0.000000 0.000000 0.000000
457 1 97.919398 22.699044 179.298990 1.000000 1.000000 1.000000 0.983094
457 0.000000 0.000000 0.000000
458 1 98.142383 50.577292 51.671700 1.000000 1.000000 1.000000 0.983094
458 0.000000 0.000000 0.000000
460 1 44.266534 14.567448 41.034327 1.000000 1.000000 1.000000 0.983094
460 0.000000 0.000000 0.000000
461 1 16.720591 80.415113 193.312269 3.000000 3.000000 1.000000 1.197480
461 0.000000 0.000000 0.000000
462 1 12.007335 95.511911 190.064969 2.000000 2.000000 1.000000 1.127810
462 0.000000 0.000000 0.000000
463 1 9.516888 33.172780 175.180223 1.000000 1.000000 1.000000 0.983094
463 0.000000 0.000000 0.000000
465 1 36.661968 84.928468 32.034664 1.000000 1.000000 1.000000 0.983094
465 0.000000 0.000000 0.000000
466 1 32.661208 47.475345 26.063669 1.000000 1.000000 1.000000 0.983094
466 0.000000 0.000000 0.000000
468 1 55.377775 2.350201 77.038884 1.000000 1.000000 1.000000 0.983094
468 0.000000 0.000000 0.000000
469 1 38.753383 95.564349 198.530697 5.000000 5.000000 1.000000 1.263720
469 0.000000 0.000000 0.000000
471 1 73.957346 59.491196 108.531819 1.000000 1.000000 1.000000 0.983094
471 0.000000 0.000000 0.000000
472 1 87.077149 99.071301 127.455600 2.000000 2.000000 1.000000 1.127810
472 0.000000 0.000000 0.000000
473 1 23.255162 93.129202 43.168984 1.000000 1.000000 1.000000 0.983094
473 0.000000 0.000000 0.000000
476 1 31.857177 2.840499 108.464328 1.000000 1.000000 1.000000 0.983094
476 0.000000 0.000000 0.000000
477 1 71.511508 77.495517 190.952253 1.000000 1.000000 1.000000 0.983094
477 0.000000 0.000000 0.000000
478 1 19.605653 51.588175 128.767449 1.000000 1.000000 1.000000 0.983094
478 0.000000 0.000000 0.000000
481 1 92.955366 91.407450 184.750141 1.000000 1.000000 1.000000 0.983094
481 0.000000 0.000000 0.000000
484 1 60.445589 8.765284 56.338065 1.000000 1.000000 1.000000 0.983094
484 0.000000 0.000000 0.000000
485 1 6.237797 10.789011 188.923859 1.000000 1.000000 1.000000 0.983094
485 0.000000 0.000000 0.000000
486 1 25.769567 45.825758 76.455351 1.000000 1.000000 1.000000 0.983094
486 0.000000 0.000000 0.000000
487 1 78.271934 37.801973 186.145230 4.000000 4.000000 1.000000 1.237850
487 0.000000 0.000000 0.000000
488 1 11.553754 60.324131 100.773345 2.000000 2.000000 1.000000 1.127810
488 0.000000 0.000000 0.000000
489 1 76.494063 77.822428 53.184763 1.000000 1.000000 1.000000 0.983094
489 0.000000 0.000000 0.000000
492 1 62.267297 41.109992 1.106812 2.000000 2.000000 1.000000 1.127810
492 0.000000 0.000000 0.000000
493 1 67.694299 55.751649 40.891522 5.000000 5.000000 1.000000 1.263720
493 0.000000 0.000000 0.000000
496 1 74.052390 76.074278 20.458151 1.000000 1.000000 1.000000 0.983094
496 0.000000 0.000000 0.000000
497 1 34.309109 63.405338 27.858853 1.000000 1.000000 1.000000 0.983094
497 0.000000 0.000000 0.000000
498 1 37.931650 90.699319 179.626678 3.000000 3.000000 1.000000 1.197480
498 0.000000 0.000000 0.000000
