# MagChain 24Nov2011
#timestep	A	<N>	<S>	ET [s]
10 341 1.46628 1.90800 0.00000
20 341 1.46628 1.90800 1.00000
30 341 1.46628 1.90800 1.00000
40 341 1.46628 1.90800 1.00000
50 341 1.46628 1.90800 1.00000
60 340 1.47059 1.91200 2.00000
70 340 1.47059 1.91200 2.00000
80 340 1.47059 1.91200 2.00000
90 338 1.47929 1.92800 2.00000
100 337 1.48368 1.94000 2.00000
110 336 1.48810 1.94400 3.00000
120 335 1.49254 1.94800 3.00000
130 335 1.49254 1.94800 3.00000
140 334 1.49701 1.95600 3.00000
150 333 1.50150 1.96000 4.00000
160 333 1.50150 1.96000 4.00000
170 333 1.50150 1.96000 4.00000
180 332 1.50602 1.97600 4.00000
190 331 1.51057 1.98000 4.00000
200 330 1.51515 1.98400 5.00000
210 328 1.52439 1.99200 5.00000
220 327 1.52905 2.00000 5.00000
230 327 1.52905 2.00000 5.00000
240 326 1.53374 2.01200 5.00000
250 323 1.54799 2.04000 6.00000
260 323 1.54799 2.04000 6.00000
270 322 1.55280 2.05200 6.00000
280 320 1.56250 2.08000 6.00000
290 320 1.56250 2.08000 7.00000
300 320 1.56250 2.08000 7.00000
310 319 1.56740 2.08400 7.00000
320 318 1.57233 2.09200 7.00000
330 316 1.58228 2.12000 7.00000
340 316 1.58228 2.12000 8.00000
350 315 1.58730 2.14400 8.00000
360 314 1.59236 2.14800 8.00000
370 314 1.59236 2.14800 8.00000
380 313 1.59744 2.16000 8.00000
390 313 1.59744 2.16000 8.00000
400 311 1.60772 2.17200 9.00000
410 311 1.60772 2.17200 9.00000
420 309 1.61812 2.19200 9.00000
430 308 1.62338 2.20800 9.00000
440 306 1.63399 2.23600 9.00000
450 305 1.63934 2.24400 10.00000
460 303 1.65017 2.25200 10.00000
470 302 1.65563 2.26800 10.00000
480 302 1.65563 2.26800 10.00000
490 300 1.66667 2.27600 10.00000
500 299 1.67224 2.28000 11.00000
510 299 1.67224 2.28000 11.00000
520 296 1.68919 2.31200 11.00000
530 295 1.69492 2.31600 11.00000
540 295 1.69492 2.31600 11.00000
550 294 1.70068 2.32000 11.00000
560 292 1.71233 2.35200 12.00000
570 290 1.72414 2.36000 12.00000
580 290 1.72414 2.36000 12.00000
590 287 1.74216 2.38000 12.00000
600 286 1.74825 2.38400 12.00000
610 285 1.75439 2.38800 12.00000
620 285 1.75439 2.38800 13.00000
630 284 1.76056 2.39200 13.00000
640 283 1.76678 2.40000 13.00000
650 283 1.76678 2.40000 13.00000
660 283 1.76678 2.40000 13.00000
670 283 1.76678 2.40000 13.00000
680 283 1.76678 2.40000 14.00000
690 282 1.77305 2.40800 14.00000
700 282 1.77305 2.40800 14.00000
710 281 1.77936 2.42000 14.00000
720 280 1.78571 2.43600 14.00000
730 279 1.79211 2.44000 15.00000
740 277 1.80505 2.44800 15.00000
750 277 1.80505 2.44800 15.00000
760 277 1.80505 2.44800 15.00000
770 275 1.81818 2.47600 15.00000
780 273 1.83150 2.52400 16.00000
790 273 1.83150 2.52400 16.00000
800 273 1.83150 2.52400 16.00000
810 273 1.83150 2.52400 16.00000
820 273 1.83150 2.52400 16.00000
830 272 1.83824 2.53600 16.00000
840 272 1.83824 2.53600 16.00000
850 272 1.83824 2.53600 17.00000
860 268 1.86567 2.58000 17.00000
870 268 1.86567 2.58000 17.00000
880 268 1.86567 2.58000 17.00000
890 267 1.87266 2.58400 17.00000
900 266 1.87970 2.59200 17.00000
910 264 1.89394 2.63600 17.00000
920 264 1.89394 2.63600 18.00000
930 261 1.91571 2.70400 18.00000
940 261 1.91571 2.70400 18.00000
950 259 1.93050 2.76000 18.00000
960 258 1.93798 2.76800 18.00000
970 257 1.94553 2.77600 18.00000
980 257 1.94553 2.77600 18.00000
990 257 1.94553 2.77600 19.00000
1000 257 1.94553 2.77600 19.00000
