RESTART FILE
Timestep: 400

NUMBER OF PARTICLES
500

SIMULATION BOX
100 100 200

TIMESTEP
0.1

ATTRACTION RADIUS
1
0 

AGGREGATES/BEADS
0 1 84.348733 91.146706 35.650345 1.000000 1.000000 1.000000 0.000000
0 0.000000 0.000000 0.000000
1 1 74.737613 87.851741 166.993316 1.000000 1.000000 1.000000 0.000000
1 0.000000 0.000000 0.000000
2 1 18.580571 1.141712 22.165732 1.000000 1.000000 1.000000 0.000000
2 0.000000 0.000000 0.000000
3 1 85.754433 88.850647 162.578803 1.000000 1.000000 1.000000 0.000000
3 0.000000 0.000000 0.000000
4 1 35.795713 83.477153 103.769675 1.000000 1.000000 1.000000 0.000000
4 0.000000 0.000000 0.000000
5 1 37.323043 73.983890 153.542239 1.000000 1.000000 1.000000 0.000000
5 0.000000 0.000000 0.000000
6 1 2.453388 13.296867 183.720174 1.000000 1.000000 1.000000 0.000000
6 0.000000 0.000000 0.000000
7 1 51.367921 15.489221 125.777901 1.000000 1.000000 1.000000 0.000000
7 0.000000 0.000000 0.000000
8 1 54.407921 2.299782 90.450349 1.000000 1.000000 1.000000 0.000000
8 0.000000 0.000000 0.000000
9 1 39.390534 30.179570 52.070395 1.000000 1.000000 1.000000 0.000000
9 0.000000 0.000000 0.000000
10 1 70.173020 74.875600 69.242429 1.000000 1.000000 1.000000 0.000000
10 0.000000 0.000000 0.000000
11 1 35.030178 60.841207 29.538385 1.000000 1.000000 1.000000 0.000000
11 0.000000 0.000000 0.000000
12 1 82.080962 84.361313 84.534499 1.000000 1.000000 1.000000 0.000000
12 0.000000 0.000000 0.000000
13 1 52.819124 81.539890 35.073453 1.000000 1.000000 1.000000 0.000000
13 0.000000 0.000000 0.000000
14 1 20.688496 46.195082 33.379118 1.000000 1.000000 1.000000 0.000000
14 0.000000 0.000000 0.000000
15 1 29.567108 43.581420 197.688055 1.000000 1.000000 1.000000 0.000000
15 0.000000 0.000000 0.000000
16 1 54.380797 47.636355 194.648232 1.000000 1.000000 1.000000 0.000000
16 0.000000 0.000000 0.000000
17 1 1.315541 62.445768 102.142672 1.000000 1.000000 1.000000 0.000000
17 0.000000 0.000000 0.000000
18 1 78.392244 6.411980 178.272380 1.000000 1.000000 1.000000 0.000000
18 0.000000 0.000000 0.000000
19 1 54.596512 33.695639 153.262848 1.000000 1.000000 1.000000 0.000000
19 0.000000 0.000000 0.000000
20 1 67.277949 96.663939 130.167604 1.000000 1.000000 1.000000 0.000000
20 0.000000 0.000000 0.000000
21 1 86.565720 42.214123 36.328249 1.000000 1.000000 1.000000 0.000000
21 0.000000 0.000000 0.000000
22 1 65.062490 37.423433 170.362277 1.000000 1.000000 1.000000 0.000000
22 0.000000 0.000000 0.000000
23 1 68.440537 57.102622 125.891993 1.000000 1.000000 1.000000 0.000000
23 0.000000 0.000000 0.000000
24 1 26.707107 41.301886 78.799011 1.000000 1.000000 1.000000 0.000000
24 0.000000 0.000000 0.000000
25 1 91.439297 92.320509 79.046894 1.000000 1.000000 1.000000 0.000000
25 0.000000 0.000000 0.000000
26 1 82.670956 14.692907 38.079491 1.000000 1.000000 1.000000 0.000000
26 0.000000 0.000000 0.000000
27 1 88.241389 59.442437 22.818355 1.000000 1.000000 1.000000 0.000000
27 0.000000 0.000000 0.000000
28 1 60.098946 7.081687 86.911133 1.000000 1.000000 1.000000 0.000000
28 0.000000 0.000000 0.000000
29 1 25.681849 17.479965 24.386003 1.000000 1.000000 1.000000 0.000000
29 0.000000 0.000000 0.000000
30 1 55.673252 14.377218 197.824474 1.000000 1.000000 1.000000 0.000000
30 0.000000 0.000000 0.000000
31 1 1.152690 72.055099 39.324455 1.000000 1.000000 1.000000 0.000000
31 0.000000 0.000000 0.000000
32 1 88.498179 58.575040 199.455324 1.000000 1.000000 1.000000 0.000000
32 0.000000 0.000000 0.000000
33 1 7.048684 48.570332 31.512543 1.000000 1.000000 1.000000 0.000000
33 0.000000 0.000000 0.000000
34 1 20.337444 97.080954 55.355561 1.000000 1.000000 1.000000 0.000000
34 0.000000 0.000000 0.000000
35 1 51.885610 3.203789 15.422880 1.000000 1.000000 1.000000 0.000000
35 0.000000 0.000000 0.000000
36 1 0.190204 96.074494 20.064833 1.000000 1.000000 1.000000 0.000000
36 0.000000 0.000000 0.000000
37 1 0.027097 93.644425 131.491150 1.000000 1.000000 1.000000 0.000000
37 0.000000 0.000000 0.000000
38 1 56.294227 50.194932 78.016179 1.000000 1.000000 1.000000 0.000000
38 0.000000 0.000000 0.000000
39 1 50.761130 31.640993 17.630519 1.000000 1.000000 1.000000 0.000000
39 0.000000 0.000000 0.000000
40 1 13.480281 18.399745 64.144427 1.000000 1.000000 1.000000 0.000000
40 0.000000 0.000000 0.000000
41 1 44.589133 42.651024 89.849527 1.000000 1.000000 1.000000 0.000000
41 0.000000 0.000000 0.000000
42 1 35.113993 44.351518 111.336279 1.000000 1.000000 1.000000 0.000000
42 0.000000 0.000000 0.000000
43 1 38.545535 81.655119 15.539248 1.000000 1.000000 1.000000 0.000000
43 0.000000 0.000000 0.000000
44 1 61.898021 66.142059 117.375103 1.000000 1.000000 1.000000 0.000000
44 0.000000 0.000000 0.000000
45 1 18.264962 78.407561 50.181750 1.000000 1.000000 1.000000 0.000000
45 0.000000 0.000000 0.000000
46 1 30.690504 96.935895 69.333430 1.000000 1.000000 1.000000 0.000000
46 0.000000 0.000000 0.000000
47 1 25.481192 62.311059 197.456287 1.000000 1.000000 1.000000 0.000000
47 0.000000 0.000000 0.000000
48 1 28.694131 27.647909 26.970396 1.000000 1.000000 1.000000 0.000000
48 0.000000 0.000000 0.000000
49 1 93.748302 45.066674 36.971820 1.000000 1.000000 1.000000 0.000000
49 0.000000 0.000000 0.000000
50 1 3.109137 61.570343 15.080648 1.000000 1.000000 1.000000 0.000000
50 0.000000 0.000000 0.000000
51 1 27.701625 20.349481 110.530026 1.000000 1.000000 1.000000 0.000000
51 0.000000 0.000000 0.000000
52 1 60.171621 72.312979 141.912182 1.000000 1.000000 1.000000 0.000000
52 0.000000 0.000000 0.000000
53 1 67.715087 69.422018 67.214276 1.000000 1.000000 1.000000 0.000000
53 0.000000 0.000000 0.000000
54 1 27.021259 47.741493 59.587493 1.000000 1.000000 1.000000 0.000000
54 0.000000 0.000000 0.000000
55 1 76.191951 77.086152 103.089095 1.000000 1.000000 1.000000 0.000000
55 0.000000 0.000000 0.000000
56 1 14.825702 49.020535 191.032153 1.000000 1.000000 1.000000 0.000000
56 0.000000 0.000000 0.000000
57 1 52.428091 91.105618 131.899687 1.000000 1.000000 1.000000 0.000000
57 0.000000 0.000000 0.000000
58 1 44.959671 52.396068 58.976319 1.000000 1.000000 1.000000 0.000000
58 0.000000 0.000000 0.000000
59 1 71.581906 2.665246 184.954966 1.000000 1.000000 1.000000 0.000000
59 0.000000 0.000000 0.000000
60 1 5.474554 48.306109 29.869827 1.000000 1.000000 1.000000 0.000000
60 0.000000 0.000000 0.000000
61 1 64.120980 81.896107 177.547911 1.000000 1.000000 1.000000 0.000000
61 0.000000 0.000000 0.000000
62 1 26.937799 29.548015 114.249637 1.000000 1.000000 1.000000 0.000000
62 0.000000 0.000000 0.000000
63 1 11.599338 91.398002 44.565497 1.000000 1.000000 1.000000 0.000000
63 0.000000 0.000000 0.000000
64 1 25.170497 93.035258 72.372755 1.000000 1.000000 1.000000 0.000000
64 0.000000 0.000000 0.000000
65 1 69.532183 86.257599 70.692433 1.000000 1.000000 1.000000 0.000000
65 0.000000 0.000000 0.000000
66 1 72.743008 70.882844 6.102864 1.000000 1.000000 1.000000 0.000000
66 0.000000 0.000000 0.000000
67 1 73.409317 37.818293 11.800444 1.000000 1.000000 1.000000 0.000000
67 0.000000 0.000000 0.000000
68 1 5.124115 34.763717 142.395054 1.000000 1.000000 1.000000 0.000000
68 0.000000 0.000000 0.000000
69 1 83.972555 64.023669 186.272806 1.000000 1.000000 1.000000 0.000000
69 0.000000 0.000000 0.000000
70 1 52.599183 64.178609 133.502638 1.000000 1.000000 1.000000 0.000000
70 0.000000 0.000000 0.000000
71 1 55.062255 80.943756 17.006180 1.000000 1.000000 1.000000 0.000000
71 0.000000 0.000000 0.000000
72 1 97.824215 97.074164 89.769069 1.000000 1.000000 1.000000 0.000000
72 0.000000 0.000000 0.000000
73 1 52.965436 75.974580 71.366535 1.000000 1.000000 1.000000 0.000000
73 0.000000 0.000000 0.000000
74 1 26.183352 92.653218 58.921019 1.000000 1.000000 1.000000 0.000000
74 0.000000 0.000000 0.000000
75 1 73.831989 57.831342 89.839653 1.000000 1.000000 1.000000 0.000000
75 0.000000 0.000000 0.000000
76 1 86.412601 51.552612 40.525426 1.000000 1.000000 1.000000 0.000000
76 0.000000 0.000000 0.000000
77 1 54.492718 48.083612 36.368897 1.000000 1.000000 1.000000 0.000000
77 0.000000 0.000000 0.000000
78 1 81.189960 27.325289 175.319281 1.000000 1.000000 1.000000 0.000000
78 0.000000 0.000000 0.000000
79 1 5.426349 83.571832 27.309056 1.000000 1.000000 1.000000 0.000000
79 0.000000 0.000000 0.000000
80 1 51.402198 64.269912 49.982104 1.000000 1.000000 1.000000 0.000000
80 0.000000 0.000000 0.000000
81 1 93.142422 16.120400 184.837760 1.000000 1.000000 1.000000 0.000000
81 0.000000 0.000000 0.000000
82 1 32.990344 9.512289 135.469947 1.000000 1.000000 1.000000 0.000000
82 0.000000 0.000000 0.000000
83 1 57.363648 90.365845 156.910260 1.000000 1.000000 1.000000 0.000000
83 0.000000 0.000000 0.000000
84 1 62.234955 29.658093 140.314223 1.000000 1.000000 1.000000 0.000000
84 0.000000 0.000000 0.000000
85 1 36.552753 40.698716 100.959495 1.000000 1.000000 1.000000 0.000000
85 0.000000 0.000000 0.000000
86 1 14.798651 22.886927 95.332670 1.000000 1.000000 1.000000 0.000000
86 0.000000 0.000000 0.000000
87 1 70.874349 42.953844 94.581233 1.000000 1.000000 1.000000 0.000000
87 0.000000 0.000000 0.000000
88 1 22.579923 90.178564 164.348644 1.000000 1.000000 1.000000 0.000000
88 0.000000 0.000000 0.000000
89 1 96.112477 47.734880 105.440674 1.000000 1.000000 1.000000 0.000000
89 0.000000 0.000000 0.000000
90 1 19.431794 87.277243 64.620608 1.000000 1.000000 1.000000 0.000000
90 0.000000 0.000000 0.000000
91 1 1.997089 19.073150 192.578273 1.000000 1.000000 1.000000 0.000000
91 0.000000 0.000000 0.000000
92 1 27.038693 61.949113 90.270825 1.000000 1.000000 1.000000 0.000000
92 0.000000 0.000000 0.000000
93 1 55.545821 39.302215 181.925920 1.000000 1.000000 1.000000 0.000000
93 0.000000 0.000000 0.000000
94 1 99.428043 7.322282 88.131450 1.000000 1.000000 1.000000 0.000000
94 0.000000 0.000000 0.000000
95 1 80.942264 31.688665 28.575255 1.000000 1.000000 1.000000 0.000000
95 0.000000 0.000000 0.000000
96 1 81.336554 5.907967 192.395785 1.000000 1.000000 1.000000 0.000000
96 0.000000 0.000000 0.000000
97 1 47.065956 90.422584 41.028121 1.000000 1.000000 1.000000 0.000000
97 0.000000 0.000000 0.000000
98 1 58.244076 43.729869 55.539738 1.000000 1.000000 1.000000 0.000000
98 0.000000 0.000000 0.000000
99 1 59.069798 0.568286 76.923773 1.000000 1.000000 1.000000 0.000000
99 0.000000 0.000000 0.000000
100 1 69.296717 5.801754 186.152275 1.000000 1.000000 1.000000 0.000000
100 0.000000 0.000000 0.000000
101 1 45.964062 85.986549 116.106122 1.000000 1.000000 1.000000 0.000000
101 0.000000 0.000000 0.000000
102 1 22.893289 95.958440 116.944513 1.000000 1.000000 1.000000 0.000000
102 0.000000 0.000000 0.000000
103 1 46.458899 23.939878 147.617396 1.000000 1.000000 1.000000 0.000000
103 0.000000 0.000000 0.000000
104 1 63.594553 76.546788 90.176125 1.000000 1.000000 1.000000 0.000000
104 0.000000 0.000000 0.000000
105 1 51.553824 51.895449 189.987905 1.000000 1.000000 1.000000 0.000000
105 0.000000 0.000000 0.000000
106 1 95.941380 38.294796 196.177293 1.000000 1.000000 1.000000 0.000000
106 0.000000 0.000000 0.000000
107 1 87.401362 79.688654 77.403532 1.000000 1.000000 1.000000 0.000000
107 0.000000 0.000000 0.000000
108 1 13.149690 44.678810 164.192884 1.000000 1.000000 1.000000 0.000000
108 0.000000 0.000000 0.000000
109 1 40.135078 57.910608 147.436419 1.000000 1.000000 1.000000 0.000000
109 0.000000 0.000000 0.000000
110 1 32.101082 43.802723 28.105897 1.000000 1.000000 1.000000 0.000000
110 0.000000 0.000000 0.000000
111 1 13.265290 78.172417 75.710290 1.000000 1.000000 1.000000 0.000000
111 0.000000 0.000000 0.000000
112 1 24.179109 88.254889 72.717129 1.000000 1.000000 1.000000 0.000000
112 0.000000 0.000000 0.000000
113 1 29.443576 69.177122 141.520095 1.000000 1.000000 1.000000 0.000000
113 0.000000 0.000000 0.000000
114 1 89.271561 93.542185 120.462176 1.000000 1.000000 1.000000 0.000000
114 0.000000 0.000000 0.000000
115 1 99.064440 49.057151 133.551342 1.000000 1.000000 1.000000 0.000000
115 0.000000 0.000000 0.000000
116 1 78.793335 61.872996 104.787605 1.000000 1.000000 1.000000 0.000000
116 0.000000 0.000000 0.000000
117 1 24.232004 48.936358 195.856554 1.000000 1.000000 1.000000 0.000000
117 0.000000 0.000000 0.000000
118 1 17.007665 13.285209 51.949620 1.000000 1.000000 1.000000 0.000000
118 0.000000 0.000000 0.000000
119 1 13.837450 34.601099 180.862280 1.000000 1.000000 1.000000 0.000000
119 0.000000 0.000000 0.000000
120 1 97.638830 64.165565 189.806143 1.000000 1.000000 1.000000 0.000000
120 0.000000 0.000000 0.000000
121 1 39.734637 16.259249 69.659934 1.000000 1.000000 1.000000 0.000000
121 0.000000 0.000000 0.000000
122 1 56.123957 27.525877 180.902602 1.000000 1.000000 1.000000 0.000000
122 0.000000 0.000000 0.000000
123 1 14.745870 76.827382 14.168298 1.000000 1.000000 1.000000 0.000000
123 0.000000 0.000000 0.000000
124 1 68.674682 96.513955 199.912797 1.000000 1.000000 1.000000 0.000000
124 0.000000 0.000000 0.000000
125 1 86.072416 53.278487 66.584013 1.000000 1.000000 1.000000 0.000000
125 0.000000 0.000000 0.000000
126 1 89.248590 75.741648 94.173379 1.000000 1.000000 1.000000 0.000000
126 0.000000 0.000000 0.000000
127 1 55.123892 53.878317 176.134679 1.000000 1.000000 1.000000 0.000000
127 0.000000 0.000000 0.000000
128 1 83.878277 41.393456 139.927307 1.000000 1.000000 1.000000 0.000000
128 0.000000 0.000000 0.000000
129 1 71.573684 30.393609 153.815933 1.000000 1.000000 1.000000 0.000000
129 0.000000 0.000000 0.000000
130 1 78.960345 76.192453 141.863185 1.000000 1.000000 1.000000 0.000000
130 0.000000 0.000000 0.000000
131 1 32.839063 25.137529 118.197625 1.000000 1.000000 1.000000 0.000000
131 0.000000 0.000000 0.000000
132 1 28.452293 41.264510 43.190205 1.000000 1.000000 1.000000 0.000000
132 0.000000 0.000000 0.000000
133 1 34.068203 7.367257 62.369949 1.000000 1.000000 1.000000 0.000000
133 0.000000 0.000000 0.000000
134 1 88.937745 61.469411 57.261572 1.000000 1.000000 1.000000 0.000000
134 0.000000 0.000000 0.000000
135 1 99.678679 8.886447 5.216305 1.000000 1.000000 1.000000 0.000000
135 0.000000 0.000000 0.000000
136 1 25.390583 49.759825 82.999415 1.000000 1.000000 1.000000 0.000000
136 0.000000 0.000000 0.000000
137 1 36.876778 82.512758 161.239555 1.000000 1.000000 1.000000 0.000000
137 0.000000 0.000000 0.000000
138 1 75.875696 76.117136 46.237552 1.000000 1.000000 1.000000 0.000000
138 0.000000 0.000000 0.000000
139 1 38.566968 25.340493 178.679711 1.000000 1.000000 1.000000 0.000000
139 0.000000 0.000000 0.000000
140 1 66.087571 85.954655 187.580841 1.000000 1.000000 1.000000 0.000000
140 0.000000 0.000000 0.000000
141 1 70.690597 89.001691 111.113026 1.000000 1.000000 1.000000 0.000000
141 0.000000 0.000000 0.000000
142 1 10.581062 73.029151 91.014002 1.000000 1.000000 1.000000 0.000000
142 0.000000 0.000000 0.000000
143 1 25.421226 19.586931 155.023394 1.000000 1.000000 1.000000 0.000000
143 0.000000 0.000000 0.000000
144 1 26.024078 69.134075 157.472034 1.000000 1.000000 1.000000 0.000000
144 0.000000 0.000000 0.000000
145 1 92.498905 21.551350 163.060554 1.000000 1.000000 1.000000 0.000000
145 0.000000 0.000000 0.000000
146 1 43.219438 46.487243 52.992991 1.000000 1.000000 1.000000 0.000000
146 0.000000 0.000000 0.000000
147 1 71.909367 44.883971 119.810303 1.000000 1.000000 1.000000 0.000000
147 0.000000 0.000000 0.000000
148 1 42.551828 90.240177 140.926020 1.000000 1.000000 1.000000 0.000000
148 0.000000 0.000000 0.000000
149 1 35.032277 42.980844 117.786320 1.000000 1.000000 1.000000 0.000000
149 0.000000 0.000000 0.000000
150 1 61.047259 21.721048 34.640599 1.000000 1.000000 1.000000 0.000000
150 0.000000 0.000000 0.000000
151 1 23.845014 41.832266 178.778198 1.000000 1.000000 1.000000 0.000000
151 0.000000 0.000000 0.000000
152 1 42.041102 76.734043 136.548806 1.000000 1.000000 1.000000 0.000000
152 0.000000 0.000000 0.000000
153 1 48.330118 75.456391 176.133384 1.000000 1.000000 1.000000 0.000000
153 0.000000 0.000000 0.000000
154 1 4.782420 66.852295 96.245036 1.000000 1.000000 1.000000 0.000000
154 0.000000 0.000000 0.000000
155 1 10.426029 57.644342 10.035233 1.000000 1.000000 1.000000 0.000000
155 0.000000 0.000000 0.000000
156 1 18.812958 53.734787 83.686320 1.000000 1.000000 1.000000 0.000000
156 0.000000 0.000000 0.000000
157 1 34.783776 54.879488 143.302192 1.000000 1.000000 1.000000 0.000000
157 0.000000 0.000000 0.000000
158 1 14.155565 38.770231 165.400062 1.000000 1.000000 1.000000 0.000000
158 0.000000 0.000000 0.000000
159 1 84.946181 43.538774 185.820118 1.000000 1.000000 1.000000 0.000000
159 0.000000 0.000000 0.000000
160 1 84.334714 81.741368 28.074959 1.000000 1.000000 1.000000 0.000000
160 0.000000 0.000000 0.000000
161 1 95.297061 61.841728 126.290071 1.000000 1.000000 1.000000 0.000000
161 0.000000 0.000000 0.000000
162 1 8.974946 96.515851 127.590848 1.000000 1.000000 1.000000 0.000000
162 0.000000 0.000000 0.000000
163 1 19.849185 14.167637 0.743206 1.000000 1.000000 1.000000 0.000000
163 0.000000 0.000000 0.000000
164 1 0.326350 31.821029 149.596744 1.000000 1.000000 1.000000 0.000000
164 0.000000 0.000000 0.000000
165 1 94.608701 37.938471 164.008425 1.000000 1.000000 1.000000 0.000000
165 0.000000 0.000000 0.000000
166 1 79.714056 91.410439 71.667472 1.000000 1.000000 1.000000 0.000000
166 0.000000 0.000000 0.000000
167 1 57.343557 41.165145 19.682730 1.000000 1.000000 1.000000 0.000000
167 0.000000 0.000000 0.000000
168 1 71.931284 94.737299 158.612803 1.000000 1.000000 1.000000 0.000000
168 0.000000 0.000000 0.000000
169 1 51.069612 11.363931 48.854682 1.000000 1.000000 1.000000 0.000000
169 0.000000 0.000000 0.000000
170 1 73.427896 45.904762 143.470991 1.000000 1.000000 1.000000 0.000000
170 0.000000 0.000000 0.000000
171 1 80.227538 91.637927 142.703316 1.000000 1.000000 1.000000 0.000000
171 0.000000 0.000000 0.000000
172 1 22.071967 40.968734 109.194693 1.000000 1.000000 1.000000 0.000000
172 0.000000 0.000000 0.000000
173 1 60.037355 55.520529 89.419442 1.000000 1.000000 1.000000 0.000000
173 0.000000 0.000000 0.000000
174 1 76.615114 80.219463 187.373853 1.000000 1.000000 1.000000 0.000000
174 0.000000 0.000000 0.000000
175 1 22.333971 51.228491 164.373081 1.000000 1.000000 1.000000 0.000000
175 0.000000 0.000000 0.000000
176 1 69.783632 25.350642 84.263946 1.000000 1.000000 1.000000 0.000000
176 0.000000 0.000000 0.000000
177 1 82.491840 61.355562 103.394864 1.000000 1.000000 1.000000 0.000000
177 0.000000 0.000000 0.000000
178 1 32.793578 14.961289 6.496160 1.000000 1.000000 1.000000 0.000000
178 0.000000 0.000000 0.000000
179 1 74.111071 73.505846 112.792045 1.000000 1.000000 1.000000 0.000000
179 0.000000 0.000000 0.000000
180 1 28.543422 23.711952 17.026161 1.000000 1.000000 1.000000 0.000000
180 0.000000 0.000000 0.000000
181 1 34.881345 20.610500 171.672638 1.000000 1.000000 1.000000 0.000000
181 0.000000 0.000000 0.000000
182 1 42.389788 58.294402 54.856235 1.000000 1.000000 1.000000 0.000000
182 0.000000 0.000000 0.000000
183 1 26.582317 98.236559 151.418528 1.000000 1.000000 1.000000 0.000000
183 0.000000 0.000000 0.000000
184 1 96.994107 88.767235 70.992259 1.000000 1.000000 1.000000 0.000000
184 0.000000 0.000000 0.000000
185 1 30.176640 18.622746 163.168666 1.000000 1.000000 1.000000 0.000000
185 0.000000 0.000000 0.000000
186 1 99.742737 42.365837 51.174005 1.000000 1.000000 1.000000 0.000000
186 0.000000 0.000000 0.000000
187 1 20.378723 54.908818 45.510443 1.000000 1.000000 1.000000 0.000000
187 0.000000 0.000000 0.000000
188 1 35.719388 4.580527 172.996105 1.000000 1.000000 1.000000 0.000000
188 0.000000 0.000000 0.000000
189 1 90.868530 93.573942 94.788875 1.000000 1.000000 1.000000 0.000000
189 0.000000 0.000000 0.000000
190 1 91.197034 80.157651 68.587780 1.000000 1.000000 1.000000 0.000000
190 0.000000 0.000000 0.000000
191 1 74.417053 70.366639 99.467626 1.000000 1.000000 1.000000 0.000000
191 0.000000 0.000000 0.000000
192 1 19.539913 63.618960 11.104821 1.000000 1.000000 1.000000 0.000000
192 0.000000 0.000000 0.000000
193 1 30.256929 56.314497 194.074544 1.000000 1.000000 1.000000 0.000000
193 0.000000 0.000000 0.000000
194 1 97.056734 39.739955 187.462304 1.000000 1.000000 1.000000 0.000000
194 0.000000 0.000000 0.000000
195 1 25.352502 14.522498 194.191221 1.000000 1.000000 1.000000 0.000000
195 0.000000 0.000000 0.000000
196 1 47.571230 59.919672 149.550336 1.000000 1.000000 1.000000 0.000000
196 0.000000 0.000000 0.000000
197 1 72.042018 29.641368 149.230020 1.000000 1.000000 1.000000 0.000000
197 0.000000 0.000000 0.000000
198 1 1.567014 81.207204 25.741299 1.000000 1.000000 1.000000 0.000000
198 0.000000 0.000000 0.000000
199 1 27.434573 13.362926 164.980460 1.000000 1.000000 1.000000 0.000000
199 0.000000 0.000000 0.000000
200 1 24.094565 36.948793 160.330376 1.000000 1.000000 1.000000 0.000000
200 0.000000 0.000000 0.000000
201 1 9.950049 46.965036 136.093278 1.000000 1.000000 1.000000 0.000000
201 0.000000 0.000000 0.000000
202 1 85.277901 29.147272 185.998197 1.000000 1.000000 1.000000 0.000000
202 0.000000 0.000000 0.000000
203 1 53.583172 85.845339 30.821307 1.000000 1.000000 1.000000 0.000000
203 0.000000 0.000000 0.000000
204 1 11.123852 87.687895 116.800266 1.000000 1.000000 1.000000 0.000000
204 0.000000 0.000000 0.000000
205 1 18.813442 16.303299 36.359438 1.000000 1.000000 1.000000 0.000000
205 0.000000 0.000000 0.000000
206 1 55.724898 94.736989 173.085212 1.000000 1.000000 1.000000 0.000000
206 0.000000 0.000000 0.000000
207 1 44.626643 84.150241 158.999540 1.000000 1.000000 1.000000 0.000000
207 0.000000 0.000000 0.000000
208 1 10.914465 8.083712 114.026907 1.000000 1.000000 1.000000 0.000000
208 0.000000 0.000000 0.000000
209 1 55.201835 40.305774 132.951686 1.000000 1.000000 1.000000 0.000000
209 0.000000 0.000000 0.000000
210 1 10.716091 30.480701 14.530616 1.000000 1.000000 1.000000 0.000000
210 0.000000 0.000000 0.000000
211 1 34.085716 66.086902 57.917994 1.000000 1.000000 1.000000 0.000000
211 0.000000 0.000000 0.000000
212 1 92.993092 3.248492 109.913171 1.000000 1.000000 1.000000 0.000000
212 0.000000 0.000000 0.000000
213 1 30.153050 12.870658 126.714913 1.000000 1.000000 1.000000 0.000000
213 0.000000 0.000000 0.000000
214 1 1.156835 42.348366 41.910912 1.000000 1.000000 1.000000 0.000000
214 0.000000 0.000000 0.000000
215 1 39.936690 56.112633 36.538813 1.000000 1.000000 1.000000 0.000000
215 0.000000 0.000000 0.000000
216 1 84.065182 47.787243 110.687605 1.000000 1.000000 1.000000 0.000000
216 0.000000 0.000000 0.000000
217 1 53.025794 29.918424 164.614831 1.000000 1.000000 1.000000 0.000000
217 0.000000 0.000000 0.000000
218 1 43.744928 64.121507 151.096049 1.000000 1.000000 1.000000 0.000000
218 0.000000 0.000000 0.000000
219 1 81.173795 68.674849 46.466774 1.000000 1.000000 1.000000 0.000000
219 0.000000 0.000000 0.000000
220 1 64.561555 54.421642 63.478115 1.000000 1.000000 1.000000 0.000000
220 0.000000 0.000000 0.000000
221 1 12.244851 25.167511 187.576295 1.000000 1.000000 1.000000 0.000000
221 0.000000 0.000000 0.000000
222 1 53.791118 21.189958 77.665204 1.000000 1.000000 1.000000 0.000000
222 0.000000 0.000000 0.000000
223 1 83.786220 86.072388 148.766662 1.000000 1.000000 1.000000 0.000000
223 0.000000 0.000000 0.000000
224 1 53.885244 11.537270 184.275547 1.000000 1.000000 1.000000 0.000000
224 0.000000 0.000000 0.000000
225 1 22.874988 13.506331 76.921419 1.000000 1.000000 1.000000 0.000000
225 0.000000 0.000000 0.000000
226 1 22.465650 57.968991 47.738842 1.000000 1.000000 1.000000 0.000000
226 0.000000 0.000000 0.000000
227 1 31.545901 87.308835 192.074105 1.000000 1.000000 1.000000 0.000000
227 0.000000 0.000000 0.000000
228 1 81.969506 71.284912 43.071697 1.000000 1.000000 1.000000 0.000000
228 0.000000 0.000000 0.000000
229 1 43.132908 76.457487 19.182274 1.000000 1.000000 1.000000 0.000000
229 0.000000 0.000000 0.000000
230 1 12.231981 19.983888 12.604062 1.000000 1.000000 1.000000 0.000000
230 0.000000 0.000000 0.000000
231 1 1.361062 86.320029 17.574863 1.000000 1.000000 1.000000 0.000000
231 0.000000 0.000000 0.000000
232 1 95.056015 47.736489 110.964587 1.000000 1.000000 1.000000 0.000000
232 0.000000 0.000000 0.000000
233 1 7.751615 76.544701 29.710792 1.000000 1.000000 1.000000 0.000000
233 0.000000 0.000000 0.000000
234 1 22.295975 4.735579 131.122673 1.000000 1.000000 1.000000 0.000000
234 0.000000 0.000000 0.000000
235 1 1.135428 83.963649 14.088276 1.000000 1.000000 1.000000 0.000000
235 0.000000 0.000000 0.000000
236 1 56.913025 23.968077 176.832727 1.000000 1.000000 1.000000 0.000000
236 0.000000 0.000000 0.000000
237 1 17.275307 67.870869 46.756860 1.000000 1.000000 1.000000 0.000000
237 0.000000 0.000000 0.000000
238 1 1.030690 67.158203 124.112756 1.000000 1.000000 1.000000 0.000000
238 0.000000 0.000000 0.000000
239 1 23.166317 61.917385 160.207818 1.000000 1.000000 1.000000 0.000000
239 0.000000 0.000000 0.000000
240 1 57.848325 55.971133 63.962339 1.000000 1.000000 1.000000 0.000000
240 0.000000 0.000000 0.000000
241 1 93.188962 55.995255 50.016559 1.000000 1.000000 1.000000 0.000000
241 0.000000 0.000000 0.000000
242 1 18.712213 87.203361 41.104242 1.000000 1.000000 1.000000 0.000000
242 0.000000 0.000000 0.000000
243 1 88.356043 65.914741 115.190809 1.000000 1.000000 1.000000 0.000000
243 0.000000 0.000000 0.000000
244 1 8.823882 48.134061 49.406635 1.000000 1.000000 1.000000 0.000000
244 0.000000 0.000000 0.000000
245 1 92.340997 7.055534 11.626914 1.000000 1.000000 1.000000 0.000000
245 0.000000 0.000000 0.000000
246 1 45.241148 16.514064 103.972762 1.000000 1.000000 1.000000 0.000000
246 0.000000 0.000000 0.000000
247 1 11.436092 25.813989 77.161794 1.000000 1.000000 1.000000 0.000000
247 0.000000 0.000000 0.000000
248 1 70.906576 56.570329 56.486841 1.000000 1.000000 1.000000 0.000000
248 0.000000 0.000000 0.000000
249 1 91.564174 99.731787 29.927947 1.000000 1.000000 1.000000 0.000000
249 0.000000 0.000000 0.000000
250 1 4.655265 5.802740 90.323388 1.000000 1.000000 1.000000 0.000000
250 0.000000 0.000000 0.000000
251 1 45.785167 8.241505 124.744869 1.000000 1.000000 1.000000 0.000000
251 0.000000 0.000000 0.000000
252 1 4.134065 42.117124 50.080304 1.000000 1.000000 1.000000 0.000000
252 0.000000 0.000000 0.000000
253 1 89.820520 85.075660 34.572474 1.000000 1.000000 1.000000 0.000000
253 0.000000 0.000000 0.000000
254 1 83.652061 62.235051 167.435165 1.000000 1.000000 1.000000 0.000000
254 0.000000 0.000000 0.000000
255 1 80.762138 40.969199 39.375215 1.000000 1.000000 1.000000 0.000000
255 0.000000 0.000000 0.000000
256 1 62.778881 43.998055 167.894163 1.000000 1.000000 1.000000 0.000000
256 0.000000 0.000000 0.000000
257 1 59.239953 78.555845 17.743860 1.000000 1.000000 1.000000 0.000000
257 0.000000 0.000000 0.000000
258 1 33.602317 85.957892 117.857072 1.000000 1.000000 1.000000 0.000000
258 0.000000 0.000000 0.000000
259 1 34.488402 93.971625 105.235097 1.000000 1.000000 1.000000 0.000000
259 0.000000 0.000000 0.000000
260 1 5.277202 67.266471 161.826335 1.000000 1.000000 1.000000 0.000000
260 0.000000 0.000000 0.000000
261 1 91.918308 65.166031 179.503554 1.000000 1.000000 1.000000 0.000000
261 0.000000 0.000000 0.000000
262 1 37.983707 52.378731 93.700650 1.000000 1.000000 1.000000 0.000000
262 0.000000 0.000000 0.000000
263 1 38.904133 64.481487 187.532299 1.000000 1.000000 1.000000 0.000000
263 0.000000 0.000000 0.000000
264 1 82.956111 31.131624 28.523203 1.000000 1.000000 1.000000 0.000000
264 0.000000 0.000000 0.000000
265 1 56.004457 61.934202 58.734107 1.000000 1.000000 1.000000 0.000000
265 0.000000 0.000000 0.000000
266 1 98.842564 88.884037 140.270894 1.000000 1.000000 1.000000 0.000000
266 0.000000 0.000000 0.000000
267 1 70.498296 57.828419 136.408675 1.000000 1.000000 1.000000 0.000000
267 0.000000 0.000000 0.000000
268 1 8.178041 76.636296 172.150374 1.000000 1.000000 1.000000 0.000000
268 0.000000 0.000000 0.000000
269 1 55.461923 39.502196 110.192917 1.000000 1.000000 1.000000 0.000000
269 0.000000 0.000000 0.000000
270 1 40.556172 5.769108 36.762190 1.000000 1.000000 1.000000 0.000000
270 0.000000 0.000000 0.000000
271 1 1.904429 8.756832 178.586672 1.000000 1.000000 1.000000 0.000000
271 0.000000 0.000000 0.000000
272 1 37.170945 28.861121 35.471220 1.000000 1.000000 1.000000 0.000000
272 0.000000 0.000000 0.000000
273 1 31.419435 17.586732 4.194666 1.000000 1.000000 1.000000 0.000000
273 0.000000 0.000000 0.000000
274 1 99.014529 85.613978 43.965880 1.000000 1.000000 1.000000 0.000000
274 0.000000 0.000000 0.000000
275 1 23.148611 15.115056 68.384461 1.000000 1.000000 1.000000 0.000000
275 0.000000 0.000000 0.000000
276 1 30.791883 74.782787 83.585893 1.000000 1.000000 1.000000 0.000000
276 0.000000 0.000000 0.000000
277 1 71.641432 78.225242 171.681403 1.000000 1.000000 1.000000 0.000000
277 0.000000 0.000000 0.000000
278 1 56.731926 0.996025 96.125690 1.000000 1.000000 1.000000 0.000000
278 0.000000 0.000000 0.000000
279 1 93.154602 85.882121 59.962133 1.000000 1.000000 1.000000 0.000000
279 0.000000 0.000000 0.000000
280 1 0.425295 98.003952 120.018599 1.000000 1.000000 1.000000 0.000000
280 0.000000 0.000000 0.000000
281 1 92.674837 29.177472 137.321571 1.000000 1.000000 1.000000 0.000000
281 0.000000 0.000000 0.000000
282 1 96.694155 95.248059 45.479514 1.000000 1.000000 1.000000 0.000000
282 0.000000 0.000000 0.000000
283 1 64.495556 15.904056 50.440023 1.000000 1.000000 1.000000 0.000000
283 0.000000 0.000000 0.000000
284 1 87.410081 33.219256 1.197000 1.000000 1.000000 1.000000 0.000000
284 0.000000 0.000000 0.000000
285 1 75.902932 85.026938 80.243169 1.000000 1.000000 1.000000 0.000000
285 0.000000 0.000000 0.000000
286 1 66.388430 62.420164 53.487140 1.000000 1.000000 1.000000 0.000000
286 0.000000 0.000000 0.000000
287 1 41.920047 63.385761 47.233501 1.000000 1.000000 1.000000 0.000000
287 0.000000 0.000000 0.000000
288 1 50.382389 39.737074 92.100920 1.000000 1.000000 1.000000 0.000000
288 0.000000 0.000000 0.000000
289 1 10.927268 52.669112 99.421398 1.000000 1.000000 1.000000 0.000000
289 0.000000 0.000000 0.000000
290 1 60.891611 7.642945 92.106919 1.000000 1.000000 1.000000 0.000000
290 0.000000 0.000000 0.000000
291 1 52.251103 31.282612 66.788276 1.000000 1.000000 1.000000 0.000000
291 0.000000 0.000000 0.000000
292 1 66.176549 61.748319 75.349355 1.000000 1.000000 1.000000 0.000000
292 0.000000 0.000000 0.000000
293 1 89.664591 6.869696 92.803766 1.000000 1.000000 1.000000 0.000000
293 0.000000 0.000000 0.000000
294 1 41.555013 32.096313 133.705258 1.000000 1.000000 1.000000 0.000000
294 0.000000 0.000000 0.000000
295 1 11.278433 87.568847 98.409139 1.000000 1.000000 1.000000 0.000000
295 0.000000 0.000000 0.000000
296 1 31.780959 51.990582 66.923468 1.000000 1.000000 1.000000 0.000000
296 0.000000 0.000000 0.000000
297 1 89.709311 84.831644 173.669880 1.000000 1.000000 1.000000 0.000000
297 0.000000 0.000000 0.000000
298 1 65.878288 87.767404 107.287834 1.000000 1.000000 1.000000 0.000000
298 0.000000 0.000000 0.000000
299 1 34.605465 35.576134 11.543578 1.000000 1.000000 1.000000 0.000000
299 0.000000 0.000000 0.000000
300 1 80.850030 61.858647 40.691933 1.000000 1.000000 1.000000 0.000000
300 0.000000 0.000000 0.000000
301 1 60.639432 41.589948 54.607138 1.000000 1.000000 1.000000 0.000000
301 0.000000 0.000000 0.000000
302 1 70.446699 94.860724 12.010137 1.000000 1.000000 1.000000 0.000000
302 0.000000 0.000000 0.000000
303 1 44.409434 82.998254 189.868273 1.000000 1.000000 1.000000 0.000000
303 0.000000 0.000000 0.000000
304 1 96.560920 33.362658 33.529264 1.000000 1.000000 1.000000 0.000000
304 0.000000 0.000000 0.000000
305 1 49.523981 7.575376 106.675217 1.000000 1.000000 1.000000 0.000000
305 0.000000 0.000000 0.000000
306 1 48.186307 66.469900 89.157556 1.000000 1.000000 1.000000 0.000000
306 0.000000 0.000000 0.000000
307 1 27.837857 57.744389 135.194658 1.000000 1.000000 1.000000 0.000000
307 0.000000 0.000000 0.000000
308 1 36.458869 96.105056 158.609612 1.000000 1.000000 1.000000 0.000000
308 0.000000 0.000000 0.000000
309 1 26.639914 93.066527 189.515413 1.000000 1.000000 1.000000 0.000000
309 0.000000 0.000000 0.000000
310 1 47.556712 8.600264 143.048829 1.000000 1.000000 1.000000 0.000000
310 0.000000 0.000000 0.000000
311 1 80.075767 69.535341 167.632247 1.000000 1.000000 1.000000 0.000000
311 0.000000 0.000000 0.000000
312 1 1.443021 28.709339 69.714341 1.000000 1.000000 1.000000 0.000000
312 0.000000 0.000000 0.000000
313 1 39.187768 4.890539 144.226502 1.000000 1.000000 1.000000 0.000000
313 0.000000 0.000000 0.000000
314 1 44.369144 81.621801 22.412196 1.000000 1.000000 1.000000 0.000000
314 0.000000 0.000000 0.000000
315 1 55.463033 20.256519 98.991724 1.000000 1.000000 1.000000 0.000000
315 0.000000 0.000000 0.000000
316 1 27.203802 73.634111 179.499531 1.000000 1.000000 1.000000 0.000000
316 0.000000 0.000000 0.000000
317 1 69.698784 59.358894 199.676647 1.000000 1.000000 1.000000 0.000000
317 0.000000 0.000000 0.000000
318 1 14.338873 28.755219 144.520070 1.000000 1.000000 1.000000 0.000000
318 0.000000 0.000000 0.000000
319 1 83.141510 38.922933 125.081582 1.000000 1.000000 1.000000 0.000000
319 0.000000 0.000000 0.000000
320 1 54.228148 37.207958 96.225909 1.000000 1.000000 1.000000 0.000000
320 0.000000 0.000000 0.000000
321 1 14.195407 20.951261 145.056090 1.000000 1.000000 1.000000 0.000000
321 0.000000 0.000000 0.000000
322 1 20.391411 6.310542 4.701954 1.000000 1.000000 1.000000 0.000000
322 0.000000 0.000000 0.000000
323 1 94.627534 20.637944 128.228636 1.000000 1.000000 1.000000 0.000000
323 0.000000 0.000000 0.000000
324 1 97.446139 82.964210 63.691195 1.000000 1.000000 1.000000 0.000000
324 0.000000 0.000000 0.000000
325 1 22.799293 48.822572 65.933278 1.000000 1.000000 1.000000 0.000000
325 0.000000 0.000000 0.000000
326 1 24.563663 56.909918 58.476944 1.000000 1.000000 1.000000 0.000000
326 0.000000 0.000000 0.000000
327 1 94.451496 73.751747 171.842052 1.000000 1.000000 1.000000 0.000000
327 0.000000 0.000000 0.000000
328 1 91.950757 93.938984 134.838442 1.000000 1.000000 1.000000 0.000000
328 0.000000 0.000000 0.000000
329 1 24.129135 21.728889 103.598603 1.000000 1.000000 1.000000 0.000000
329 0.000000 0.000000 0.000000
330 1 68.341982 11.517888 65.499340 1.000000 1.000000 1.000000 0.000000
330 0.000000 0.000000 0.000000
331 1 53.830261 99.311708 48.672397 1.000000 1.000000 1.000000 0.000000
331 0.000000 0.000000 0.000000
332 1 76.316019 56.895832 184.780863 1.000000 1.000000 1.000000 0.000000
332 0.000000 0.000000 0.000000
333 1 11.359761 28.877918 192.565057 1.000000 1.000000 1.000000 0.000000
333 0.000000 0.000000 0.000000
334 1 12.162176 56.833391 101.983810 1.000000 1.000000 1.000000 0.000000
334 0.000000 0.000000 0.000000
335 1 87.468630 40.858095 27.816352 1.000000 1.000000 1.000000 0.000000
335 0.000000 0.000000 0.000000
336 1 86.274380 76.252597 45.935329 1.000000 1.000000 1.000000 0.000000
336 0.000000 0.000000 0.000000
337 1 38.622266 50.797270 101.395455 1.000000 1.000000 1.000000 0.000000
337 0.000000 0.000000 0.000000
338 1 69.846310 39.001761 157.124309 1.000000 1.000000 1.000000 0.000000
338 0.000000 0.000000 0.000000
339 1 71.130626 8.218702 26.074054 1.000000 1.000000 1.000000 0.000000
339 0.000000 0.000000 0.000000
340 1 75.379129 53.252538 162.088813 1.000000 1.000000 1.000000 0.000000
340 0.000000 0.000000 0.000000
341 1 15.571039 15.148117 15.308778 1.000000 1.000000 1.000000 0.000000
341 0.000000 0.000000 0.000000
342 1 99.693931 57.240440 35.695585 1.000000 1.000000 1.000000 0.000000
342 0.000000 0.000000 0.000000
343 1 25.154553 20.979796 95.026773 1.000000 1.000000 1.000000 0.000000
343 0.000000 0.000000 0.000000
344 1 20.738302 8.418469 4.337900 1.000000 1.000000 1.000000 0.000000
344 0.000000 0.000000 0.000000
345 1 68.931210 40.262028 146.300282 1.000000 1.000000 1.000000 0.000000
345 0.000000 0.000000 0.000000
346 1 39.125840 48.352208 56.553518 1.000000 1.000000 1.000000 0.000000
346 0.000000 0.000000 0.000000
347 1 39.729288 85.306314 198.644680 1.000000 1.000000 1.000000 0.000000
347 0.000000 0.000000 0.000000
348 1 5.088370 19.304124 85.800880 1.000000 1.000000 1.000000 0.000000
348 0.000000 0.000000 0.000000
349 1 65.733855 41.835860 156.231712 1.000000 1.000000 1.000000 0.000000
349 0.000000 0.000000 0.000000
350 1 34.583526 33.435756 65.684896 1.000000 1.000000 1.000000 0.000000
350 0.000000 0.000000 0.000000
351 1 45.313357 24.260169 194.352317 1.000000 1.000000 1.000000 0.000000
351 0.000000 0.000000 0.000000
352 1 19.800664 77.640860 164.514152 1.000000 1.000000 1.000000 0.000000
352 0.000000 0.000000 0.000000
353 1 73.394799 58.864021 139.308808 1.000000 1.000000 1.000000 0.000000
353 0.000000 0.000000 0.000000
354 1 60.715861 88.042871 64.524909 1.000000 1.000000 1.000000 0.000000
354 0.000000 0.000000 0.000000
355 1 67.580096 78.712620 97.512795 1.000000 1.000000 1.000000 0.000000
355 0.000000 0.000000 0.000000
356 1 63.330365 1.574157 135.564433 1.000000 1.000000 1.000000 0.000000
356 0.000000 0.000000 0.000000
357 1 36.345088 3.842728 51.269948 1.000000 1.000000 1.000000 0.000000
357 0.000000 0.000000 0.000000
358 1 46.377254 44.796246 130.490601 1.000000 1.000000 1.000000 0.000000
358 0.000000 0.000000 0.000000
359 1 1.311368 45.419254 120.794012 1.000000 1.000000 1.000000 0.000000
359 0.000000 0.000000 0.000000
360 1 75.712333 86.531583 2.590831 1.000000 1.000000 1.000000 0.000000
360 0.000000 0.000000 0.000000
361 1 75.918099 95.293039 106.882337 1.000000 1.000000 1.000000 0.000000
361 0.000000 0.000000 0.000000
362 1 23.049557 2.603807 168.563197 1.000000 1.000000 1.000000 0.000000
362 0.000000 0.000000 0.000000
363 1 19.947967 14.650781 35.571791 1.000000 1.000000 1.000000 0.000000
363 0.000000 0.000000 0.000000
364 1 26.276500 16.121249 126.209141 1.000000 1.000000 1.000000 0.000000
364 0.000000 0.000000 0.000000
365 1 57.901308 79.032263 18.606246 1.000000 1.000000 1.000000 0.000000
365 0.000000 0.000000 0.000000
366 1 7.561610 97.168775 134.652636 1.000000 1.000000 1.000000 0.000000
366 0.000000 0.000000 0.000000
367 1 59.374656 40.688872 71.017774 1.000000 1.000000 1.000000 0.000000
367 0.000000 0.000000 0.000000
368 1 56.134586 87.187895 129.795052 1.000000 1.000000 1.000000 0.000000
368 0.000000 0.000000 0.000000
369 1 14.525583 21.168691 184.178120 1.000000 1.000000 1.000000 0.000000
369 0.000000 0.000000 0.000000
370 1 22.332998 38.055282 131.310163 1.000000 1.000000 1.000000 0.000000
370 0.000000 0.000000 0.000000
371 1 10.368742 47.197568 143.551417 1.000000 1.000000 1.000000 0.000000
371 0.000000 0.000000 0.000000
372 1 4.419519 83.469262 137.908396 1.000000 1.000000 1.000000 0.000000
372 0.000000 0.000000 0.000000
373 1 40.943884 5.795587 102.403438 1.000000 1.000000 1.000000 0.000000
373 0.000000 0.000000 0.000000
374 1 17.578855 2.376597 3.857543 1.000000 1.000000 1.000000 0.000000
374 0.000000 0.000000 0.000000
375 1 86.608332 43.075174 166.313225 1.000000 1.000000 1.000000 0.000000
375 0.000000 0.000000 0.000000
376 1 70.651697 37.068614 174.378380 1.000000 1.000000 1.000000 0.000000
376 0.000000 0.000000 0.000000
377 1 16.932301 52.464457 90.158176 1.000000 1.000000 1.000000 0.000000
377 0.000000 0.000000 0.000000
378 1 29.021052 92.077688 61.942689 1.000000 1.000000 1.000000 0.000000
378 0.000000 0.000000 0.000000
379 1 77.157731 89.893538 75.241799 1.000000 1.000000 1.000000 0.000000
379 0.000000 0.000000 0.000000
380 1 78.718711 62.790654 41.305946 1.000000 1.000000 1.000000 0.000000
380 0.000000 0.000000 0.000000
381 1 10.766923 13.377730 83.126741 1.000000 1.000000 1.000000 0.000000
381 0.000000 0.000000 0.000000
382 1 53.620858 84.673388 166.618916 1.000000 1.000000 1.000000 0.000000
382 0.000000 0.000000 0.000000
383 1 96.190665 25.898021 169.589131 1.000000 1.000000 1.000000 0.000000
383 0.000000 0.000000 0.000000
384 1 23.149693 68.536107 104.925287 1.000000 1.000000 1.000000 0.000000
384 0.000000 0.000000 0.000000
385 1 9.431221 91.100560 147.355172 1.000000 1.000000 1.000000 0.000000
385 0.000000 0.000000 0.000000
386 1 38.939120 16.773119 61.541269 1.000000 1.000000 1.000000 0.000000
386 0.000000 0.000000 0.000000
387 1 1.891717 75.682302 199.501286 1.000000 1.000000 1.000000 0.000000
387 0.000000 0.000000 0.000000
388 1 65.944916 73.306769 180.732238 1.000000 1.000000 1.000000 0.000000
388 0.000000 0.000000 0.000000
389 1 4.367830 72.061341 183.201453 1.000000 1.000000 1.000000 0.000000
389 0.000000 0.000000 0.000000
390 1 52.083761 89.458450 49.696948 1.000000 1.000000 1.000000 0.000000
390 0.000000 0.000000 0.000000
391 1 46.783186 76.773034 65.149105 1.000000 1.000000 1.000000 0.000000
391 0.000000 0.000000 0.000000
392 1 43.516252 91.428410 74.990075 1.000000 1.000000 1.000000 0.000000
392 0.000000 0.000000 0.000000
393 1 91.245585 83.055292 111.619400 1.000000 1.000000 1.000000 0.000000
393 0.000000 0.000000 0.000000
394 1 49.547116 91.568587 157.833467 1.000000 1.000000 1.000000 0.000000
394 0.000000 0.000000 0.000000
395 1 40.199393 67.497551 8.030233 1.000000 1.000000 1.000000 0.000000
395 0.000000 0.000000 0.000000
396 1 47.444973 36.694150 13.419646 1.000000 1.000000 1.000000 0.000000
396 0.000000 0.000000 0.000000
397 1 45.411825 55.779795 61.622096 1.000000 1.000000 1.000000 0.000000
397 0.000000 0.000000 0.000000
398 1 71.193704 5.835754 26.045157 1.000000 1.000000 1.000000 0.000000
398 0.000000 0.000000 0.000000
399 1 43.122470 73.419432 39.102579 1.000000 1.000000 1.000000 0.000000
399 0.000000 0.000000 0.000000
400 1 28.578372 43.811186 17.062154 1.000000 1.000000 1.000000 0.000000
400 0.000000 0.000000 0.000000
401 1 73.296275 25.127034 48.216012 1.000000 1.000000 1.000000 0.000000
401 0.000000 0.000000 0.000000
402 1 69.863199 62.914615 178.356468 1.000000 1.000000 1.000000 0.000000
402 0.000000 0.000000 0.000000
403 1 56.317640 73.471803 134.117347 1.000000 1.000000 1.000000 0.000000
403 0.000000 0.000000 0.000000
404 1 17.240367 13.678614 101.206060 1.000000 1.000000 1.000000 0.000000
404 0.000000 0.000000 0.000000
405 1 83.866739 48.507373 38.649198 1.000000 1.000000 1.000000 0.000000
405 0.000000 0.000000 0.000000
406 1 18.244247 61.022979 123.884538 1.000000 1.000000 1.000000 0.000000
406 0.000000 0.000000 0.000000
407 1 75.854932 0.396668 197.869080 1.000000 1.000000 1.000000 0.000000
407 0.000000 0.000000 0.000000
408 1 89.380757 54.766011 67.283184 1.000000 1.000000 1.000000 0.000000
408 0.000000 0.000000 0.000000
409 1 31.757323 2.836201 138.191378 1.000000 1.000000 1.000000 0.000000
409 0.000000 0.000000 0.000000
410 1 5.578494 36.803934 110.320627 1.000000 1.000000 1.000000 0.000000
410 0.000000 0.000000 0.000000
411 1 36.523264 46.296633 44.174898 1.000000 1.000000 1.000000 0.000000
411 0.000000 0.000000 0.000000
412 1 71.322198 6.001709 157.378214 1.000000 1.000000 1.000000 0.000000
412 0.000000 0.000000 0.000000
413 1 89.447969 17.199206 29.961833 1.000000 1.000000 1.000000 0.000000
413 0.000000 0.000000 0.000000
414 1 99.772869 90.204548 72.004384 1.000000 1.000000 1.000000 0.000000
414 0.000000 0.000000 0.000000
415 1 92.311355 89.455018 73.738413 1.000000 1.000000 1.000000 0.000000
415 0.000000 0.000000 0.000000
416 1 26.911076 9.073267 184.446699 1.000000 1.000000 1.000000 0.000000
416 0.000000 0.000000 0.000000
417 1 98.245712 46.181946 142.322579 1.000000 1.000000 1.000000 0.000000
417 0.000000 0.000000 0.000000
418 1 27.003074 95.476852 29.363288 1.000000 1.000000 1.000000 0.000000
418 0.000000 0.000000 0.000000
419 1 93.003732 78.197648 81.888623 1.000000 1.000000 1.000000 0.000000
419 0.000000 0.000000 0.000000
420 1 97.431623 7.855966 94.792961 1.000000 1.000000 1.000000 0.000000
420 0.000000 0.000000 0.000000
421 1 32.424858 99.042376 179.741815 1.000000 1.000000 1.000000 0.000000
421 0.000000 0.000000 0.000000
422 1 83.576847 37.437372 0.587430 1.000000 1.000000 1.000000 0.000000
422 0.000000 0.000000 0.000000
423 1 26.013613 18.432682 79.389710 1.000000 1.000000 1.000000 0.000000
423 0.000000 0.000000 0.000000
424 1 1.738277 34.770561 163.846066 1.000000 1.000000 1.000000 0.000000
424 0.000000 0.000000 0.000000
425 1 71.196546 56.907018 2.929108 1.000000 1.000000 1.000000 0.000000
425 0.000000 0.000000 0.000000
426 1 62.629202 77.065624 191.548427 1.000000 1.000000 1.000000 0.000000
426 0.000000 0.000000 0.000000
427 1 19.642936 90.074665 172.373887 1.000000 1.000000 1.000000 0.000000
427 0.000000 0.000000 0.000000
428 1 86.276081 41.089421 43.362667 1.000000 1.000000 1.000000 0.000000
428 0.000000 0.000000 0.000000
429 1 58.170597 81.258758 180.861308 1.000000 1.000000 1.000000 0.000000
429 0.000000 0.000000 0.000000
430 1 17.468648 67.410415 18.598735 1.000000 1.000000 1.000000 0.000000
430 0.000000 0.000000 0.000000
431 1 46.554865 35.779789 71.818320 1.000000 1.000000 1.000000 0.000000
431 0.000000 0.000000 0.000000
432 1 58.115274 99.765262 67.633677 1.000000 1.000000 1.000000 0.000000
432 0.000000 0.000000 0.000000
433 1 6.961015 28.234495 151.664242 1.000000 1.000000 1.000000 0.000000
433 0.000000 0.000000 0.000000
434 1 86.055732 40.156733 94.722177 1.000000 1.000000 1.000000 0.000000
434 0.000000 0.000000 0.000000
435 1 39.289519 80.510153 174.872254 1.000000 1.000000 1.000000 0.000000
435 0.000000 0.000000 0.000000
436 1 13.119893 44.436593 59.362347 1.000000 1.000000 1.000000 0.000000
436 0.000000 0.000000 0.000000
437 1 11.253704 8.720999 180.132611 1.000000 1.000000 1.000000 0.000000
437 0.000000 0.000000 0.000000
438 1 91.448713 76.154266 135.496795 1.000000 1.000000 1.000000 0.000000
438 0.000000 0.000000 0.000000
439 1 46.468637 67.304030 112.477529 1.000000 1.000000 1.000000 0.000000
439 0.000000 0.000000 0.000000
440 1 28.253834 58.295532 84.366614 1.000000 1.000000 1.000000 0.000000
440 0.000000 0.000000 0.000000
441 1 82.139867 41.363158 135.982405 1.000000 1.000000 1.000000 0.000000
441 0.000000 0.000000 0.000000
442 1 98.094110 80.570534 102.991915 1.000000 1.000000 1.000000 0.000000
442 0.000000 0.000000 0.000000
443 1 25.854567 83.459403 150.071562 1.000000 1.000000 1.000000 0.000000
443 0.000000 0.000000 0.000000
444 1 6.714169 70.471714 44.508182 1.000000 1.000000 1.000000 0.000000
444 0.000000 0.000000 0.000000
445 1 20.340031 63.209248 49.598477 1.000000 1.000000 1.000000 0.000000
445 0.000000 0.000000 0.000000
446 1 20.614942 58.677203 67.733091 1.000000 1.000000 1.000000 0.000000
446 0.000000 0.000000 0.000000
447 1 27.777382 81.579675 108.721964 1.000000 1.000000 1.000000 0.000000
447 0.000000 0.000000 0.000000
448 1 79.833444 74.258002 90.353546 1.000000 1.000000 1.000000 0.000000
448 0.000000 0.000000 0.000000
449 1 20.993893 23.227561 95.633057 1.000000 1.000000 1.000000 0.000000
449 0.000000 0.000000 0.000000
450 1 35.515653 54.033909 198.037514 1.000000 1.000000 1.000000 0.000000
450 0.000000 0.000000 0.000000
451 1 46.344582 17.600722 5.891526 1.000000 1.000000 1.000000 0.000000
451 0.000000 0.000000 0.000000
452 1 4.444452 7.395472 48.930148 1.000000 1.000000 1.000000 0.000000
452 0.000000 0.000000 0.000000
453 1 91.039354 82.690044 8.182668 1.000000 1.000000 1.000000 0.000000
453 0.000000 0.000000 0.000000
454 1 31.087999 62.453426 143.167497 1.000000 1.000000 1.000000 0.000000
454 0.000000 0.000000 0.000000
455 1 76.729582 46.897632 115.041765 1.000000 1.000000 1.000000 0.000000
455 0.000000 0.000000 0.000000
456 1 91.135857 11.988890 106.656923 1.000000 1.000000 1.000000 0.000000
456 0.000000 0.000000 0.000000
457 1 96.187943 22.360538 198.183103 1.000000 1.000000 1.000000 0.000000
457 0.000000 0.000000 0.000000
458 1 44.673690 91.531287 110.306702 1.000000 1.000000 1.000000 0.000000
458 0.000000 0.000000 0.000000
459 1 88.406452 42.548171 94.560267 1.000000 1.000000 1.000000 0.000000
459 0.000000 0.000000 0.000000
460 1 1.012883 15.742841 41.280285 1.000000 1.000000 1.000000 0.000000
460 0.000000 0.000000 0.000000
461 1 24.109523 94.184453 6.552198 1.000000 1.000000 1.000000 0.000000
461 0.000000 0.000000 0.000000
462 1 16.223490 87.743670 182.003076 1.000000 1.000000 1.000000 0.000000
462 0.000000 0.000000 0.000000
463 1 18.581926 43.520392 136.858501 1.000000 1.000000 1.000000 0.000000
463 0.000000 0.000000 0.000000
464 1 25.067956 43.609579 51.581682 1.000000 1.000000 1.000000 0.000000
464 0.000000 0.000000 0.000000
465 1 15.974558 88.428150 60.756973 1.000000 1.000000 1.000000 0.000000
465 0.000000 0.000000 0.000000
466 1 58.041590 55.542678 188.334735 1.000000 1.000000 1.000000 0.000000
466 0.000000 0.000000 0.000000
467 1 39.960049 86.782128 160.565854 1.000000 1.000000 1.000000 0.000000
467 0.000000 0.000000 0.000000
468 1 53.598484 84.621466 97.484109 1.000000 1.000000 1.000000 0.000000
468 0.000000 0.000000 0.000000
469 1 43.448400 96.489919 196.385821 1.000000 1.000000 1.000000 0.000000
469 0.000000 0.000000 0.000000
470 1 25.664343 3.565587 156.970758 1.000000 1.000000 1.000000 0.000000
470 0.000000 0.000000 0.000000
471 1 83.950097 71.304118 97.649872 1.000000 1.000000 1.000000 0.000000
471 0.000000 0.000000 0.000000
472 1 83.225184 28.276780 154.337818 1.000000 1.000000 1.000000 0.000000
472 0.000000 0.000000 0.000000
473 1 19.457452 68.783474 37.160641 1.000000 1.000000 1.000000 0.000000
473 0.000000 0.000000 0.000000
474 1 20.437618 62.303470 185.562094 1.000000 1.000000 1.000000 0.000000
474 0.000000 0.000000 0.000000
475 1 32.024301 89.279400 83.810948 1.000000 1.000000 1.000000 0.000000
475 0.000000 0.000000 0.000000
476 1 43.075395 60.892622 106.279774 1.000000 1.000000 1.000000 0.000000
476 0.000000 0.000000 0.000000
477 1 75.588583 2.069379 196.662564 1.000000 1.000000 1.000000 0.000000
477 0.000000 0.000000 0.000000
478 1 1.409761 70.322215 83.028138 1.000000 1.000000 1.000000 0.000000
478 0.000000 0.000000 0.000000
479 1 75.740068 92.695917 171.339633 1.000000 1.000000 1.000000 0.000000
479 0.000000 0.000000 0.000000
480 1 5.389631 90.037811 71.847958 1.000000 1.000000 1.000000 0.000000
480 0.000000 0.000000 0.000000
481 1 68.929567 8.430346 170.607294 1.000000 1.000000 1.000000 0.000000
481 0.000000 0.000000 0.000000
482 1 80.376691 81.108490 83.312819 1.000000 1.000000 1.000000 0.000000
482 0.000000 0.000000 0.000000
483 1 95.957447 37.474003 38.618417 1.000000 1.000000 1.000000 0.000000
483 0.000000 0.000000 0.000000
484 1 92.383476 93.771161 39.535892 1.000000 1.000000 1.000000 0.000000
484 0.000000 0.000000 0.000000
485 1 14.196658 13.317259 177.144706 1.000000 1.000000 1.000000 0.000000
485 0.000000 0.000000 0.000000
486 1 33.207444 13.499892 92.991095 1.000000 1.000000 1.000000 0.000000
486 0.000000 0.000000 0.000000
487 1 44.255717 65.002841 195.822499 1.000000 1.000000 1.000000 0.000000
487 0.000000 0.000000 0.000000
488 1 4.251401 52.384537 93.663485 1.000000 1.000000 1.000000 0.000000
488 0.000000 0.000000 0.000000
489 1 99.802387 52.743232 43.006953 1.000000 1.000000 1.000000 0.000000
489 0.000000 0.000000 0.000000
490 1 61.173512 54.289920 165.375229 1.000000 1.000000 1.000000 0.000000
490 0.000000 0.000000 0.000000
491 1 57.618997 79.374683 70.426291 1.000000 1.000000 1.000000 0.000000
491 0.000000 0.000000 0.000000
492 1 79.639395 30.562135 7.529418 1.000000 1.000000 1.000000 0.000000
492 0.000000 0.000000 0.000000
493 1 11.972258 72.891648 15.994471 1.000000 1.000000 1.000000 0.000000
493 0.000000 0.000000 0.000000
494 1 56.940674 7.395776 23.638717 1.000000 1.000000 1.000000 0.000000
494 0.000000 0.000000 0.000000
495 1 30.837606 75.618977 198.566797 1.000000 1.000000 1.000000 0.000000
495 0.000000 0.000000 0.000000
496 1 60.731415 41.948123 179.665288 1.000000 1.000000 1.000000 0.000000
496 0.000000 0.000000 0.000000
497 1 86.040847 62.066629 31.407314 1.000000 1.000000 1.000000 0.000000
497 0.000000 0.000000 0.000000
498 1 3.110111 74.890512 170.777247 1.000000 1.000000 1.000000 0.000000
498 0.000000 0.000000 0.000000
499 1 95.834968 9.184237 85.413668 1.000000 1.000000 1.000000 0.000000
499 0.000000 0.000000 0.000000
