RESTART FILE
Timestep: 700

NUMBER OF PARTICLES
500

SIMULATION BOX
100 100 200

TIMESTEP
0.1

ATTRACTION RADIUS
1
0 

AGGREGATES/BEADS
0 1 75.986597 81.108129 32.475006 1.000000 1.000000 1.000000 0.000000
0 0.000000 0.000000 0.000000
1 1 70.526859 98.719917 156.092617 1.000000 1.000000 1.000000 0.000000
1 0.000000 0.000000 0.000000
2 1 38.729229 8.631492 20.181281 1.000000 1.000000 1.000000 0.000000
2 0.000000 0.000000 0.000000
3 1 86.163660 95.752962 152.735117 1.000000 1.000000 1.000000 0.000000
3 0.000000 0.000000 0.000000
4 1 27.558804 85.362037 99.779217 1.000000 1.000000 1.000000 0.000000
4 0.000000 0.000000 0.000000
5 1 42.153517 78.909941 146.903832 1.000000 1.000000 1.000000 0.000000
5 0.000000 0.000000 0.000000
6 1 0.123617 1.914099 171.253407 1.000000 1.000000 1.000000 0.000000
6 0.000000 0.000000 0.000000
7 1 47.571450 14.816962 116.378855 1.000000 1.000000 1.000000 0.000000
7 0.000000 0.000000 0.000000
8 1 59.787757 3.592625 97.523702 1.000000 1.000000 1.000000 0.000000
8 0.000000 0.000000 0.000000
9 1 33.167985 26.552306 54.648190 1.000000 1.000000 1.000000 0.000000
9 0.000000 0.000000 0.000000
10 1 59.058354 68.413618 68.850736 1.000000 1.000000 1.000000 0.000000
10 0.000000 0.000000 0.000000
11 1 43.611472 75.667005 36.726658 1.000000 1.000000 1.000000 0.000000
11 0.000000 0.000000 0.000000
12 1 93.935180 82.963217 77.135398 1.000000 1.000000 1.000000 0.000000
12 0.000000 0.000000 0.000000
13 1 61.749789 80.531894 45.833878 1.000000 1.000000 1.000000 0.000000
13 0.000000 0.000000 0.000000
14 1 12.126578 48.036803 30.153436 1.000000 1.000000 1.000000 0.000000
14 0.000000 0.000000 0.000000
15 1 34.802241 50.557388 188.048449 1.000000 1.000000 1.000000 0.000000
15 0.000000 0.000000 0.000000
16 1 50.989409 42.347439 3.564467 1.000000 1.000000 1.000000 0.000000
16 0.000000 0.000000 0.000000
17 1 92.993076 71.894514 103.318613 1.000000 1.000000 1.000000 0.000000
17 0.000000 0.000000 0.000000
18 1 82.820603 95.670818 173.802883 1.000000 1.000000 1.000000 0.000000
18 0.000000 0.000000 0.000000
19 1 54.171396 37.843257 139.769999 1.000000 1.000000 1.000000 0.000000
19 0.000000 0.000000 0.000000
20 1 82.918993 92.683117 133.071923 1.000000 1.000000 1.000000 0.000000
20 0.000000 0.000000 0.000000
21 1 83.297783 33.527225 30.621504 1.000000 1.000000 1.000000 0.000000
21 0.000000 0.000000 0.000000
22 1 68.539857 36.810463 166.836262 1.000000 1.000000 1.000000 0.000000
22 0.000000 0.000000 0.000000
23 1 74.231994 56.524256 123.101286 1.000000 1.000000 1.000000 0.000000
23 0.000000 0.000000 0.000000
24 1 21.582091 27.274755 76.318095 1.000000 1.000000 1.000000 0.000000
24 0.000000 0.000000 0.000000
25 1 87.997531 99.539836 81.493009 1.000000 1.000000 1.000000 0.000000
25 0.000000 0.000000 0.000000
26 1 84.978992 2.126823 37.610073 1.000000 1.000000 1.000000 0.000000
26 0.000000 0.000000 0.000000
27 1 87.189783 60.185399 12.100973 1.000000 1.000000 1.000000 0.000000
27 0.000000 0.000000 0.000000
28 1 61.132399 94.203737 91.133582 1.000000 1.000000 1.000000 0.000000
28 0.000000 0.000000 0.000000
29 1 32.950207 4.142693 31.696346 1.000000 1.000000 1.000000 0.000000
29 0.000000 0.000000 0.000000
30 1 52.310789 8.878797 187.149519 1.000000 1.000000 1.000000 0.000000
30 0.000000 0.000000 0.000000
31 1 3.576449 78.573889 40.854359 1.000000 1.000000 1.000000 0.000000
31 0.000000 0.000000 0.000000
32 1 88.046734 74.140444 195.319066 1.000000 1.000000 1.000000 0.000000
32 0.000000 0.000000 0.000000
33 1 5.404369 53.344365 31.868254 1.000000 1.000000 1.000000 0.000000
33 0.000000 0.000000 0.000000
34 1 32.170107 95.368919 64.043297 1.000000 1.000000 1.000000 0.000000
34 0.000000 0.000000 0.000000
35 1 47.473022 94.527159 23.244376 1.000000 1.000000 1.000000 0.000000
35 0.000000 0.000000 0.000000
36 1 1.368915 97.886371 24.291787 1.000000 1.000000 1.000000 0.000000
36 0.000000 0.000000 0.000000
37 1 97.878722 93.121855 121.676770 1.000000 1.000000 1.000000 0.000000
37 0.000000 0.000000 0.000000
38 1 60.028747 53.762885 86.610715 1.000000 1.000000 1.000000 0.000000
38 0.000000 0.000000 0.000000
39 1 53.974885 28.097128 8.799745 1.000000 1.000000 1.000000 0.000000
39 0.000000 0.000000 0.000000
40 1 26.137998 40.101001 60.490947 1.000000 1.000000 1.000000 0.000000
40 0.000000 0.000000 0.000000
41 1 41.259665 47.574770 102.532406 1.000000 1.000000 1.000000 0.000000
41 0.000000 0.000000 0.000000
42 1 30.388663 41.317880 116.929276 1.000000 1.000000 1.000000 0.000000
42 0.000000 0.000000 0.000000
43 1 42.497819 88.657341 31.607134 1.000000 1.000000 1.000000 0.000000
43 0.000000 0.000000 0.000000
44 1 66.495471 63.290297 124.347675 1.000000 1.000000 1.000000 0.000000
44 0.000000 0.000000 0.000000
45 1 40.707857 66.962467 59.719934 1.000000 1.000000 1.000000 0.000000
45 0.000000 0.000000 0.000000
46 1 28.656359 88.042311 61.132884 1.000000 1.000000 1.000000 0.000000
46 0.000000 0.000000 0.000000
47 1 23.562787 61.422783 4.116085 1.000000 1.000000 1.000000 0.000000
47 0.000000 0.000000 0.000000
48 1 35.374362 27.425188 28.444020 1.000000 1.000000 1.000000 0.000000
48 0.000000 0.000000 0.000000
49 1 6.467750 39.976147 44.386193 1.000000 1.000000 1.000000 0.000000
49 0.000000 0.000000 0.000000
50 1 98.018599 61.787891 7.227786 1.000000 1.000000 1.000000 0.000000
50 0.000000 0.000000 0.000000
51 1 24.258596 27.561685 107.814080 1.000000 1.000000 1.000000 0.000000
51 0.000000 0.000000 0.000000
52 1 57.506198 80.340962 143.189414 1.000000 1.000000 1.000000 0.000000
52 0.000000 0.000000 0.000000
53 1 56.574389 77.104326 58.312236 1.000000 1.000000 1.000000 0.000000
53 0.000000 0.000000 0.000000
54 1 22.588078 45.935952 68.073329 1.000000 1.000000 1.000000 0.000000
54 0.000000 0.000000 0.000000
55 1 64.087248 88.540570 106.025899 1.000000 1.000000 1.000000 0.000000
55 0.000000 0.000000 0.000000
56 1 13.242301 52.821341 196.069353 1.000000 1.000000 1.000000 0.000000
56 0.000000 0.000000 0.000000
57 1 57.103146 79.098901 127.298217 1.000000 1.000000 1.000000 0.000000
57 0.000000 0.000000 0.000000
58 1 44.930094 44.475036 60.017332 1.000000 1.000000 1.000000 0.000000
58 0.000000 0.000000 0.000000
59 1 70.236702 2.336366 182.211003 1.000000 1.000000 1.000000 0.000000
59 0.000000 0.000000 0.000000
60 1 14.356219 47.324262 43.405842 1.000000 1.000000 1.000000 0.000000
60 0.000000 0.000000 0.000000
61 1 71.896659 79.178288 179.881348 1.000000 1.000000 1.000000 0.000000
61 0.000000 0.000000 0.000000
62 1 19.185693 29.648932 121.321319 1.000000 1.000000 1.000000 0.000000
62 0.000000 0.000000 0.000000
63 1 11.096220 83.474747 46.298329 1.000000 1.000000 1.000000 0.000000
63 0.000000 0.000000 0.000000
64 1 23.631438 80.798940 63.619281 1.000000 1.000000 1.000000 0.000000
64 0.000000 0.000000 0.000000
65 1 65.940001 87.431383 67.345576 1.000000 1.000000 1.000000 0.000000
65 0.000000 0.000000 0.000000
66 1 54.030430 69.022833 196.287704 1.000000 1.000000 1.000000 0.000000
66 0.000000 0.000000 0.000000
67 1 68.972148 41.846844 7.022857 1.000000 1.000000 1.000000 0.000000
67 0.000000 0.000000 0.000000
68 1 6.764527 35.922321 154.480618 1.000000 1.000000 1.000000 0.000000
68 0.000000 0.000000 0.000000
69 1 86.113545 72.886266 187.540610 1.000000 1.000000 1.000000 0.000000
69 0.000000 0.000000 0.000000
70 1 44.508617 70.729031 119.876468 1.000000 1.000000 1.000000 0.000000
70 0.000000 0.000000 0.000000
71 1 50.160384 78.458252 8.002255 1.000000 1.000000 1.000000 0.000000
71 0.000000 0.000000 0.000000
72 1 5.307827 86.457472 89.747035 1.000000 1.000000 1.000000 0.000000
72 0.000000 0.000000 0.000000
73 1 56.386762 73.268583 75.617533 1.000000 1.000000 1.000000 0.000000
73 0.000000 0.000000 0.000000
74 1 35.370487 86.569597 54.336449 1.000000 1.000000 1.000000 0.000000
74 0.000000 0.000000 0.000000
75 1 77.762641 58.500367 106.895504 1.000000 1.000000 1.000000 0.000000
75 0.000000 0.000000 0.000000
76 1 82.911896 39.745130 51.940870 1.000000 1.000000 1.000000 0.000000
76 0.000000 0.000000 0.000000
77 1 53.611365 36.638238 33.516779 1.000000 1.000000 1.000000 0.000000
77 0.000000 0.000000 0.000000
78 1 94.117784 31.215362 169.084103 1.000000 1.000000 1.000000 0.000000
78 0.000000 0.000000 0.000000
79 1 8.948864 89.389793 29.324998 1.000000 1.000000 1.000000 0.000000
79 0.000000 0.000000 0.000000
80 1 41.404552 76.400814 41.716334 1.000000 1.000000 1.000000 0.000000
80 0.000000 0.000000 0.000000
81 1 84.962346 19.363419 188.956224 1.000000 1.000000 1.000000 0.000000
81 0.000000 0.000000 0.000000
82 1 26.457331 20.778516 143.087202 1.000000 1.000000 1.000000 0.000000
82 0.000000 0.000000 0.000000
83 1 54.158728 94.549904 153.549006 1.000000 1.000000 1.000000 0.000000
83 0.000000 0.000000 0.000000
84 1 70.881412 17.854608 150.057667 1.000000 1.000000 1.000000 0.000000
84 0.000000 0.000000 0.000000
85 1 29.309252 49.745700 107.698759 1.000000 1.000000 1.000000 0.000000
85 0.000000 0.000000 0.000000
86 1 18.903389 7.978133 90.126866 1.000000 1.000000 1.000000 0.000000
86 0.000000 0.000000 0.000000
87 1 74.293960 38.681918 98.169841 1.000000 1.000000 1.000000 0.000000
87 0.000000 0.000000 0.000000
88 1 19.842833 93.867295 149.653170 1.000000 1.000000 1.000000 0.000000
88 0.000000 0.000000 0.000000
89 1 4.021667 45.273964 97.242044 1.000000 1.000000 1.000000 0.000000
89 0.000000 0.000000 0.000000
90 1 13.427344 83.930889 58.558909 1.000000 1.000000 1.000000 0.000000
90 0.000000 0.000000 0.000000
91 1 17.735822 19.518412 2.380784 1.000000 1.000000 1.000000 0.000000
91 0.000000 0.000000 0.000000
92 1 28.828805 67.737820 79.616403 1.000000 1.000000 1.000000 0.000000
92 0.000000 0.000000 0.000000
93 1 63.438942 44.486511 181.165089 1.000000 1.000000 1.000000 0.000000
93 0.000000 0.000000 0.000000
94 1 99.073895 14.955017 79.053247 1.000000 1.000000 1.000000 0.000000
94 0.000000 0.000000 0.000000
95 1 68.290966 22.931814 31.482630 1.000000 1.000000 1.000000 0.000000
95 0.000000 0.000000 0.000000
96 1 72.930262 96.505775 179.416750 1.000000 1.000000 1.000000 0.000000
96 0.000000 0.000000 0.000000
97 1 51.875999 75.809922 41.898984 1.000000 1.000000 1.000000 0.000000
97 0.000000 0.000000 0.000000
98 1 57.891117 40.914954 51.486470 1.000000 1.000000 1.000000 0.000000
98 0.000000 0.000000 0.000000
99 1 57.602748 97.125696 86.992590 1.000000 1.000000 1.000000 0.000000
99 0.000000 0.000000 0.000000
100 1 73.237084 13.777868 194.421237 1.000000 1.000000 1.000000 0.000000
100 0.000000 0.000000 0.000000
101 1 58.203707 74.175550 120.653977 1.000000 1.000000 1.000000 0.000000
101 0.000000 0.000000 0.000000
102 1 33.747124 8.109257 122.818190 1.000000 1.000000 1.000000 0.000000
102 0.000000 0.000000 0.000000
103 1 44.175104 36.919397 139.489759 1.000000 1.000000 1.000000 0.000000
103 0.000000 0.000000 0.000000
104 1 51.165911 70.962431 87.160675 1.000000 1.000000 1.000000 0.000000
104 0.000000 0.000000 0.000000
105 1 51.097463 49.295636 193.785179 1.000000 1.000000 1.000000 0.000000
105 0.000000 0.000000 0.000000
106 1 95.602828 34.703392 197.289561 1.000000 1.000000 1.000000 0.000000
106 0.000000 0.000000 0.000000
107 1 78.162402 79.746186 74.780944 1.000000 1.000000 1.000000 0.000000
107 0.000000 0.000000 0.000000
108 1 18.671082 35.613560 155.984853 1.000000 1.000000 1.000000 0.000000
108 0.000000 0.000000 0.000000
109 1 36.418325 67.987906 141.860058 1.000000 1.000000 1.000000 0.000000
109 0.000000 0.000000 0.000000
110 1 22.335388 43.591698 36.050389 1.000000 1.000000 1.000000 0.000000
110 0.000000 0.000000 0.000000
111 1 15.618116 75.019200 82.456322 1.000000 1.000000 1.000000 0.000000
111 0.000000 0.000000 0.000000
112 1 30.954264 85.512526 80.271042 1.000000 1.000000 1.000000 0.000000
112 0.000000 0.000000 0.000000
113 1 21.537326 65.264509 128.055725 1.000000 1.000000 1.000000 0.000000
113 0.000000 0.000000 0.000000
114 1 2.965551 96.655012 120.614257 1.000000 1.000000 1.000000 0.000000
114 0.000000 0.000000 0.000000
115 1 92.212281 65.667372 118.988904 1.000000 1.000000 1.000000 0.000000
115 0.000000 0.000000 0.000000
116 1 82.615384 73.491327 93.377712 1.000000 1.000000 1.000000 0.000000
116 0.000000 0.000000 0.000000
117 1 32.515941 51.564643 197.376354 1.000000 1.000000 1.000000 0.000000
117 0.000000 0.000000 0.000000
118 1 11.008534 25.161113 66.132575 1.000000 1.000000 1.000000 0.000000
118 0.000000 0.000000 0.000000
119 1 14.767190 25.346945 183.847673 1.000000 1.000000 1.000000 0.000000
119 0.000000 0.000000 0.000000
120 1 90.489086 70.410105 189.707249 1.000000 1.000000 1.000000 0.000000
120 0.000000 0.000000 0.000000
121 1 39.172095 10.520958 53.640180 1.000000 1.000000 1.000000 0.000000
121 0.000000 0.000000 0.000000
122 1 64.299799 23.302639 175.135576 1.000000 1.000000 1.000000 0.000000
122 0.000000 0.000000 0.000000
123 1 26.258203 76.140288 11.222586 1.000000 1.000000 1.000000 0.000000
123 0.000000 0.000000 0.000000
124 1 58.975311 98.947469 194.537950 1.000000 1.000000 1.000000 0.000000
124 0.000000 0.000000 0.000000
125 1 99.082388 45.669970 74.005985 1.000000 1.000000 1.000000 0.000000
125 0.000000 0.000000 0.000000
126 1 81.753144 65.991144 99.103687 1.000000 1.000000 1.000000 0.000000
126 0.000000 0.000000 0.000000
127 1 59.890891 57.306703 172.037680 1.000000 1.000000 1.000000 0.000000
127 0.000000 0.000000 0.000000
128 1 86.181646 47.988532 138.238330 1.000000 1.000000 1.000000 0.000000
128 0.000000 0.000000 0.000000
129 1 75.127247 30.565541 159.337490 1.000000 1.000000 1.000000 0.000000
129 0.000000 0.000000 0.000000
130 1 72.800698 84.134430 132.680860 1.000000 1.000000 1.000000 0.000000
130 0.000000 0.000000 0.000000
131 1 22.810681 38.349755 119.053513 1.000000 1.000000 1.000000 0.000000
131 0.000000 0.000000 0.000000
132 1 17.335347 38.695621 52.332048 1.000000 1.000000 1.000000 0.000000
132 0.000000 0.000000 0.000000
133 1 32.462272 5.746950 63.556422 1.000000 1.000000 1.000000 0.000000
133 0.000000 0.000000 0.000000
134 1 88.531220 60.398568 53.319706 1.000000 1.000000 1.000000 0.000000
134 0.000000 0.000000 0.000000
135 1 4.043034 5.500159 198.732856 1.000000 1.000000 1.000000 0.000000
135 0.000000 0.000000 0.000000
136 1 24.362563 57.435958 92.517249 1.000000 1.000000 1.000000 0.000000
136 0.000000 0.000000 0.000000
137 1 29.816597 78.917153 151.611032 1.000000 1.000000 1.000000 0.000000
137 0.000000 0.000000 0.000000
138 1 82.006363 72.842441 50.197913 1.000000 1.000000 1.000000 0.000000
138 0.000000 0.000000 0.000000
139 1 31.762980 31.018069 177.317909 1.000000 1.000000 1.000000 0.000000
139 0.000000 0.000000 0.000000
140 1 54.191718 79.548940 185.227455 1.000000 1.000000 1.000000 0.000000
140 0.000000 0.000000 0.000000
141 1 77.909759 84.255963 110.006221 1.000000 1.000000 1.000000 0.000000
141 0.000000 0.000000 0.000000
142 1 14.235677 86.975272 103.449577 1.000000 1.000000 1.000000 0.000000
142 0.000000 0.000000 0.000000
143 1 27.793537 27.008598 148.244251 1.000000 1.000000 1.000000 0.000000
143 0.000000 0.000000 0.000000
144 1 36.248942 56.598799 146.932520 1.000000 1.000000 1.000000 0.000000
144 0.000000 0.000000 0.000000
145 1 3.273230 28.699925 153.038062 1.000000 1.000000 1.000000 0.000000
145 0.000000 0.000000 0.000000
146 1 36.952777 53.833904 57.281550 1.000000 1.000000 1.000000 0.000000
146 0.000000 0.000000 0.000000
147 1 77.498417 38.037283 119.308074 1.000000 1.000000 1.000000 0.000000
147 0.000000 0.000000 0.000000
148 1 37.243428 92.185086 136.644361 1.000000 1.000000 1.000000 0.000000
148 0.000000 0.000000 0.000000
149 1 42.771355 43.564376 111.779391 1.000000 1.000000 1.000000 0.000000
149 0.000000 0.000000 0.000000
150 1 60.759893 23.093908 29.839214 1.000000 1.000000 1.000000 0.000000
150 0.000000 0.000000 0.000000
151 1 24.890933 50.253698 185.805045 1.000000 1.000000 1.000000 0.000000
151 0.000000 0.000000 0.000000
152 1 52.258382 81.716174 130.464910 1.000000 1.000000 1.000000 0.000000
152 0.000000 0.000000 0.000000
153 1 58.618628 61.076397 182.522811 1.000000 1.000000 1.000000 0.000000
153 0.000000 0.000000 0.000000
154 1 6.888888 64.339327 98.419459 1.000000 1.000000 1.000000 0.000000
154 0.000000 0.000000 0.000000
155 1 93.477650 49.656963 11.250351 1.000000 1.000000 1.000000 0.000000
155 0.000000 0.000000 0.000000
156 1 17.022584 41.976420 85.237140 1.000000 1.000000 1.000000 0.000000
156 0.000000 0.000000 0.000000
157 1 47.611510 57.196967 145.932001 1.000000 1.000000 1.000000 0.000000
157 0.000000 0.000000 0.000000
158 1 14.014583 52.600271 160.992106 1.000000 1.000000 1.000000 0.000000
158 0.000000 0.000000 0.000000
159 1 92.276611 37.047401 187.524655 1.000000 1.000000 1.000000 0.000000
159 0.000000 0.000000 0.000000
160 1 98.032827 70.525304 16.503102 1.000000 1.000000 1.000000 0.000000
160 0.000000 0.000000 0.000000
161 1 90.885958 77.129187 110.465166 1.000000 1.000000 1.000000 0.000000
161 0.000000 0.000000 0.000000
162 1 87.601264 92.677466 134.242641 1.000000 1.000000 1.000000 0.000000
162 0.000000 0.000000 0.000000
163 1 11.755934 10.356410 189.586445 1.000000 1.000000 1.000000 0.000000
163 0.000000 0.000000 0.000000
164 1 5.420073 19.451776 160.840676 1.000000 1.000000 1.000000 0.000000
164 0.000000 0.000000 0.000000
165 1 4.021494 51.009953 171.158151 1.000000 1.000000 1.000000 0.000000
165 0.000000 0.000000 0.000000
166 1 77.881020 96.873823 83.403029 1.000000 1.000000 1.000000 0.000000
166 0.000000 0.000000 0.000000
167 1 56.757056 47.723906 14.309656 1.000000 1.000000 1.000000 0.000000
167 0.000000 0.000000 0.000000
168 1 71.267863 99.076069 159.046822 1.000000 1.000000 1.000000 0.000000
168 0.000000 0.000000 0.000000
169 1 48.914445 14.737194 37.413041 1.000000 1.000000 1.000000 0.000000
169 0.000000 0.000000 0.000000
170 1 61.986617 53.409505 135.043341 1.000000 1.000000 1.000000 0.000000
170 0.000000 0.000000 0.000000
171 1 74.500703 99.764776 153.290197 1.000000 1.000000 1.000000 0.000000
171 0.000000 0.000000 0.000000
172 1 8.872976 45.672058 96.763617 1.000000 1.000000 1.000000 0.000000
172 0.000000 0.000000 0.000000
173 1 60.085108 52.604452 98.155963 1.000000 1.000000 1.000000 0.000000
173 0.000000 0.000000 0.000000
174 1 66.314349 78.784250 177.405233 1.000000 1.000000 1.000000 0.000000
174 0.000000 0.000000 0.000000
175 1 27.011046 49.016123 166.781688 1.000000 1.000000 1.000000 0.000000
175 0.000000 0.000000 0.000000
176 1 62.350878 29.601707 86.584009 1.000000 1.000000 1.000000 0.000000
176 0.000000 0.000000 0.000000
177 1 88.052970 62.476532 112.269601 1.000000 1.000000 1.000000 0.000000
177 0.000000 0.000000 0.000000
178 1 25.596032 95.445632 199.674567 1.000000 1.000000 1.000000 0.000000
178 0.000000 0.000000 0.000000
179 1 73.893130 73.950303 117.979750 1.000000 1.000000 1.000000 0.000000
179 0.000000 0.000000 0.000000
180 1 28.941797 27.411846 22.817049 1.000000 1.000000 1.000000 0.000000
180 0.000000 0.000000 0.000000
181 1 24.043222 24.487588 176.656454 1.000000 1.000000 1.000000 0.000000
181 0.000000 0.000000 0.000000
182 1 52.349521 63.178705 62.980556 1.000000 1.000000 1.000000 0.000000
182 0.000000 0.000000 0.000000
183 1 30.589680 8.151274 154.510576 1.000000 1.000000 1.000000 0.000000
183 0.000000 0.000000 0.000000
184 1 95.823392 83.189903 68.983625 1.000000 1.000000 1.000000 0.000000
184 0.000000 0.000000 0.000000
185 1 39.516351 21.853094 156.070625 1.000000 1.000000 1.000000 0.000000
185 0.000000 0.000000 0.000000
186 1 94.661679 48.241921 41.317970 1.000000 1.000000 1.000000 0.000000
186 0.000000 0.000000 0.000000
187 1 21.762951 47.063865 37.089060 1.000000 1.000000 1.000000 0.000000
187 0.000000 0.000000 0.000000
188 1 36.887772 90.673444 163.260323 1.000000 1.000000 1.000000 0.000000
188 0.000000 0.000000 0.000000
189 1 96.646756 89.481809 85.863709 1.000000 1.000000 1.000000 0.000000
189 0.000000 0.000000 0.000000
190 1 96.000159 86.347303 82.738548 1.000000 1.000000 1.000000 0.000000
190 0.000000 0.000000 0.000000
191 1 72.042358 80.944769 99.703749 1.000000 1.000000 1.000000 0.000000
191 0.000000 0.000000 0.000000
192 1 14.620528 66.989260 6.929906 1.000000 1.000000 1.000000 0.000000
192 0.000000 0.000000 0.000000
193 1 25.472961 70.590989 8.318069 1.000000 1.000000 1.000000 0.000000
193 0.000000 0.000000 0.000000
194 1 93.160400 31.887223 185.756345 1.000000 1.000000 1.000000 0.000000
194 0.000000 0.000000 0.000000
195 1 21.276285 21.802818 199.510392 1.000000 1.000000 1.000000 0.000000
195 0.000000 0.000000 0.000000
196 1 43.515854 60.328835 139.273005 1.000000 1.000000 1.000000 0.000000
196 0.000000 0.000000 0.000000
197 1 65.441363 28.414010 148.800406 1.000000 1.000000 1.000000 0.000000
197 0.000000 0.000000 0.000000
198 1 97.988427 74.515407 26.726506 1.000000 1.000000 1.000000 0.000000
198 0.000000 0.000000 0.000000
199 1 30.480532 30.953328 157.283042 1.000000 1.000000 1.000000 0.000000
199 0.000000 0.000000 0.000000
200 1 13.606714 38.076381 157.459616 1.000000 1.000000 1.000000 0.000000
200 0.000000 0.000000 0.000000
201 1 5.946561 52.180511 140.450404 1.000000 1.000000 1.000000 0.000000
201 0.000000 0.000000 0.000000
202 1 91.387098 35.903532 181.432263 1.000000 1.000000 1.000000 0.000000
202 0.000000 0.000000 0.000000
203 1 57.179965 94.347061 36.212853 1.000000 1.000000 1.000000 0.000000
203 0.000000 0.000000 0.000000
204 1 13.668721 79.574115 125.763967 1.000000 1.000000 1.000000 0.000000
204 0.000000 0.000000 0.000000
205 1 29.191022 25.435681 38.095376 1.000000 1.000000 1.000000 0.000000
205 0.000000 0.000000 0.000000
206 1 43.889810 93.325714 182.434791 1.000000 1.000000 1.000000 0.000000
206 0.000000 0.000000 0.000000
207 1 51.165990 89.095632 149.246295 1.000000 1.000000 1.000000 0.000000
207 0.000000 0.000000 0.000000
208 1 4.941039 99.938680 109.861225 1.000000 1.000000 1.000000 0.000000
208 0.000000 0.000000 0.000000
209 1 48.386503 50.263097 136.932153 1.000000 1.000000 1.000000 0.000000
209 0.000000 0.000000 0.000000
210 1 1.547283 38.132519 15.274689 1.000000 1.000000 1.000000 0.000000
210 0.000000 0.000000 0.000000
211 1 48.394250 84.977776 58.680554 1.000000 1.000000 1.000000 0.000000
211 0.000000 0.000000 0.000000
212 1 95.408079 92.796330 100.599459 1.000000 1.000000 1.000000 0.000000
212 0.000000 0.000000 0.000000
213 1 29.400157 27.068877 123.455004 1.000000 1.000000 1.000000 0.000000
213 0.000000 0.000000 0.000000
214 1 3.917742 44.527070 44.343018 1.000000 1.000000 1.000000 0.000000
214 0.000000 0.000000 0.000000
215 1 37.674182 48.957431 32.262107 1.000000 1.000000 1.000000 0.000000
215 0.000000 0.000000 0.000000
216 1 88.300528 40.970400 105.870885 1.000000 1.000000 1.000000 0.000000
216 0.000000 0.000000 0.000000
217 1 49.487966 24.220636 163.672206 1.000000 1.000000 1.000000 0.000000
217 0.000000 0.000000 0.000000
218 1 32.067981 69.392835 155.521191 1.000000 1.000000 1.000000 0.000000
218 0.000000 0.000000 0.000000
219 1 82.907444 81.872192 58.185565 1.000000 1.000000 1.000000 0.000000
219 0.000000 0.000000 0.000000
220 1 63.703555 65.398519 53.054950 1.000000 1.000000 1.000000 0.000000
220 0.000000 0.000000 0.000000
221 1 27.734007 32.153826 183.080880 1.000000 1.000000 1.000000 0.000000
221 0.000000 0.000000 0.000000
222 1 41.561037 17.942656 72.527747 1.000000 1.000000 1.000000 0.000000
222 0.000000 0.000000 0.000000
223 1 93.348472 91.459580 144.508277 1.000000 1.000000 1.000000 0.000000
223 0.000000 0.000000 0.000000
224 1 45.730726 14.874641 173.738041 1.000000 1.000000 1.000000 0.000000
224 0.000000 0.000000 0.000000
225 1 31.863442 17.891340 74.457877 1.000000 1.000000 1.000000 0.000000
225 0.000000 0.000000 0.000000
226 1 18.498691 56.500190 49.930691 1.000000 1.000000 1.000000 0.000000
226 0.000000 0.000000 0.000000
227 1 27.890407 94.725899 0.150013 1.000000 1.000000 1.000000 0.000000
227 0.000000 0.000000 0.000000
228 1 80.056764 73.997599 30.953183 1.000000 1.000000 1.000000 0.000000
228 0.000000 0.000000 0.000000
229 1 52.496818 79.127499 27.387840 1.000000 1.000000 1.000000 0.000000
229 0.000000 0.000000 0.000000
230 1 19.684596 25.543315 23.799031 1.000000 1.000000 1.000000 0.000000
230 0.000000 0.000000 0.000000
231 1 96.047887 78.556227 17.789872 1.000000 1.000000 1.000000 0.000000
231 0.000000 0.000000 0.000000
232 1 1.290817 42.647660 107.481645 1.000000 1.000000 1.000000 0.000000
232 0.000000 0.000000 0.000000
233 1 18.546785 90.757056 39.243407 1.000000 1.000000 1.000000 0.000000
233 0.000000 0.000000 0.000000
234 1 13.220409 81.840166 133.562080 1.000000 1.000000 1.000000 0.000000
234 0.000000 0.000000 0.000000
235 1 4.221626 93.710727 9.525841 1.000000 1.000000 1.000000 0.000000
235 0.000000 0.000000 0.000000
236 1 69.664200 16.581526 180.846424 1.000000 1.000000 1.000000 0.000000
236 0.000000 0.000000 0.000000
237 1 18.899885 58.352537 53.197423 1.000000 1.000000 1.000000 0.000000
237 0.000000 0.000000 0.000000
238 1 93.153884 54.918894 124.026471 1.000000 1.000000 1.000000 0.000000
238 0.000000 0.000000 0.000000
239 1 26.726320 58.592827 156.943393 1.000000 1.000000 1.000000 0.000000
239 0.000000 0.000000 0.000000
240 1 54.926351 58.675595 55.382825 1.000000 1.000000 1.000000 0.000000
240 0.000000 0.000000 0.000000
241 1 94.339320 36.429871 50.691894 1.000000 1.000000 1.000000 0.000000
241 0.000000 0.000000 0.000000
242 1 18.000321 82.741886 49.064002 1.000000 1.000000 1.000000 0.000000
242 0.000000 0.000000 0.000000
243 1 93.840706 76.369159 118.573692 1.000000 1.000000 1.000000 0.000000
243 0.000000 0.000000 0.000000
244 1 97.024533 51.621819 45.730723 1.000000 1.000000 1.000000 0.000000
244 0.000000 0.000000 0.000000
245 1 82.409854 96.737784 18.687313 1.000000 1.000000 1.000000 0.000000
245 0.000000 0.000000 0.000000
246 1 42.952655 20.195641 100.809757 1.000000 1.000000 1.000000 0.000000
246 0.000000 0.000000 0.000000
247 1 13.621395 20.887785 73.916986 1.000000 1.000000 1.000000 0.000000
247 0.000000 0.000000 0.000000
248 1 66.033609 50.175422 67.389846 1.000000 1.000000 1.000000 0.000000
248 0.000000 0.000000 0.000000
249 1 88.669291 98.130918 30.798563 1.000000 1.000000 1.000000 0.000000
249 0.000000 0.000000 0.000000
250 1 13.602709 93.178428 82.890907 1.000000 1.000000 1.000000 0.000000
250 0.000000 0.000000 0.000000
251 1 48.792071 9.081031 114.787869 1.000000 1.000000 1.000000 0.000000
251 0.000000 0.000000 0.000000
252 1 13.424774 40.211929 60.186479 1.000000 1.000000 1.000000 0.000000
252 0.000000 0.000000 0.000000
253 1 85.185046 77.035206 32.893064 1.000000 1.000000 1.000000 0.000000
253 0.000000 0.000000 0.000000
254 1 78.398984 61.367300 155.002436 1.000000 1.000000 1.000000 0.000000
254 0.000000 0.000000 0.000000
255 1 81.770057 26.818186 42.553136 1.000000 1.000000 1.000000 0.000000
255 0.000000 0.000000 0.000000
256 1 77.990734 36.361779 173.382572 1.000000 1.000000 1.000000 0.000000
256 0.000000 0.000000 0.000000
257 1 54.362365 66.578391 19.737898 1.000000 1.000000 1.000000 0.000000
257 0.000000 0.000000 0.000000
258 1 39.359091 88.006663 116.431231 1.000000 1.000000 1.000000 0.000000
258 0.000000 0.000000 0.000000
259 1 47.008364 94.119207 111.779259 1.000000 1.000000 1.000000 0.000000
259 0.000000 0.000000 0.000000
260 1 9.251599 50.355503 159.406732 1.000000 1.000000 1.000000 0.000000
260 0.000000 0.000000 0.000000
261 1 91.837137 71.630769 186.881892 1.000000 1.000000 1.000000 0.000000
261 0.000000 0.000000 0.000000
262 1 42.795129 47.301310 111.698546 1.000000 1.000000 1.000000 0.000000
262 0.000000 0.000000 0.000000
263 1 49.022117 59.643294 173.250925 1.000000 1.000000 1.000000 0.000000
263 0.000000 0.000000 0.000000
264 1 74.940185 37.591809 36.680144 1.000000 1.000000 1.000000 0.000000
264 0.000000 0.000000 0.000000
265 1 63.206520 40.323713 46.838828 1.000000 1.000000 1.000000 0.000000
265 0.000000 0.000000 0.000000
266 1 3.617417 94.258087 139.019349 1.000000 1.000000 1.000000 0.000000
266 0.000000 0.000000 0.000000
267 1 81.132025 52.519325 160.963840 1.000000 1.000000 1.000000 0.000000
267 0.000000 0.000000 0.000000
268 1 11.393031 66.031215 176.933785 1.000000 1.000000 1.000000 0.000000
268 0.000000 0.000000 0.000000
269 1 62.828333 48.896843 127.071696 1.000000 1.000000 1.000000 0.000000
269 0.000000 0.000000 0.000000
270 1 41.164580 1.648319 44.017448 1.000000 1.000000 1.000000 0.000000
270 0.000000 0.000000 0.000000
271 1 12.924674 17.411626 176.259021 1.000000 1.000000 1.000000 0.000000
271 0.000000 0.000000 0.000000
272 1 41.507497 24.499102 36.310509 1.000000 1.000000 1.000000 0.000000
272 0.000000 0.000000 0.000000
273 1 31.121714 11.012098 7.275349 1.000000 1.000000 1.000000 0.000000
273 0.000000 0.000000 0.000000
274 1 5.280833 85.657884 52.593912 1.000000 1.000000 1.000000 0.000000
274 0.000000 0.000000 0.000000
275 1 18.348060 18.438347 58.459401 1.000000 1.000000 1.000000 0.000000
275 0.000000 0.000000 0.000000
276 1 40.017724 75.804975 81.875068 1.000000 1.000000 1.000000 0.000000
276 0.000000 0.000000 0.000000
277 1 78.442679 73.842809 166.632666 1.000000 1.000000 1.000000 0.000000
277 0.000000 0.000000 0.000000
278 1 65.258308 0.695688 100.168296 1.000000 1.000000 1.000000 0.000000
278 0.000000 0.000000 0.000000
279 1 99.669448 86.453755 73.662021 1.000000 1.000000 1.000000 0.000000
279 0.000000 0.000000 0.000000
280 1 3.123193 95.775428 130.264193 1.000000 1.000000 1.000000 0.000000
280 0.000000 0.000000 0.000000
281 1 92.799139 27.497376 140.217329 1.000000 1.000000 1.000000 0.000000
281 0.000000 0.000000 0.000000
282 1 96.768273 9.665873 43.926632 1.000000 1.000000 1.000000 0.000000
282 0.000000 0.000000 0.000000
283 1 72.483495 17.310106 64.068857 1.000000 1.000000 1.000000 0.000000
283 0.000000 0.000000 0.000000
284 1 97.810597 21.345024 196.266603 1.000000 1.000000 1.000000 0.000000
284 0.000000 0.000000 0.000000
285 1 89.320581 82.392303 83.316645 1.000000 1.000000 1.000000 0.000000
285 0.000000 0.000000 0.000000
286 1 55.341169 69.781939 49.006675 1.000000 1.000000 1.000000 0.000000
286 0.000000 0.000000 0.000000
287 1 43.418812 60.597958 46.290656 1.000000 1.000000 1.000000 0.000000
287 0.000000 0.000000 0.000000
288 1 54.372708 42.593342 94.084529 1.000000 1.000000 1.000000 0.000000
288 0.000000 0.000000 0.000000
289 1 25.455908 45.821285 106.145790 1.000000 1.000000 1.000000 0.000000
289 0.000000 0.000000 0.000000
290 1 62.576553 7.479451 78.489171 1.000000 1.000000 1.000000 0.000000
290 0.000000 0.000000 0.000000
291 1 62.935810 37.027091 63.454045 1.000000 1.000000 1.000000 0.000000
291 0.000000 0.000000 0.000000
292 1 61.207833 57.852373 93.595265 1.000000 1.000000 1.000000 0.000000
292 0.000000 0.000000 0.000000
293 1 85.000232 15.149404 89.364198 1.000000 1.000000 1.000000 0.000000
293 0.000000 0.000000 0.000000
294 1 34.763414 38.824224 133.653332 1.000000 1.000000 1.000000 0.000000
294 0.000000 0.000000 0.000000
295 1 3.805094 90.322700 89.010446 1.000000 1.000000 1.000000 0.000000
295 0.000000 0.000000 0.000000
296 1 42.083498 53.086467 59.924452 1.000000 1.000000 1.000000 0.000000
296 0.000000 0.000000 0.000000
297 1 89.114398 90.336582 166.798024 1.000000 1.000000 1.000000 0.000000
297 0.000000 0.000000 0.000000
298 1 65.472123 98.598307 98.044253 1.000000 1.000000 1.000000 0.000000
298 0.000000 0.000000 0.000000
299 1 44.491828 39.158381 8.605801 1.000000 1.000000 1.000000 0.000000
299 0.000000 0.000000 0.000000
300 1 62.354465 64.232611 36.476554 1.000000 1.000000 1.000000 0.000000
300 0.000000 0.000000 0.000000
301 1 59.565417 43.452939 54.159715 1.000000 1.000000 1.000000 0.000000
301 0.000000 0.000000 0.000000
302 1 65.497167 0.815957 8.609100 1.000000 1.000000 1.000000 0.000000
302 0.000000 0.000000 0.000000
303 1 46.626940 80.574991 7.639099 1.000000 1.000000 1.000000 0.000000
303 0.000000 0.000000 0.000000
304 1 5.986308 20.268886 39.609327 1.000000 1.000000 1.000000 0.000000
304 0.000000 0.000000 0.000000
305 1 62.229081 91.957828 100.346257 1.000000 1.000000 1.000000 0.000000
305 0.000000 0.000000 0.000000
306 1 56.921352 70.326284 82.071158 1.000000 1.000000 1.000000 0.000000
306 0.000000 0.000000 0.000000
307 1 34.458518 54.820377 126.488059 1.000000 1.000000 1.000000 0.000000
307 0.000000 0.000000 0.000000
308 1 36.560391 91.468087 156.228100 1.000000 1.000000 1.000000 0.000000
308 0.000000 0.000000 0.000000
309 1 33.130495 93.898557 3.691652 1.000000 1.000000 1.000000 0.000000
309 0.000000 0.000000 0.000000
310 1 52.601071 5.712201 133.722320 1.000000 1.000000 1.000000 0.000000
310 0.000000 0.000000 0.000000
311 1 90.685845 65.003023 166.660447 1.000000 1.000000 1.000000 0.000000
311 0.000000 0.000000 0.000000
312 1 8.352687 25.068468 64.174916 1.000000 1.000000 1.000000 0.000000
312 0.000000 0.000000 0.000000
313 1 40.318702 5.048064 151.587170 1.000000 1.000000 1.000000 0.000000
313 0.000000 0.000000 0.000000
314 1 44.137232 79.440147 21.459457 1.000000 1.000000 1.000000 0.000000
314 0.000000 0.000000 0.000000
315 1 65.245433 26.144825 87.912760 1.000000 1.000000 1.000000 0.000000
315 0.000000 0.000000 0.000000
316 1 37.841082 76.520218 173.034376 1.000000 1.000000 1.000000 0.000000
316 0.000000 0.000000 0.000000
317 1 68.627190 51.781258 193.847916 1.000000 1.000000 1.000000 0.000000
317 0.000000 0.000000 0.000000
318 1 97.686506 39.222702 152.727585 1.000000 1.000000 1.000000 0.000000
318 0.000000 0.000000 0.000000
319 1 88.283680 22.370649 123.575033 1.000000 1.000000 1.000000 0.000000
319 0.000000 0.000000 0.000000
320 1 42.567444 34.143226 100.795039 1.000000 1.000000 1.000000 0.000000
320 0.000000 0.000000 0.000000
321 1 11.931861 28.012656 144.171895 1.000000 1.000000 1.000000 0.000000
321 0.000000 0.000000 0.000000
322 1 38.942033 96.364987 188.418636 1.000000 1.000000 1.000000 0.000000
322 0.000000 0.000000 0.000000
323 1 93.426753 35.455603 135.367823 1.000000 1.000000 1.000000 0.000000
323 0.000000 0.000000 0.000000
324 1 86.853446 86.891417 67.117311 1.000000 1.000000 1.000000 0.000000
324 0.000000 0.000000 0.000000
325 1 15.378551 43.619038 70.686337 1.000000 1.000000 1.000000 0.000000
325 0.000000 0.000000 0.000000
326 1 31.602031 62.685057 57.358287 1.000000 1.000000 1.000000 0.000000
326 0.000000 0.000000 0.000000
327 1 97.262430 74.945138 171.257559 1.000000 1.000000 1.000000 0.000000
327 0.000000 0.000000 0.000000
328 1 98.353944 86.236418 117.426460 1.000000 1.000000 1.000000 0.000000
328 0.000000 0.000000 0.000000
329 1 22.341847 24.935629 97.215500 1.000000 1.000000 1.000000 0.000000
329 0.000000 0.000000 0.000000
330 1 70.683340 2.114857 51.234471 1.000000 1.000000 1.000000 0.000000
330 0.000000 0.000000 0.000000
331 1 55.015229 98.071093 57.650369 1.000000 1.000000 1.000000 0.000000
331 0.000000 0.000000 0.000000
332 1 73.666358 40.984032 186.330560 1.000000 1.000000 1.000000 0.000000
332 0.000000 0.000000 0.000000
333 1 6.869957 27.962932 1.712031 1.000000 1.000000 1.000000 0.000000
333 0.000000 0.000000 0.000000
334 1 7.362505 51.311550 107.380661 1.000000 1.000000 1.000000 0.000000
334 0.000000 0.000000 0.000000
335 1 89.278855 43.619563 36.580170 1.000000 1.000000 1.000000 0.000000
335 0.000000 0.000000 0.000000
336 1 78.032855 79.613066 44.475826 1.000000 1.000000 1.000000 0.000000
336 0.000000 0.000000 0.000000
337 1 29.709198 47.945994 90.105130 1.000000 1.000000 1.000000 0.000000
337 0.000000 0.000000 0.000000
338 1 76.048402 37.256625 137.852073 1.000000 1.000000 1.000000 0.000000
338 0.000000 0.000000 0.000000
339 1 66.291790 7.922548 28.300231 1.000000 1.000000 1.000000 0.000000
339 0.000000 0.000000 0.000000
340 1 69.793282 38.814695 159.493817 1.000000 1.000000 1.000000 0.000000
340 0.000000 0.000000 0.000000
341 1 3.984288 2.958591 20.332218 1.000000 1.000000 1.000000 0.000000
341 0.000000 0.000000 0.000000
342 1 1.453762 56.163242 32.734333 1.000000 1.000000 1.000000 0.000000
342 0.000000 0.000000 0.000000
343 1 21.650690 24.418039 93.710452 1.000000 1.000000 1.000000 0.000000
343 0.000000 0.000000 0.000000
344 1 21.567424 9.989666 195.083183 1.000000 1.000000 1.000000 0.000000
344 0.000000 0.000000 0.000000
345 1 61.731028 39.619188 159.066254 1.000000 1.000000 1.000000 0.000000
345 0.000000 0.000000 0.000000
346 1 42.506983 51.607488 53.795157 1.000000 1.000000 1.000000 0.000000
346 0.000000 0.000000 0.000000
347 1 37.026448 83.211164 199.831742 1.000000 1.000000 1.000000 0.000000
347 0.000000 0.000000 0.000000
348 1 97.676183 20.965278 98.051652 1.000000 1.000000 1.000000 0.000000
348 0.000000 0.000000 0.000000
349 1 66.771064 42.802590 160.249300 1.000000 1.000000 1.000000 0.000000
349 0.000000 0.000000 0.000000
350 1 23.161060 28.591745 83.579112 1.000000 1.000000 1.000000 0.000000
350 0.000000 0.000000 0.000000
351 1 45.242144 23.845491 6.891047 1.000000 1.000000 1.000000 0.000000
351 0.000000 0.000000 0.000000
352 1 28.815181 72.891894 164.148975 1.000000 1.000000 1.000000 0.000000
352 0.000000 0.000000 0.000000
353 1 71.918625 47.453424 134.252315 1.000000 1.000000 1.000000 0.000000
353 0.000000 0.000000 0.000000
354 1 67.148280 88.330134 58.509051 1.000000 1.000000 1.000000 0.000000
354 0.000000 0.000000 0.000000
355 1 67.875582 70.310324 86.079917 1.000000 1.000000 1.000000 0.000000
355 0.000000 0.000000 0.000000
356 1 71.115464 93.048722 143.287441 1.000000 1.000000 1.000000 0.000000
356 0.000000 0.000000 0.000000
357 1 36.734708 2.884122 53.728922 1.000000 1.000000 1.000000 0.000000
357 0.000000 0.000000 0.000000
358 1 52.534138 42.723479 147.372316 1.000000 1.000000 1.000000 0.000000
358 0.000000 0.000000 0.000000
359 1 95.253565 40.953771 126.400368 1.000000 1.000000 1.000000 0.000000
359 0.000000 0.000000 0.000000
360 1 75.241860 1.738654 194.451367 1.000000 1.000000 1.000000 0.000000
360 0.000000 0.000000 0.000000
361 1 83.939642 97.712041 110.460796 1.000000 1.000000 1.000000 0.000000
361 0.000000 0.000000 0.000000
362 1 17.820536 99.050537 160.504457 1.000000 1.000000 1.000000 0.000000
362 0.000000 0.000000 0.000000
363 1 18.708332 26.905863 34.423216 1.000000 1.000000 1.000000 0.000000
363 0.000000 0.000000 0.000000
364 1 4.129229 6.629431 125.906099 1.000000 1.000000 1.000000 0.000000
364 0.000000 0.000000 0.000000
365 1 58.255143 78.993127 19.576366 1.000000 1.000000 1.000000 0.000000
365 0.000000 0.000000 0.000000
366 1 4.773216 16.571480 154.071549 1.000000 1.000000 1.000000 0.000000
366 0.000000 0.000000 0.000000
367 1 60.685079 42.203939 60.775479 1.000000 1.000000 1.000000 0.000000
367 0.000000 0.000000 0.000000
368 1 53.798791 94.529051 131.091854 1.000000 1.000000 1.000000 0.000000
368 0.000000 0.000000 0.000000
369 1 98.753715 21.881581 179.458899 1.000000 1.000000 1.000000 0.000000
369 0.000000 0.000000 0.000000
370 1 20.835851 37.107428 130.092460 1.000000 1.000000 1.000000 0.000000
370 0.000000 0.000000 0.000000
371 1 16.078409 50.153101 132.012736 1.000000 1.000000 1.000000 0.000000
371 0.000000 0.000000 0.000000
372 1 22.265536 87.406387 133.509412 1.000000 1.000000 1.000000 0.000000
372 0.000000 0.000000 0.000000
373 1 30.130932 98.448838 109.999017 1.000000 1.000000 1.000000 0.000000
373 0.000000 0.000000 0.000000
374 1 16.804160 6.837291 14.325095 1.000000 1.000000 1.000000 0.000000
374 0.000000 0.000000 0.000000
375 1 97.734478 57.231585 162.528145 1.000000 1.000000 1.000000 0.000000
375 0.000000 0.000000 0.000000
376 1 67.884486 19.280184 162.550017 1.000000 1.000000 1.000000 0.000000
376 0.000000 0.000000 0.000000
377 1 22.218714 52.079949 101.695545 1.000000 1.000000 1.000000 0.000000
377 0.000000 0.000000 0.000000
378 1 10.292521 83.537859 54.264156 1.000000 1.000000 1.000000 0.000000
378 0.000000 0.000000 0.000000
379 1 72.449347 98.072707 69.500857 1.000000 1.000000 1.000000 0.000000
379 0.000000 0.000000 0.000000
380 1 77.515393 71.146545 58.720708 1.000000 1.000000 1.000000 0.000000
380 0.000000 0.000000 0.000000
381 1 3.009392 18.576340 80.379861 1.000000 1.000000 1.000000 0.000000
381 0.000000 0.000000 0.000000
382 1 49.674106 79.640818 161.548212 1.000000 1.000000 1.000000 0.000000
382 0.000000 0.000000 0.000000
383 1 7.312952 32.075147 160.274367 1.000000 1.000000 1.000000 0.000000
383 0.000000 0.000000 0.000000
384 1 19.379611 77.083040 103.018372 1.000000 1.000000 1.000000 0.000000
384 0.000000 0.000000 0.000000
385 1 11.299951 96.757620 143.279464 1.000000 1.000000 1.000000 0.000000
385 0.000000 0.000000 0.000000
386 1 25.281669 32.928808 58.938257 1.000000 1.000000 1.000000 0.000000
386 0.000000 0.000000 0.000000
387 1 8.983561 79.297501 192.463164 1.000000 1.000000 1.000000 0.000000
387 0.000000 0.000000 0.000000
388 1 62.795804 79.207670 186.856292 1.000000 1.000000 1.000000 0.000000
388 0.000000 0.000000 0.000000
389 1 97.990962 74.174136 184.679800 1.000000 1.000000 1.000000 0.000000
389 0.000000 0.000000 0.000000
390 1 47.838527 94.624801 44.189075 1.000000 1.000000 1.000000 0.000000
390 0.000000 0.000000 0.000000
391 1 44.706644 78.650084 61.113445 1.000000 1.000000 1.000000 0.000000
391 0.000000 0.000000 0.000000
392 1 49.617586 91.099397 84.800264 1.000000 1.000000 1.000000 0.000000
392 0.000000 0.000000 0.000000
393 1 94.031857 96.910047 116.330177 1.000000 1.000000 1.000000 0.000000
393 0.000000 0.000000 0.000000
394 1 38.915986 89.656700 159.018340 1.000000 1.000000 1.000000 0.000000
394 0.000000 0.000000 0.000000
395 1 53.560352 60.741051 5.031591 1.000000 1.000000 1.000000 0.000000
395 0.000000 0.000000 0.000000
396 1 32.176295 39.812172 19.714879 1.000000 1.000000 1.000000 0.000000
396 0.000000 0.000000 0.000000
397 1 41.775126 65.380262 82.551438 1.000000 1.000000 1.000000 0.000000
397 0.000000 0.000000 0.000000
398 1 52.518419 1.591516 22.200562 1.000000 1.000000 1.000000 0.000000
398 0.000000 0.000000 0.000000
399 1 60.242742 76.084965 31.762717 1.000000 1.000000 1.000000 0.000000
399 0.000000 0.000000 0.000000
400 1 33.021571 50.958148 22.065256 1.000000 1.000000 1.000000 0.000000
400 0.000000 0.000000 0.000000
401 1 77.637175 24.030825 60.222855 1.000000 1.000000 1.000000 0.000000
401 0.000000 0.000000 0.000000
402 1 67.608765 56.261982 172.250484 1.000000 1.000000 1.000000 0.000000
402 0.000000 0.000000 0.000000
403 1 46.491042 77.866715 136.417016 1.000000 1.000000 1.000000 0.000000
403 0.000000 0.000000 0.000000
404 1 10.088838 14.226058 85.879011 1.000000 1.000000 1.000000 0.000000
404 0.000000 0.000000 0.000000
405 1 77.097500 47.844489 39.549839 1.000000 1.000000 1.000000 0.000000
405 0.000000 0.000000 0.000000
406 1 11.322942 63.445183 128.550791 1.000000 1.000000 1.000000 0.000000
406 0.000000 0.000000 0.000000
407 1 78.002222 97.425869 3.244739 1.000000 1.000000 1.000000 0.000000
407 0.000000 0.000000 0.000000
408 1 92.836821 48.210397 67.798642 1.000000 1.000000 1.000000 0.000000
408 0.000000 0.000000 0.000000
409 1 31.837953 99.033517 140.428850 1.000000 1.000000 1.000000 0.000000
409 0.000000 0.000000 0.000000
410 1 20.489235 28.822856 124.782256 1.000000 1.000000 1.000000 0.000000
410 0.000000 0.000000 0.000000
411 1 40.669061 48.435934 51.900977 1.000000 1.000000 1.000000 0.000000
411 0.000000 0.000000 0.000000
412 1 75.359744 2.779257 143.351132 1.000000 1.000000 1.000000 0.000000
412 0.000000 0.000000 0.000000
413 1 78.991494 3.818922 20.667328 1.000000 1.000000 1.000000 0.000000
413 0.000000 0.000000 0.000000
414 1 5.112069 91.707570 59.587912 1.000000 1.000000 1.000000 0.000000
414 0.000000 0.000000 0.000000
415 1 92.875998 91.788910 68.490930 1.000000 1.000000 1.000000 0.000000
415 0.000000 0.000000 0.000000
416 1 33.625264 12.813725 194.457189 1.000000 1.000000 1.000000 0.000000
416 0.000000 0.000000 0.000000
417 1 4.801146 42.165415 138.752819 1.000000 1.000000 1.000000 0.000000
417 0.000000 0.000000 0.000000
418 1 17.983151 5.725572 35.146019 1.000000 1.000000 1.000000 0.000000
418 0.000000 0.000000 0.000000
419 1 87.323531 71.717733 84.609445 1.000000 1.000000 1.000000 0.000000
419 0.000000 0.000000 0.000000
420 1 94.686887 15.704589 88.798098 1.000000 1.000000 1.000000 0.000000
420 0.000000 0.000000 0.000000
421 1 26.815591 96.373675 176.659057 1.000000 1.000000 1.000000 0.000000
421 0.000000 0.000000 0.000000
422 1 91.102650 49.095321 193.474192 1.000000 1.000000 1.000000 0.000000
422 0.000000 0.000000 0.000000
423 1 48.421352 14.211253 86.981645 1.000000 1.000000 1.000000 0.000000
423 0.000000 0.000000 0.000000
424 1 10.401181 29.163103 165.658304 1.000000 1.000000 1.000000 0.000000
424 0.000000 0.000000 0.000000
425 1 76.913255 47.179822 189.720015 1.000000 1.000000 1.000000 0.000000
425 0.000000 0.000000 0.000000
426 1 50.087203 90.343176 186.190785 1.000000 1.000000 1.000000 0.000000
426 0.000000 0.000000 0.000000
427 1 17.549506 96.309009 164.711090 1.000000 1.000000 1.000000 0.000000
427 0.000000 0.000000 0.000000
428 1 82.768898 33.095336 61.928812 1.000000 1.000000 1.000000 0.000000
428 0.000000 0.000000 0.000000
429 1 67.876442 82.887885 171.643736 1.000000 1.000000 1.000000 0.000000
429 0.000000 0.000000 0.000000
430 1 1.213171 64.620800 10.935083 1.000000 1.000000 1.000000 0.000000
430 0.000000 0.000000 0.000000
431 1 38.363468 35.049811 73.758330 1.000000 1.000000 1.000000 0.000000
431 0.000000 0.000000 0.000000
432 1 50.634184 99.666930 59.985822 1.000000 1.000000 1.000000 0.000000
432 0.000000 0.000000 0.000000
433 1 91.169988 32.960578 153.756098 1.000000 1.000000 1.000000 0.000000
433 0.000000 0.000000 0.000000
434 1 81.165198 45.802743 94.714062 1.000000 1.000000 1.000000 0.000000
434 0.000000 0.000000 0.000000
435 1 37.023080 80.322852 179.669497 1.000000 1.000000 1.000000 0.000000
435 0.000000 0.000000 0.000000
436 1 21.871455 40.185073 65.476463 1.000000 1.000000 1.000000 0.000000
436 0.000000 0.000000 0.000000
437 1 12.836380 6.067357 180.322115 1.000000 1.000000 1.000000 0.000000
437 0.000000 0.000000 0.000000
438 1 91.952177 77.225189 135.324330 1.000000 1.000000 1.000000 0.000000
438 0.000000 0.000000 0.000000
439 1 46.419752 66.358611 107.481734 1.000000 1.000000 1.000000 0.000000
439 0.000000 0.000000 0.000000
440 1 34.022538 59.126863 82.093257 1.000000 1.000000 1.000000 0.000000
440 0.000000 0.000000 0.000000
441 1 86.899787 56.176682 130.090892 1.000000 1.000000 1.000000 0.000000
441 0.000000 0.000000 0.000000
442 1 86.484575 77.113562 119.638392 1.000000 1.000000 1.000000 0.000000
442 0.000000 0.000000 0.000000
443 1 28.427068 83.672748 152.339927 1.000000 1.000000 1.000000 0.000000
443 0.000000 0.000000 0.000000
444 1 95.364643 80.341060 49.529087 1.000000 1.000000 1.000000 0.000000
444 0.000000 0.000000 0.000000
445 1 8.148647 69.164624 58.296998 1.000000 1.000000 1.000000 0.000000
445 0.000000 0.000000 0.000000
446 1 20.850344 55.454135 81.977741 1.000000 1.000000 1.000000 0.000000
446 0.000000 0.000000 0.000000
447 1 25.158975 80.925851 100.071901 1.000000 1.000000 1.000000 0.000000
447 0.000000 0.000000 0.000000
448 1 80.184138 72.046686 107.523423 1.000000 1.000000 1.000000 0.000000
448 0.000000 0.000000 0.000000
449 1 29.861328 8.320345 99.025307 1.000000 1.000000 1.000000 0.000000
449 0.000000 0.000000 0.000000
450 1 35.257894 59.669928 197.491033 1.000000 1.000000 1.000000 0.000000
450 0.000000 0.000000 0.000000
451 1 53.183640 22.950537 14.025227 1.000000 1.000000 1.000000 0.000000
451 0.000000 0.000000 0.000000
452 1 4.986599 1.685729 54.130433 1.000000 1.000000 1.000000 0.000000
452 0.000000 0.000000 0.000000
453 1 2.259191 1.467583 18.478107 1.000000 1.000000 1.000000 0.000000
453 0.000000 0.000000 0.000000
454 1 26.645696 70.094350 131.955610 1.000000 1.000000 1.000000 0.000000
454 0.000000 0.000000 0.000000
455 1 74.681420 41.823956 120.446809 1.000000 1.000000 1.000000 0.000000
455 0.000000 0.000000 0.000000
456 1 97.169203 7.343874 94.149897 1.000000 1.000000 1.000000 0.000000
456 0.000000 0.000000 0.000000
457 1 83.265897 28.337914 188.989395 1.000000 1.000000 1.000000 0.000000
457 0.000000 0.000000 0.000000
458 1 41.672504 98.836031 98.472878 1.000000 1.000000 1.000000 0.000000
458 0.000000 0.000000 0.000000
459 1 87.432462 54.942252 103.963704 1.000000 1.000000 1.000000 0.000000
459 0.000000 0.000000 0.000000
460 1 1.144166 21.976568 38.260972 1.000000 1.000000 1.000000 0.000000
460 0.000000 0.000000 0.000000
461 1 26.643514 95.364803 4.202312 1.000000 1.000000 1.000000 0.000000
461 0.000000 0.000000 0.000000
462 1 20.471029 94.394103 191.716429 1.000000 1.000000 1.000000 0.000000
462 0.000000 0.000000 0.000000
463 1 16.724090 43.377768 144.242432 1.000000 1.000000 1.000000 0.000000
463 0.000000 0.000000 0.000000
464 1 19.297086 31.703463 43.746084 1.000000 1.000000 1.000000 0.000000
464 0.000000 0.000000 0.000000
465 1 12.077713 81.042416 53.262332 1.000000 1.000000 1.000000 0.000000
465 0.000000 0.000000 0.000000
466 1 59.556082 58.987624 184.001681 1.000000 1.000000 1.000000 0.000000
466 0.000000 0.000000 0.000000
467 1 24.636829 81.959978 172.077491 1.000000 1.000000 1.000000 0.000000
467 0.000000 0.000000 0.000000
468 1 57.218188 91.056531 94.738407 1.000000 1.000000 1.000000 0.000000
468 0.000000 0.000000 0.000000
469 1 46.439472 93.612659 0.736427 1.000000 1.000000 1.000000 0.000000
469 0.000000 0.000000 0.000000
470 1 37.224354 2.567236 159.266440 1.000000 1.000000 1.000000 0.000000
470 0.000000 0.000000 0.000000
471 1 72.748361 67.791749 93.916917 1.000000 1.000000 1.000000 0.000000
471 0.000000 0.000000 0.000000
472 1 95.197582 18.456490 152.472845 1.000000 1.000000 1.000000 0.000000
472 0.000000 0.000000 0.000000
473 1 14.838675 50.736172 42.096317 1.000000 1.000000 1.000000 0.000000
473 0.000000 0.000000 0.000000
474 1 21.772470 46.214639 188.270198 1.000000 1.000000 1.000000 0.000000
474 0.000000 0.000000 0.000000
475 1 33.191886 96.341199 76.823311 1.000000 1.000000 1.000000 0.000000
475 0.000000 0.000000 0.000000
476 1 55.418361 67.800015 102.194211 1.000000 1.000000 1.000000 0.000000
476 0.000000 0.000000 0.000000
477 1 81.138129 92.834274 0.589641 1.000000 1.000000 1.000000 0.000000
477 0.000000 0.000000 0.000000
478 1 99.113584 75.985600 80.875794 1.000000 1.000000 1.000000 0.000000
478 0.000000 0.000000 0.000000
479 1 66.749498 89.029996 177.272647 1.000000 1.000000 1.000000 0.000000
479 0.000000 0.000000 0.000000
480 1 6.522708 5.775672 71.357828 1.000000 1.000000 1.000000 0.000000
480 0.000000 0.000000 0.000000
481 1 72.740887 5.478258 172.474759 1.000000 1.000000 1.000000 0.000000
481 0.000000 0.000000 0.000000
482 1 85.539724 76.659461 89.463874 1.000000 1.000000 1.000000 0.000000
482 0.000000 0.000000 0.000000
483 1 97.678362 45.475352 36.604850 1.000000 1.000000 1.000000 0.000000
483 0.000000 0.000000 0.000000
484 1 88.829517 84.244023 29.551777 1.000000 1.000000 1.000000 0.000000
484 0.000000 0.000000 0.000000
485 1 8.019247 22.221379 177.043084 1.000000 1.000000 1.000000 0.000000
485 0.000000 0.000000 0.000000
486 1 32.496572 2.622052 89.860099 1.000000 1.000000 1.000000 0.000000
486 0.000000 0.000000 0.000000
487 1 48.836991 61.052538 192.391732 1.000000 1.000000 1.000000 0.000000
487 0.000000 0.000000 0.000000
488 1 8.976574 51.313093 100.299034 1.000000 1.000000 1.000000 0.000000
488 0.000000 0.000000 0.000000
489 1 1.279120 40.954344 31.779011 1.000000 1.000000 1.000000 0.000000
489 0.000000 0.000000 0.000000
490 1 64.056044 44.858049 179.659359 1.000000 1.000000 1.000000 0.000000
490 0.000000 0.000000 0.000000
491 1 53.708232 79.310560 65.411434 1.000000 1.000000 1.000000 0.000000
491 0.000000 0.000000 0.000000
492 1 65.405015 30.999276 198.882221 1.000000 1.000000 1.000000 0.000000
492 0.000000 0.000000 0.000000
493 1 14.339478 74.458675 20.253970 1.000000 1.000000 1.000000 0.000000
493 0.000000 0.000000 0.000000
494 1 60.777978 95.501065 35.011146 1.000000 1.000000 1.000000 0.000000
494 0.000000 0.000000 0.000000
495 1 19.874679 79.339403 198.611094 1.000000 1.000000 1.000000 0.000000
495 0.000000 0.000000 0.000000
496 1 57.110271 36.537884 179.745878 1.000000 1.000000 1.000000 0.000000
496 0.000000 0.000000 0.000000
497 1 92.464331 55.672199 24.451995 1.000000 1.000000 1.000000 0.000000
497 0.000000 0.000000 0.000000
498 1 7.294679 60.712527 165.642653 1.000000 1.000000 1.000000 0.000000
498 0.000000 0.000000 0.000000
499 1 4.216608 11.079263 69.584768 1.000000 1.000000 1.000000 0.000000
499 0.000000 0.000000 0.000000
