RESTART FILE
Timestep: 1000

NUMBER OF PARTICLES
500

SIMULATION BOX
100 100 200

TIMESTEP
0.1

ATTRACTION RADIUS
1
0 

AGGREGATES/BEADS
0 1 67.603922 95.405049 47.626442 1.000000 1.000000 1.000000 0.000000
0 0.000000 0.000000 0.000000
1 1 74.733469 90.845773 149.942511 1.000000 1.000000 1.000000 0.000000
1 0.000000 0.000000 0.000000
2 1 30.717241 99.041814 14.138815 1.000000 1.000000 1.000000 0.000000
2 0.000000 0.000000 0.000000
3 1 87.158134 80.762504 143.545644 1.000000 1.000000 1.000000 0.000000
3 0.000000 0.000000 0.000000
4 1 37.543265 75.494827 94.717002 1.000000 1.000000 1.000000 0.000000
4 0.000000 0.000000 0.000000
5 1 33.506582 65.589282 165.106087 1.000000 1.000000 1.000000 0.000000
5 0.000000 0.000000 0.000000
6 1 99.259494 6.541085 197.195010 1.000000 1.000000 1.000000 0.000000
6 0.000000 0.000000 0.000000
7 1 55.277005 14.462788 135.086490 1.000000 1.000000 1.000000 0.000000
7 0.000000 0.000000 0.000000
8 1 58.871646 1.027041 96.333907 1.000000 1.000000 1.000000 0.000000
8 0.000000 0.000000 0.000000
9 1 38.997653 37.742703 48.814974 1.000000 1.000000 1.000000 0.000000
9 0.000000 0.000000 0.000000
10 1 66.044527 82.517412 48.793101 1.000000 1.000000 1.000000 0.000000
10 0.000000 0.000000 0.000000
11 1 35.643669 54.587595 31.271005 1.000000 1.000000 1.000000 0.000000
11 0.000000 0.000000 0.000000
12 1 74.053963 85.589674 86.152041 1.000000 1.000000 1.000000 0.000000
12 0.000000 0.000000 0.000000
13 1 47.447136 72.427606 43.708085 1.000000 1.000000 1.000000 0.000000
13 0.000000 0.000000 0.000000
14 1 29.383260 43.680986 37.245054 1.000000 1.000000 1.000000 0.000000
14 0.000000 0.000000 0.000000
15 1 40.982163 59.500468 193.749351 1.000000 1.000000 1.000000 0.000000
15 0.000000 0.000000 0.000000
16 1 46.362804 40.773521 197.091784 1.000000 1.000000 1.000000 0.000000
16 0.000000 0.000000 0.000000
17 1 99.341390 77.020532 97.206882 1.000000 1.000000 1.000000 0.000000
17 0.000000 0.000000 0.000000
18 1 78.710703 96.185599 167.818171 1.000000 1.000000 1.000000 0.000000
18 0.000000 0.000000 0.000000
19 1 46.583778 46.403784 165.858671 1.000000 1.000000 1.000000 0.000000
19 0.000000 0.000000 0.000000
20 1 67.309917 1.676632 128.264056 1.000000 1.000000 1.000000 0.000000
20 0.000000 0.000000 0.000000
21 1 88.003282 39.899879 33.724371 1.000000 1.000000 1.000000 0.000000
21 0.000000 0.000000 0.000000
22 1 62.969760 33.119672 170.595857 1.000000 1.000000 1.000000 0.000000
22 0.000000 0.000000 0.000000
23 1 77.635112 55.517039 124.829301 1.000000 1.000000 1.000000 0.000000
23 0.000000 0.000000 0.000000
24 1 38.223785 34.192856 78.378454 1.000000 1.000000 1.000000 0.000000
24 0.000000 0.000000 0.000000
25 1 82.670119 1.830907 84.965352 1.000000 1.000000 1.000000 0.000000
25 0.000000 0.000000 0.000000
26 1 81.292393 23.164259 39.630796 1.000000 1.000000 1.000000 0.000000
26 0.000000 0.000000 0.000000
27 1 84.131616 70.191716 22.861710 1.000000 1.000000 1.000000 0.000000
27 0.000000 0.000000 0.000000
28 1 56.399469 8.564474 74.257159 1.000000 1.000000 1.000000 0.000000
28 0.000000 0.000000 0.000000
29 1 27.204082 31.541432 11.567427 1.000000 1.000000 1.000000 0.000000
29 0.000000 0.000000 0.000000
30 1 47.393251 24.294227 198.048181 1.000000 1.000000 1.000000 0.000000
30 0.000000 0.000000 0.000000
31 1 5.257940 61.837306 32.141422 1.000000 1.000000 1.000000 0.000000
31 0.000000 0.000000 0.000000
32 1 89.606444 57.628395 172.515598 1.000000 1.000000 1.000000 0.000000
32 0.000000 0.000000 0.000000
33 1 84.882306 54.943812 36.540376 1.000000 1.000000 1.000000 0.000000
33 0.000000 0.000000 0.000000
34 1 15.265120 2.935535 54.286495 1.000000 1.000000 1.000000 0.000000
34 0.000000 0.000000 0.000000
35 1 49.700401 99.655448 22.087958 1.000000 1.000000 1.000000 0.000000
35 0.000000 0.000000 0.000000
36 1 85.303865 86.106405 25.689942 1.000000 1.000000 1.000000 0.000000
36 0.000000 0.000000 0.000000
37 1 0.702342 99.714217 126.042797 1.000000 1.000000 1.000000 0.000000
37 0.000000 0.000000 0.000000
38 1 64.409038 57.464796 77.793479 1.000000 1.000000 1.000000 0.000000
38 0.000000 0.000000 0.000000
39 1 49.880238 32.790621 10.585486 1.000000 1.000000 1.000000 0.000000
39 0.000000 0.000000 0.000000
40 1 96.774703 6.507000 70.131533 1.000000 1.000000 1.000000 0.000000
40 0.000000 0.000000 0.000000
41 1 50.148027 53.007382 83.324780 1.000000 1.000000 1.000000 0.000000
41 0.000000 0.000000 0.000000
42 1 28.903236 46.251776 118.050793 1.000000 1.000000 1.000000 0.000000
42 0.000000 0.000000 0.000000
43 1 52.392592 86.145465 29.081277 1.000000 1.000000 1.000000 0.000000
43 0.000000 0.000000 0.000000
44 1 62.221192 67.707607 109.560540 1.000000 1.000000 1.000000 0.000000
44 0.000000 0.000000 0.000000
45 1 15.554700 86.610989 55.756241 1.000000 1.000000 1.000000 0.000000
45 0.000000 0.000000 0.000000
46 1 19.121039 84.617753 52.154526 1.000000 1.000000 1.000000 0.000000
46 0.000000 0.000000 0.000000
47 1 25.676201 65.544749 9.965626 1.000000 1.000000 1.000000 0.000000
47 0.000000 0.000000 0.000000
48 1 41.918774 24.867172 26.342665 1.000000 1.000000 1.000000 0.000000
48 0.000000 0.000000 0.000000
49 1 95.871075 36.531068 27.694647 1.000000 1.000000 1.000000 0.000000
49 0.000000 0.000000 0.000000
50 1 2.504544 75.402351 23.121176 1.000000 1.000000 1.000000 0.000000
50 0.000000 0.000000 0.000000
51 1 30.138937 17.412047 111.019329 1.000000 1.000000 1.000000 0.000000
51 0.000000 0.000000 0.000000
52 1 64.556393 88.310588 148.424710 1.000000 1.000000 1.000000 0.000000
52 0.000000 0.000000 0.000000
53 1 67.884821 73.262535 85.145599 1.000000 1.000000 1.000000 0.000000
53 0.000000 0.000000 0.000000
54 1 37.451429 55.205146 45.229781 1.000000 1.000000 1.000000 0.000000
54 0.000000 0.000000 0.000000
55 1 62.467040 82.147531 104.422763 1.000000 1.000000 1.000000 0.000000
55 0.000000 0.000000 0.000000
56 1 99.510141 55.891862 5.173543 1.000000 1.000000 1.000000 0.000000
56 0.000000 0.000000 0.000000
57 1 45.571129 96.125005 143.012403 1.000000 1.000000 1.000000 0.000000
57 0.000000 0.000000 0.000000
58 1 39.482936 45.672940 58.485106 1.000000 1.000000 1.000000 0.000000
58 0.000000 0.000000 0.000000
59 1 65.573819 12.218954 198.928073 1.000000 1.000000 1.000000 0.000000
59 0.000000 0.000000 0.000000
60 1 0.436236 42.780476 31.696536 1.000000 1.000000 1.000000 0.000000
60 0.000000 0.000000 0.000000
61 1 71.434810 88.618063 168.506609 1.000000 1.000000 1.000000 0.000000
61 0.000000 0.000000 0.000000
62 1 29.806907 17.501164 118.456296 1.000000 1.000000 1.000000 0.000000
62 0.000000 0.000000 0.000000
63 1 18.692270 92.351224 51.220553 1.000000 1.000000 1.000000 0.000000
63 0.000000 0.000000 0.000000
64 1 18.249807 77.329085 74.610696 1.000000 1.000000 1.000000 0.000000
64 0.000000 0.000000 0.000000
65 1 80.932641 81.417228 83.918506 1.000000 1.000000 1.000000 0.000000
65 0.000000 0.000000 0.000000
66 1 85.850192 68.971297 198.889191 1.000000 1.000000 1.000000 0.000000
66 0.000000 0.000000 0.000000
67 1 74.556924 49.969995 9.292977 1.000000 1.000000 1.000000 0.000000
67 0.000000 0.000000 0.000000
68 1 98.674673 48.008575 146.651712 1.000000 1.000000 1.000000 0.000000
68 0.000000 0.000000 0.000000
69 1 91.904041 60.830359 180.375558 1.000000 1.000000 1.000000 0.000000
69 0.000000 0.000000 0.000000
70 1 57.631976 63.547784 126.328298 1.000000 1.000000 1.000000 0.000000
70 0.000000 0.000000 0.000000
71 1 49.547420 81.248584 4.290403 1.000000 1.000000 1.000000 0.000000
71 0.000000 0.000000 0.000000
72 1 93.300114 89.891205 86.593896 1.000000 1.000000 1.000000 0.000000
72 0.000000 0.000000 0.000000
73 1 43.630215 64.924382 74.346497 1.000000 1.000000 1.000000 0.000000
73 0.000000 0.000000 0.000000
74 1 32.176925 99.329195 47.569085 1.000000 1.000000 1.000000 0.000000
74 0.000000 0.000000 0.000000
75 1 81.375447 48.612064 96.635202 1.000000 1.000000 1.000000 0.000000
75 0.000000 0.000000 0.000000
76 1 77.409906 36.736048 26.100808 1.000000 1.000000 1.000000 0.000000
76 0.000000 0.000000 0.000000
77 1 61.250094 55.053003 41.980620 1.000000 1.000000 1.000000 0.000000
77 0.000000 0.000000 0.000000
78 1 76.677030 20.760428 179.591165 1.000000 1.000000 1.000000 0.000000
78 0.000000 0.000000 0.000000
79 1 1.282917 82.100895 5.591726 1.000000 1.000000 1.000000 0.000000
79 0.000000 0.000000 0.000000
80 1 57.755443 57.563788 47.983642 1.000000 1.000000 1.000000 0.000000
80 0.000000 0.000000 0.000000
81 1 88.663160 8.932610 0.063692 1.000000 1.000000 1.000000 0.000000
81 0.000000 0.000000 0.000000
82 1 43.163109 96.588546 128.720303 1.000000 1.000000 1.000000 0.000000
82 0.000000 0.000000 0.000000
83 1 47.825763 93.864408 169.744183 1.000000 1.000000 1.000000 0.000000
83 0.000000 0.000000 0.000000
84 1 66.255626 30.618200 159.167130 1.000000 1.000000 1.000000 0.000000
84 0.000000 0.000000 0.000000
85 1 45.372325 42.791868 86.551574 1.000000 1.000000 1.000000 0.000000
85 0.000000 0.000000 0.000000
86 1 97.744774 29.207382 95.894896 1.000000 1.000000 1.000000 0.000000
86 0.000000 0.000000 0.000000
87 1 87.932439 39.185624 86.546540 1.000000 1.000000 1.000000 0.000000
87 0.000000 0.000000 0.000000
88 1 19.856823 71.023210 174.300611 1.000000 1.000000 1.000000 0.000000
88 0.000000 0.000000 0.000000
89 1 3.940963 54.152761 118.677344 1.000000 1.000000 1.000000 0.000000
89 0.000000 0.000000 0.000000
90 1 16.039027 79.966596 58.931902 1.000000 1.000000 1.000000 0.000000
90 0.000000 0.000000 0.000000
91 1 3.556099 14.029779 185.144023 1.000000 1.000000 1.000000 0.000000
91 0.000000 0.000000 0.000000
92 1 28.766838 51.848864 77.341920 1.000000 1.000000 1.000000 0.000000
92 0.000000 0.000000 0.000000
93 1 44.955879 58.738330 178.499406 1.000000 1.000000 1.000000 0.000000
93 0.000000 0.000000 0.000000
94 1 77.982096 95.300191 91.207468 1.000000 1.000000 1.000000 0.000000
94 0.000000 0.000000 0.000000
95 1 81.630861 33.103534 45.644147 1.000000 1.000000 1.000000 0.000000
95 0.000000 0.000000 0.000000
96 1 79.069421 19.125014 2.937167 1.000000 1.000000 1.000000 0.000000
96 0.000000 0.000000 0.000000
97 1 42.132549 12.438031 39.510599 1.000000 1.000000 1.000000 0.000000
97 0.000000 0.000000 0.000000
98 1 67.970960 56.130007 60.508720 1.000000 1.000000 1.000000 0.000000
98 0.000000 0.000000 0.000000
99 1 58.788483 0.397289 72.419674 1.000000 1.000000 1.000000 0.000000
99 0.000000 0.000000 0.000000
100 1 78.336672 3.496732 189.093260 1.000000 1.000000 1.000000 0.000000
100 0.000000 0.000000 0.000000
101 1 43.703797 91.847679 110.789314 1.000000 1.000000 1.000000 0.000000
101 0.000000 0.000000 0.000000
102 1 24.132373 79.765382 132.404053 1.000000 1.000000 1.000000 0.000000
102 0.000000 0.000000 0.000000
103 1 46.220004 42.077589 151.497636 1.000000 1.000000 1.000000 0.000000
103 0.000000 0.000000 0.000000
104 1 68.159914 77.159467 97.841762 1.000000 1.000000 1.000000 0.000000
104 0.000000 0.000000 0.000000
105 1 44.267112 50.988700 180.033652 1.000000 1.000000 1.000000 0.000000
105 0.000000 0.000000 0.000000
106 1 93.408544 30.583564 188.777144 1.000000 1.000000 1.000000 0.000000
106 0.000000 0.000000 0.000000
107 1 88.498390 97.289572 65.508418 1.000000 1.000000 1.000000 0.000000
107 0.000000 0.000000 0.000000
108 1 28.103303 40.834609 181.163732 1.000000 1.000000 1.000000 0.000000
108 0.000000 0.000000 0.000000
109 1 20.585601 50.153815 164.327914 1.000000 1.000000 1.000000 0.000000
109 0.000000 0.000000 0.000000
110 1 15.022108 29.037366 11.934252 1.000000 1.000000 1.000000 0.000000
110 0.000000 0.000000 0.000000
111 1 4.375947 81.081834 75.365712 1.000000 1.000000 1.000000 0.000000
111 0.000000 0.000000 0.000000
112 1 18.877600 96.915057 73.848477 1.000000 1.000000 1.000000 0.000000
112 0.000000 0.000000 0.000000
113 1 27.187653 64.936595 135.449481 1.000000 1.000000 1.000000 0.000000
113 0.000000 0.000000 0.000000
114 1 84.383789 3.763582 130.065649 1.000000 1.000000 1.000000 0.000000
114 0.000000 0.000000 0.000000
115 1 3.815115 28.692138 144.567466 1.000000 1.000000 1.000000 0.000000
115 0.000000 0.000000 0.000000
116 1 73.302107 77.833705 118.784944 1.000000 1.000000 1.000000 0.000000
116 0.000000 0.000000 0.000000
117 1 22.493698 62.190691 191.746247 1.000000 1.000000 1.000000 0.000000
117 0.000000 0.000000 0.000000
118 1 28.323829 96.931730 52.380999 1.000000 1.000000 1.000000 0.000000
118 0.000000 0.000000 0.000000
119 1 19.746270 42.933235 166.148971 1.000000 1.000000 1.000000 0.000000
119 0.000000 0.000000 0.000000
120 1 14.298506 61.204636 0.117259 1.000000 1.000000 1.000000 0.000000
120 0.000000 0.000000 0.000000
121 1 50.701572 29.239816 75.696956 1.000000 1.000000 1.000000 0.000000
121 0.000000 0.000000 0.000000
122 1 43.862202 23.623754 180.835183 1.000000 1.000000 1.000000 0.000000
122 0.000000 0.000000 0.000000
123 1 15.649365 70.471971 16.325870 1.000000 1.000000 1.000000 0.000000
123 0.000000 0.000000 0.000000
124 1 57.985576 81.610030 4.440087 1.000000 1.000000 1.000000 0.000000
124 0.000000 0.000000 0.000000
125 1 78.297528 40.238426 66.688566 1.000000 1.000000 1.000000 0.000000
125 0.000000 0.000000 0.000000
126 1 1.309918 63.602574 85.852876 1.000000 1.000000 1.000000 0.000000
126 0.000000 0.000000 0.000000
127 1 60.932682 54.867178 168.362886 1.000000 1.000000 1.000000 0.000000
127 0.000000 0.000000 0.000000
128 1 78.059117 47.989481 140.279276 1.000000 1.000000 1.000000 0.000000
128 0.000000 0.000000 0.000000
129 1 60.676907 49.575437 162.023079 1.000000 1.000000 1.000000 0.000000
129 0.000000 0.000000 0.000000
130 1 91.841478 97.647989 140.729433 1.000000 1.000000 1.000000 0.000000
130 0.000000 0.000000 0.000000
131 1 32.537262 18.324772 98.186665 1.000000 1.000000 1.000000 0.000000
131 0.000000 0.000000 0.000000
132 1 37.263246 45.477230 26.081363 1.000000 1.000000 1.000000 0.000000
132 0.000000 0.000000 0.000000
133 1 45.852656 6.406603 60.685366 1.000000 1.000000 1.000000 0.000000
133 0.000000 0.000000 0.000000
134 1 80.492130 54.640367 55.323804 1.000000 1.000000 1.000000 0.000000
134 0.000000 0.000000 0.000000
135 1 83.642118 9.419985 2.641689 1.000000 1.000000 1.000000 0.000000
135 0.000000 0.000000 0.000000
136 1 23.405999 48.382073 82.239707 1.000000 1.000000 1.000000 0.000000
136 0.000000 0.000000 0.000000
137 1 22.695565 81.373753 164.649722 1.000000 1.000000 1.000000 0.000000
137 0.000000 0.000000 0.000000
138 1 66.170622 72.841758 46.245636 1.000000 1.000000 1.000000 0.000000
138 0.000000 0.000000 0.000000
139 1 31.175180 35.148708 164.844613 1.000000 1.000000 1.000000 0.000000
139 0.000000 0.000000 0.000000
140 1 66.983772 74.589545 178.054283 1.000000 1.000000 1.000000 0.000000
140 0.000000 0.000000 0.000000
141 1 65.464983 93.516963 105.539702 1.000000 1.000000 1.000000 0.000000
141 0.000000 0.000000 0.000000
142 1 12.781242 1.255001 92.218620 1.000000 1.000000 1.000000 0.000000
142 0.000000 0.000000 0.000000
143 1 40.542566 27.133403 162.606929 1.000000 1.000000 1.000000 0.000000
143 0.000000 0.000000 0.000000
144 1 23.343768 61.603963 161.134016 1.000000 1.000000 1.000000 0.000000
144 0.000000 0.000000 0.000000
145 1 87.957410 14.951328 177.549193 1.000000 1.000000 1.000000 0.000000
145 0.000000 0.000000 0.000000
146 1 40.754214 49.968051 47.253509 1.000000 1.000000 1.000000 0.000000
146 0.000000 0.000000 0.000000
147 1 77.127618 38.064569 104.535253 1.000000 1.000000 1.000000 0.000000
147 0.000000 0.000000 0.000000
148 1 34.690998 86.889253 151.161324 1.000000 1.000000 1.000000 0.000000
148 0.000000 0.000000 0.000000
149 1 24.935286 38.004131 102.857935 1.000000 1.000000 1.000000 0.000000
149 0.000000 0.000000 0.000000
150 1 68.075751 22.372962 26.813238 1.000000 1.000000 1.000000 0.000000
150 0.000000 0.000000 0.000000
151 1 20.825820 43.436222 168.370555 1.000000 1.000000 1.000000 0.000000
151 0.000000 0.000000 0.000000
152 1 40.380807 71.786780 118.410098 1.000000 1.000000 1.000000 0.000000
152 0.000000 0.000000 0.000000
153 1 46.072739 82.582594 186.072520 1.000000 1.000000 1.000000 0.000000
153 0.000000 0.000000 0.000000
154 1 93.889742 64.323039 97.025552 1.000000 1.000000 1.000000 0.000000
154 0.000000 0.000000 0.000000
155 1 6.127412 55.162524 12.777589 1.000000 1.000000 1.000000 0.000000
155 0.000000 0.000000 0.000000
156 1 23.981199 78.656647 86.768898 1.000000 1.000000 1.000000 0.000000
156 0.000000 0.000000 0.000000
157 1 42.417912 47.475047 147.489185 1.000000 1.000000 1.000000 0.000000
157 0.000000 0.000000 0.000000
158 1 9.560227 30.757615 156.274461 1.000000 1.000000 1.000000 0.000000
158 0.000000 0.000000 0.000000
159 1 70.121501 19.554072 183.016995 1.000000 1.000000 1.000000 0.000000
159 0.000000 0.000000 0.000000
160 1 99.577887 82.268768 22.642206 1.000000 1.000000 1.000000 0.000000
160 0.000000 0.000000 0.000000
161 1 97.568414 68.443227 114.754414 1.000000 1.000000 1.000000 0.000000
161 0.000000 0.000000 0.000000
162 1 19.820684 7.956217 115.654972 1.000000 1.000000 1.000000 0.000000
162 0.000000 0.000000 0.000000
163 1 27.853522 1.916188 7.296662 1.000000 1.000000 1.000000 0.000000
163 0.000000 0.000000 0.000000
164 1 12.284051 37.932435 167.999606 1.000000 1.000000 1.000000 0.000000
164 0.000000 0.000000 0.000000
165 1 89.332948 26.715914 159.533874 1.000000 1.000000 1.000000 0.000000
165 0.000000 0.000000 0.000000
166 1 72.246512 94.362962 77.429445 1.000000 1.000000 1.000000 0.000000
166 0.000000 0.000000 0.000000
167 1 49.198223 36.604912 27.340426 1.000000 1.000000 1.000000 0.000000
167 0.000000 0.000000 0.000000
168 1 73.653956 81.707793 153.011631 1.000000 1.000000 1.000000 0.000000
168 0.000000 0.000000 0.000000
169 1 42.675461 4.614784 53.657777 1.000000 1.000000 1.000000 0.000000
169 0.000000 0.000000 0.000000
170 1 86.963188 47.499686 161.112545 1.000000 1.000000 1.000000 0.000000
170 0.000000 0.000000 0.000000
171 1 78.466735 95.149206 127.383543 1.000000 1.000000 1.000000 0.000000
171 0.000000 0.000000 0.000000
172 1 15.331127 44.826708 88.248522 1.000000 1.000000 1.000000 0.000000
172 0.000000 0.000000 0.000000
173 1 60.942752 69.893381 84.099417 1.000000 1.000000 1.000000 0.000000
173 0.000000 0.000000 0.000000
174 1 68.475296 79.903813 188.784222 1.000000 1.000000 1.000000 0.000000
174 0.000000 0.000000 0.000000
175 1 27.155941 51.265501 154.321746 1.000000 1.000000 1.000000 0.000000
175 0.000000 0.000000 0.000000
176 1 64.253847 11.662357 77.120649 1.000000 1.000000 1.000000 0.000000
176 0.000000 0.000000 0.000000
177 1 62.668144 52.529476 119.109516 1.000000 1.000000 1.000000 0.000000
177 0.000000 0.000000 0.000000
178 1 35.639001 13.573437 15.195022 1.000000 1.000000 1.000000 0.000000
178 0.000000 0.000000 0.000000
179 1 58.338930 71.709989 98.831516 1.000000 1.000000 1.000000 0.000000
179 0.000000 0.000000 0.000000
180 1 32.691510 35.214585 9.605388 1.000000 1.000000 1.000000 0.000000
180 0.000000 0.000000 0.000000
181 1 30.091253 15.338573 178.149376 1.000000 1.000000 1.000000 0.000000
181 0.000000 0.000000 0.000000
182 1 46.656541 45.772118 43.536849 1.000000 1.000000 1.000000 0.000000
182 0.000000 0.000000 0.000000
183 1 18.808468 88.107502 150.503126 1.000000 1.000000 1.000000 0.000000
183 0.000000 0.000000 0.000000
184 1 94.874663 4.215088 70.029751 1.000000 1.000000 1.000000 0.000000
184 0.000000 0.000000 0.000000
185 1 42.793873 2.757246 165.909333 1.000000 1.000000 1.000000 0.000000
185 0.000000 0.000000 0.000000
186 1 86.827762 28.726818 47.076982 1.000000 1.000000 1.000000 0.000000
186 0.000000 0.000000 0.000000
187 1 18.286778 49.326303 39.911596 1.000000 1.000000 1.000000 0.000000
187 0.000000 0.000000 0.000000
188 1 37.212706 99.176423 188.057189 1.000000 1.000000 1.000000 0.000000
188 0.000000 0.000000 0.000000
189 1 79.651080 87.290762 86.834619 1.000000 1.000000 1.000000 0.000000
189 0.000000 0.000000 0.000000
190 1 83.977690 63.183259 56.436366 1.000000 1.000000 1.000000 0.000000
190 0.000000 0.000000 0.000000
191 1 73.685915 78.944946 92.740774 1.000000 1.000000 1.000000 0.000000
191 0.000000 0.000000 0.000000
192 1 28.699749 76.020205 2.825122 1.000000 1.000000 1.000000 0.000000
192 0.000000 0.000000 0.000000
193 1 31.814370 63.631098 0.907285 1.000000 1.000000 1.000000 0.000000
193 0.000000 0.000000 0.000000
194 1 0.548607 32.759814 190.949845 1.000000 1.000000 1.000000 0.000000
194 0.000000 0.000000 0.000000
195 1 21.609157 13.731125 6.885223 1.000000 1.000000 1.000000 0.000000
195 0.000000 0.000000 0.000000
196 1 41.132822 69.560752 133.062495 1.000000 1.000000 1.000000 0.000000
196 0.000000 0.000000 0.000000
197 1 55.932065 29.355081 123.494176 1.000000 1.000000 1.000000 0.000000
197 0.000000 0.000000 0.000000
198 1 95.227461 79.514681 13.580618 1.000000 1.000000 1.000000 0.000000
198 0.000000 0.000000 0.000000
199 1 26.729401 11.912751 180.709348 1.000000 1.000000 1.000000 0.000000
199 0.000000 0.000000 0.000000
200 1 19.324828 42.065264 173.016104 1.000000 1.000000 1.000000 0.000000
200 0.000000 0.000000 0.000000
201 1 16.351112 45.581161 123.090480 1.000000 1.000000 1.000000 0.000000
201 0.000000 0.000000 0.000000
202 1 82.430546 16.342614 183.042108 1.000000 1.000000 1.000000 0.000000
202 0.000000 0.000000 0.000000
203 1 55.672674 70.594036 16.546334 1.000000 1.000000 1.000000 0.000000
203 0.000000 0.000000 0.000000
204 1 18.079007 99.306206 128.712318 1.000000 1.000000 1.000000 0.000000
204 0.000000 0.000000 0.000000
205 1 33.875589 8.766336 33.013947 1.000000 1.000000 1.000000 0.000000
205 0.000000 0.000000 0.000000
206 1 57.202751 7.030436 185.483363 1.000000 1.000000 1.000000 0.000000
206 0.000000 0.000000 0.000000
207 1 36.089583 80.123576 168.059151 1.000000 1.000000 1.000000 0.000000
207 0.000000 0.000000 0.000000
208 1 16.541531 8.546636 102.678835 1.000000 1.000000 1.000000 0.000000
208 0.000000 0.000000 0.000000
209 1 68.523971 38.729459 121.546707 1.000000 1.000000 1.000000 0.000000
209 0.000000 0.000000 0.000000
210 1 15.926371 36.534333 19.684626 1.000000 1.000000 1.000000 0.000000
210 0.000000 0.000000 0.000000
211 1 48.758898 68.559907 73.203366 1.000000 1.000000 1.000000 0.000000
211 0.000000 0.000000 0.000000
212 1 78.020047 8.181943 109.275401 1.000000 1.000000 1.000000 0.000000
212 0.000000 0.000000 0.000000
213 1 27.035244 14.247023 122.020834 1.000000 1.000000 1.000000 0.000000
213 0.000000 0.000000 0.000000
214 1 2.991806 43.436598 40.790949 1.000000 1.000000 1.000000 0.000000
214 0.000000 0.000000 0.000000
215 1 39.281264 48.202273 44.435459 1.000000 1.000000 1.000000 0.000000
215 0.000000 0.000000 0.000000
216 1 5.093727 57.204232 107.456603 1.000000 1.000000 1.000000 0.000000
216 0.000000 0.000000 0.000000
217 1 45.644835 31.427762 163.544410 1.000000 1.000000 1.000000 0.000000
217 0.000000 0.000000 0.000000
218 1 48.699503 64.899785 147.929325 1.000000 1.000000 1.000000 0.000000
218 0.000000 0.000000 0.000000
219 1 80.799628 76.348886 54.858253 1.000000 1.000000 1.000000 0.000000
219 0.000000 0.000000 0.000000
220 1 67.324530 58.765160 73.894223 1.000000 1.000000 1.000000 0.000000
220 0.000000 0.000000 0.000000
221 1 14.956760 23.223088 174.852447 1.000000 1.000000 1.000000 0.000000
221 0.000000 0.000000 0.000000
222 1 56.903035 22.269353 83.060520 1.000000 1.000000 1.000000 0.000000
222 0.000000 0.000000 0.000000
223 1 90.647048 77.845378 147.906950 1.000000 1.000000 1.000000 0.000000
223 0.000000 0.000000 0.000000
224 1 46.463197 1.937082 186.716254 1.000000 1.000000 1.000000 0.000000
224 0.000000 0.000000 0.000000
225 1 24.363101 25.137489 95.615687 1.000000 1.000000 1.000000 0.000000
225 0.000000 0.000000 0.000000
226 1 11.492391 61.196917 47.419950 1.000000 1.000000 1.000000 0.000000
226 0.000000 0.000000 0.000000
227 1 37.515990 96.862552 1.057430 1.000000 1.000000 1.000000 0.000000
227 0.000000 0.000000 0.000000
228 1 66.313188 60.943414 43.504827 1.000000 1.000000 1.000000 0.000000
228 0.000000 0.000000 0.000000
229 1 50.814758 85.671412 27.327520 1.000000 1.000000 1.000000 0.000000
229 0.000000 0.000000 0.000000
230 1 6.165384 15.787199 5.224709 1.000000 1.000000 1.000000 0.000000
230 0.000000 0.000000 0.000000
231 1 97.530459 80.692879 8.393478 1.000000 1.000000 1.000000 0.000000
231 0.000000 0.000000 0.000000
232 1 92.900239 50.434579 94.134381 1.000000 1.000000 1.000000 0.000000
232 0.000000 0.000000 0.000000
233 1 2.805777 74.229687 28.904394 1.000000 1.000000 1.000000 0.000000
233 0.000000 0.000000 0.000000
234 1 36.581000 14.578441 133.621481 1.000000 1.000000 1.000000 0.000000
234 0.000000 0.000000 0.000000
235 1 8.771193 91.833107 9.928148 1.000000 1.000000 1.000000 0.000000
235 0.000000 0.000000 0.000000
236 1 60.981458 26.405409 187.426581 1.000000 1.000000 1.000000 0.000000
236 0.000000 0.000000 0.000000
237 1 22.326519 74.527856 37.720841 1.000000 1.000000 1.000000 0.000000
237 0.000000 0.000000 0.000000
238 1 17.736582 45.597097 114.588852 1.000000 1.000000 1.000000 0.000000
238 0.000000 0.000000 0.000000
239 1 12.086472 72.882380 136.929451 1.000000 1.000000 1.000000 0.000000
239 0.000000 0.000000 0.000000
240 1 44.190028 51.505141 56.872793 1.000000 1.000000 1.000000 0.000000
240 0.000000 0.000000 0.000000
241 1 0.027790 65.825294 37.778871 1.000000 1.000000 1.000000 0.000000
241 0.000000 0.000000 0.000000
242 1 18.989404 79.477431 48.842190 1.000000 1.000000 1.000000 0.000000
242 0.000000 0.000000 0.000000
243 1 85.131452 60.984730 116.630299 1.000000 1.000000 1.000000 0.000000
243 0.000000 0.000000 0.000000
244 1 3.694924 52.526309 61.041165 1.000000 1.000000 1.000000 0.000000
244 0.000000 0.000000 0.000000
245 1 96.123362 5.370721 9.741106 1.000000 1.000000 1.000000 0.000000
245 0.000000 0.000000 0.000000
246 1 52.426876 96.339007 102.311329 1.000000 1.000000 1.000000 0.000000
246 0.000000 0.000000 0.000000
247 1 18.983973 28.703149 88.266553 1.000000 1.000000 1.000000 0.000000
247 0.000000 0.000000 0.000000
248 1 79.886636 59.091937 65.313449 1.000000 1.000000 1.000000 0.000000
248 0.000000 0.000000 0.000000
249 1 80.051727 5.124798 12.525137 1.000000 1.000000 1.000000 0.000000
249 0.000000 0.000000 0.000000
250 1 96.579548 13.712358 89.518966 1.000000 1.000000 1.000000 0.000000
250 0.000000 0.000000 0.000000
251 1 43.643293 11.740172 132.367964 1.000000 1.000000 1.000000 0.000000
251 0.000000 0.000000 0.000000
252 1 99.841183 44.182902 52.631896 1.000000 1.000000 1.000000 0.000000
252 0.000000 0.000000 0.000000
253 1 91.488869 94.851809 22.446691 1.000000 1.000000 1.000000 0.000000
253 0.000000 0.000000 0.000000
254 1 78.708562 72.336743 176.218658 1.000000 1.000000 1.000000 0.000000
254 0.000000 0.000000 0.000000
255 1 89.108225 29.695428 38.911357 1.000000 1.000000 1.000000 0.000000
255 0.000000 0.000000 0.000000
256 1 52.942446 45.865679 165.434053 1.000000 1.000000 1.000000 0.000000
256 0.000000 0.000000 0.000000
257 1 58.456236 72.787568 22.624120 1.000000 1.000000 1.000000 0.000000
257 0.000000 0.000000 0.000000
258 1 33.110593 79.694453 112.232620 1.000000 1.000000 1.000000 0.000000
258 0.000000 0.000000 0.000000
259 1 45.665411 0.407886 129.932217 1.000000 1.000000 1.000000 0.000000
259 0.000000 0.000000 0.000000
260 1 92.310744 57.631077 171.834474 1.000000 1.000000 1.000000 0.000000
260 0.000000 0.000000 0.000000
261 1 94.785838 63.351587 182.745337 1.000000 1.000000 1.000000 0.000000
261 0.000000 0.000000 0.000000
262 1 55.621495 69.546110 82.738256 1.000000 1.000000 1.000000 0.000000
262 0.000000 0.000000 0.000000
263 1 47.423765 60.911736 196.589841 1.000000 1.000000 1.000000 0.000000
263 0.000000 0.000000 0.000000
264 1 92.322991 35.256596 39.589191 1.000000 1.000000 1.000000 0.000000
264 0.000000 0.000000 0.000000
265 1 63.337243 53.817018 62.852715 1.000000 1.000000 1.000000 0.000000
265 0.000000 0.000000 0.000000
266 1 12.474909 94.845538 157.408934 1.000000 1.000000 1.000000 0.000000
266 0.000000 0.000000 0.000000
267 1 57.520484 61.362997 128.563934 1.000000 1.000000 1.000000 0.000000
267 0.000000 0.000000 0.000000
268 1 98.135145 64.794266 180.485436 1.000000 1.000000 1.000000 0.000000
268 0.000000 0.000000 0.000000
269 1 46.190736 35.720890 111.305028 1.000000 1.000000 1.000000 0.000000
269 0.000000 0.000000 0.000000
270 1 53.150913 10.577151 32.241021 1.000000 1.000000 1.000000 0.000000
270 0.000000 0.000000 0.000000
271 1 87.846585 2.448577 152.714688 1.000000 1.000000 1.000000 0.000000
271 0.000000 0.000000 0.000000
272 1 34.442643 36.265551 36.710135 1.000000 1.000000 1.000000 0.000000
272 0.000000 0.000000 0.000000
273 1 24.328923 15.140593 11.388653 1.000000 1.000000 1.000000 0.000000
273 0.000000 0.000000 0.000000
274 1 0.747229 88.662579 39.741017 1.000000 1.000000 1.000000 0.000000
274 0.000000 0.000000 0.000000
275 1 96.457098 16.641523 69.979275 1.000000 1.000000 1.000000 0.000000
275 0.000000 0.000000 0.000000
276 1 23.164789 59.852119 86.064733 1.000000 1.000000 1.000000 0.000000
276 0.000000 0.000000 0.000000
277 1 83.369756 79.971340 140.053778 1.000000 1.000000 1.000000 0.000000
277 0.000000 0.000000 0.000000
278 1 77.250396 98.076658 93.728780 1.000000 1.000000 1.000000 0.000000
278 0.000000 0.000000 0.000000
279 1 6.666052 97.016426 69.173155 1.000000 1.000000 1.000000 0.000000
279 0.000000 0.000000 0.000000
280 1 0.643476 97.366337 142.662447 1.000000 1.000000 1.000000 0.000000
280 0.000000 0.000000 0.000000
281 1 95.057282 31.122469 118.844370 1.000000 1.000000 1.000000 0.000000
281 0.000000 0.000000 0.000000
282 1 99.351915 69.966055 64.497214 1.000000 1.000000 1.000000 0.000000
282 0.000000 0.000000 0.000000
283 1 62.176701 9.081700 67.696746 1.000000 1.000000 1.000000 0.000000
283 0.000000 0.000000 0.000000
284 1 95.308843 30.488020 198.212257 1.000000 1.000000 1.000000 0.000000
284 0.000000 0.000000 0.000000
285 1 69.323439 75.641124 83.572071 1.000000 1.000000 1.000000 0.000000
285 0.000000 0.000000 0.000000
286 1 64.221817 72.904932 69.410260 1.000000 1.000000 1.000000 0.000000
286 0.000000 0.000000 0.000000
287 1 42.523408 67.930546 40.696823 1.000000 1.000000 1.000000 0.000000
287 0.000000 0.000000 0.000000
288 1 46.787680 43.034459 83.090216 1.000000 1.000000 1.000000 0.000000
288 0.000000 0.000000 0.000000
289 1 12.808190 56.960293 97.114981 1.000000 1.000000 1.000000 0.000000
289 0.000000 0.000000 0.000000
290 1 49.852561 5.009255 95.900834 1.000000 1.000000 1.000000 0.000000
290 0.000000 0.000000 0.000000
291 1 43.082544 30.051763 52.379718 1.000000 1.000000 1.000000 0.000000
291 0.000000 0.000000 0.000000
292 1 64.900490 79.589348 78.457868 1.000000 1.000000 1.000000 0.000000
292 0.000000 0.000000 0.000000
293 1 3.472772 14.331933 95.753502 1.000000 1.000000 1.000000 0.000000
293 0.000000 0.000000 0.000000
294 1 40.360908 41.469904 137.745931 1.000000 1.000000 1.000000 0.000000
294 0.000000 0.000000 0.000000
295 1 7.166633 88.089984 96.880979 1.000000 1.000000 1.000000 0.000000
295 0.000000 0.000000 0.000000
296 1 24.495262 59.427112 68.441513 1.000000 1.000000 1.000000 0.000000
296 0.000000 0.000000 0.000000
297 1 81.877317 85.025615 189.506408 1.000000 1.000000 1.000000 0.000000
297 0.000000 0.000000 0.000000
298 1 68.114976 86.899468 120.622532 1.000000 1.000000 1.000000 0.000000
298 0.000000 0.000000 0.000000
299 1 28.032914 41.486840 26.915194 1.000000 1.000000 1.000000 0.000000
299 0.000000 0.000000 0.000000
300 1 73.586602 55.609304 39.164670 1.000000 1.000000 1.000000 0.000000
300 0.000000 0.000000 0.000000
301 1 60.619192 50.825367 56.684588 1.000000 1.000000 1.000000 0.000000
301 0.000000 0.000000 0.000000
302 1 78.527432 94.765638 2.684987 1.000000 1.000000 1.000000 0.000000
302 0.000000 0.000000 0.000000
303 1 45.256172 81.323890 182.971946 1.000000 1.000000 1.000000 0.000000
303 0.000000 0.000000 0.000000
304 1 91.194017 13.424801 41.605853 1.000000 1.000000 1.000000 0.000000
304 0.000000 0.000000 0.000000
305 1 42.124684 11.737473 110.852531 1.000000 1.000000 1.000000 0.000000
305 0.000000 0.000000 0.000000
306 1 38.939089 63.346999 78.857145 1.000000 1.000000 1.000000 0.000000
306 0.000000 0.000000 0.000000
307 1 18.388113 56.085472 136.398665 1.000000 1.000000 1.000000 0.000000
307 0.000000 0.000000 0.000000
308 1 28.401908 0.923120 158.640473 1.000000 1.000000 1.000000 0.000000
308 0.000000 0.000000 0.000000
309 1 23.379289 98.110858 192.940618 1.000000 1.000000 1.000000 0.000000
309 0.000000 0.000000 0.000000
310 1 48.007118 4.176421 139.852124 1.000000 1.000000 1.000000 0.000000
310 0.000000 0.000000 0.000000
311 1 78.338362 57.239272 158.297278 1.000000 1.000000 1.000000 0.000000
311 0.000000 0.000000 0.000000
312 1 9.674576 29.120393 65.267054 1.000000 1.000000 1.000000 0.000000
312 0.000000 0.000000 0.000000
313 1 44.593167 4.120546 151.244400 1.000000 1.000000 1.000000 0.000000
313 0.000000 0.000000 0.000000
314 1 52.331854 90.026501 23.335619 1.000000 1.000000 1.000000 0.000000
314 0.000000 0.000000 0.000000
315 1 50.406379 24.674539 90.535144 1.000000 1.000000 1.000000 0.000000
315 0.000000 0.000000 0.000000
316 1 34.819650 67.143630 184.522938 1.000000 1.000000 1.000000 0.000000
316 0.000000 0.000000 0.000000
317 1 70.077165 68.792697 199.356576 1.000000 1.000000 1.000000 0.000000
317 0.000000 0.000000 0.000000
318 1 2.329890 36.020109 138.375007 1.000000 1.000000 1.000000 0.000000
318 0.000000 0.000000 0.000000
319 1 85.790385 45.383743 128.869433 1.000000 1.000000 1.000000 0.000000
319 0.000000 0.000000 0.000000
320 1 41.074303 49.923147 95.774405 1.000000 1.000000 1.000000 0.000000
320 0.000000 0.000000 0.000000
321 1 12.343368 27.639653 135.438092 1.000000 1.000000 1.000000 0.000000
321 0.000000 0.000000 0.000000
322 1 11.923992 92.336079 192.436138 1.000000 1.000000 1.000000 0.000000
322 0.000000 0.000000 0.000000
323 1 84.616351 32.020142 125.252996 1.000000 1.000000 1.000000 0.000000
323 0.000000 0.000000 0.000000
324 1 98.778916 81.406017 53.854229 1.000000 1.000000 1.000000 0.000000
324 0.000000 0.000000 0.000000
325 1 16.329599 52.481088 69.448163 1.000000 1.000000 1.000000 0.000000
325 0.000000 0.000000 0.000000
326 1 21.548973 55.185543 61.650574 1.000000 1.000000 1.000000 0.000000
326 0.000000 0.000000 0.000000
327 1 84.368864 72.267486 161.312004 1.000000 1.000000 1.000000 0.000000
327 0.000000 0.000000 0.000000
328 1 64.683597 86.219867 141.954698 1.000000 1.000000 1.000000 0.000000
328 0.000000 0.000000 0.000000
329 1 23.063837 17.328065 84.720159 1.000000 1.000000 1.000000 0.000000
329 0.000000 0.000000 0.000000
330 1 59.607183 12.899313 53.388281 1.000000 1.000000 1.000000 0.000000
330 0.000000 0.000000 0.000000
331 1 55.654959 18.098489 51.054653 1.000000 1.000000 1.000000 0.000000
331 0.000000 0.000000 0.000000
332 1 96.115202 43.367682 191.000466 1.000000 1.000000 1.000000 0.000000
332 0.000000 0.000000 0.000000
333 1 97.939811 18.238950 188.788173 1.000000 1.000000 1.000000 0.000000
333 0.000000 0.000000 0.000000
334 1 21.790964 66.740456 93.392219 1.000000 1.000000 1.000000 0.000000
334 0.000000 0.000000 0.000000
335 1 85.287924 43.044916 25.858612 1.000000 1.000000 1.000000 0.000000
335 0.000000 0.000000 0.000000
336 1 80.125704 71.877040 43.394256 1.000000 1.000000 1.000000 0.000000
336 0.000000 0.000000 0.000000
337 1 14.932806 64.541798 106.893659 1.000000 1.000000 1.000000 0.000000
337 0.000000 0.000000 0.000000
338 1 56.797490 32.221674 155.279436 1.000000 1.000000 1.000000 0.000000
338 0.000000 0.000000 0.000000
339 1 74.667102 99.542302 26.565940 1.000000 1.000000 1.000000 0.000000
339 0.000000 0.000000 0.000000
340 1 69.490981 42.481723 175.274938 1.000000 1.000000 1.000000 0.000000
340 0.000000 0.000000 0.000000
341 1 33.644432 13.421604 18.282711 1.000000 1.000000 1.000000 0.000000
341 0.000000 0.000000 0.000000
342 1 93.215222 57.891304 37.010158 1.000000 1.000000 1.000000 0.000000
342 0.000000 0.000000 0.000000
343 1 28.075335 42.128811 83.919560 1.000000 1.000000 1.000000 0.000000
343 0.000000 0.000000 0.000000
344 1 16.207422 93.317864 3.739742 1.000000 1.000000 1.000000 0.000000
344 0.000000 0.000000 0.000000
345 1 57.457276 29.627132 142.340324 1.000000 1.000000 1.000000 0.000000
345 0.000000 0.000000 0.000000
346 1 35.035237 40.597678 35.837451 1.000000 1.000000 1.000000 0.000000
346 0.000000 0.000000 0.000000
347 1 31.966904 92.346712 191.597959 1.000000 1.000000 1.000000 0.000000
347 0.000000 0.000000 0.000000
348 1 90.043761 20.893373 96.309963 1.000000 1.000000 1.000000 0.000000
348 0.000000 0.000000 0.000000
349 1 56.373989 41.739322 155.831585 1.000000 1.000000 1.000000 0.000000
349 0.000000 0.000000 0.000000
350 1 48.050740 48.569132 61.713828 1.000000 1.000000 1.000000 0.000000
350 0.000000 0.000000 0.000000
351 1 43.868021 33.714503 194.402168 1.000000 1.000000 1.000000 0.000000
351 0.000000 0.000000 0.000000
352 1 40.726775 76.793666 157.290460 1.000000 1.000000 1.000000 0.000000
352 0.000000 0.000000 0.000000
353 1 57.274250 57.005403 154.250054 1.000000 1.000000 1.000000 0.000000
353 0.000000 0.000000 0.000000
354 1 61.706142 80.772944 64.578663 1.000000 1.000000 1.000000 0.000000
354 0.000000 0.000000 0.000000
355 1 50.432602 76.138566 104.294429 1.000000 1.000000 1.000000 0.000000
355 0.000000 0.000000 0.000000
356 1 56.662870 91.412178 140.551888 1.000000 1.000000 1.000000 0.000000
356 0.000000 0.000000 0.000000
357 1 43.851548 0.994118 47.527329 1.000000 1.000000 1.000000 0.000000
357 0.000000 0.000000 0.000000
358 1 45.399977 45.748962 135.275264 1.000000 1.000000 1.000000 0.000000
358 0.000000 0.000000 0.000000
359 1 97.375121 49.790771 121.448482 1.000000 1.000000 1.000000 0.000000
359 0.000000 0.000000 0.000000
360 1 91.903859 79.561673 180.930106 1.000000 1.000000 1.000000 0.000000
360 0.000000 0.000000 0.000000
361 1 44.832085 97.599786 108.485595 1.000000 1.000000 1.000000 0.000000
361 0.000000 0.000000 0.000000
362 1 38.772089 97.505473 172.214069 1.000000 1.000000 1.000000 0.000000
362 0.000000 0.000000 0.000000
363 1 9.115177 9.482122 39.796398 1.000000 1.000000 1.000000 0.000000
363 0.000000 0.000000 0.000000
364 1 32.461154 7.134850 128.996251 1.000000 1.000000 1.000000 0.000000
364 0.000000 0.000000 0.000000
365 1 52.133370 69.952204 12.192896 1.000000 1.000000 1.000000 0.000000
365 0.000000 0.000000 0.000000
366 1 93.930699 93.675129 126.264412 1.000000 1.000000 1.000000 0.000000
366 0.000000 0.000000 0.000000
367 1 53.119785 39.004878 69.299867 1.000000 1.000000 1.000000 0.000000
367 0.000000 0.000000 0.000000
368 1 63.702049 91.097318 134.445898 1.000000 1.000000 1.000000 0.000000
368 0.000000 0.000000 0.000000
369 1 5.819246 22.229755 185.083569 1.000000 1.000000 1.000000 0.000000
369 0.000000 0.000000 0.000000
370 1 21.598999 17.775401 137.333750 1.000000 1.000000 1.000000 0.000000
370 0.000000 0.000000 0.000000
371 1 20.729898 65.558751 139.384367 1.000000 1.000000 1.000000 0.000000
371 0.000000 0.000000 0.000000
372 1 1.720957 86.661223 162.650827 1.000000 1.000000 1.000000 0.000000
372 0.000000 0.000000 0.000000
373 1 45.163024 94.920160 111.776872 1.000000 1.000000 1.000000 0.000000
373 0.000000 0.000000 0.000000
374 1 21.101645 90.381339 5.448980 1.000000 1.000000 1.000000 0.000000
374 0.000000 0.000000 0.000000
375 1 84.792837 45.796326 164.262258 1.000000 1.000000 1.000000 0.000000
375 0.000000 0.000000 0.000000
376 1 79.626516 43.440539 165.977346 1.000000 1.000000 1.000000 0.000000
376 0.000000 0.000000 0.000000
377 1 30.120025 59.585940 91.370612 1.000000 1.000000 1.000000 0.000000
377 0.000000 0.000000 0.000000
378 1 39.486540 91.151288 72.304551 1.000000 1.000000 1.000000 0.000000
378 0.000000 0.000000 0.000000
379 1 79.854922 88.756531 81.537361 1.000000 1.000000 1.000000 0.000000
379 0.000000 0.000000 0.000000
380 1 90.824076 60.536307 33.713178 1.000000 1.000000 1.000000 0.000000
380 0.000000 0.000000 0.000000
381 1 17.828385 11.323658 91.938327 1.000000 1.000000 1.000000 0.000000
381 0.000000 0.000000 0.000000
382 1 44.438769 92.832263 162.283010 1.000000 1.000000 1.000000 0.000000
382 0.000000 0.000000 0.000000
383 1 13.336706 1.378294 156.790717 1.000000 1.000000 1.000000 0.000000
383 0.000000 0.000000 0.000000
384 1 32.235809 81.718132 102.451907 1.000000 1.000000 1.000000 0.000000
384 0.000000 0.000000 0.000000
385 1 1.109706 86.758170 148.387022 1.000000 1.000000 1.000000 0.000000
385 0.000000 0.000000 0.000000
386 1 23.882377 7.375815 78.633586 1.000000 1.000000 1.000000 0.000000
386 0.000000 0.000000 0.000000
387 1 89.947311 91.403050 0.626237 1.000000 1.000000 1.000000 0.000000
387 0.000000 0.000000 0.000000
388 1 74.121334 80.282728 181.116126 1.000000 1.000000 1.000000 0.000000
388 0.000000 0.000000 0.000000
389 1 1.612284 75.370293 165.886466 1.000000 1.000000 1.000000 0.000000
389 0.000000 0.000000 0.000000
390 1 50.896759 1.713035 43.467857 1.000000 1.000000 1.000000 0.000000
390 0.000000 0.000000 0.000000
391 1 42.200702 82.160148 62.934058 1.000000 1.000000 1.000000 0.000000
391 0.000000 0.000000 0.000000
392 1 36.503895 92.071004 89.379289 1.000000 1.000000 1.000000 0.000000
392 0.000000 0.000000 0.000000
393 1 85.905432 83.174744 120.787327 1.000000 1.000000 1.000000 0.000000
393 0.000000 0.000000 0.000000
394 1 50.695425 89.494971 166.770595 1.000000 1.000000 1.000000 0.000000
394 0.000000 0.000000 0.000000
395 1 30.075279 66.879910 197.582946 1.000000 1.000000 1.000000 0.000000
395 0.000000 0.000000 0.000000
396 1 49.033386 53.156792 3.502598 1.000000 1.000000 1.000000 0.000000
396 0.000000 0.000000 0.000000
397 1 53.975669 58.423827 67.736498 1.000000 1.000000 1.000000 0.000000
397 0.000000 0.000000 0.000000
398 1 68.945639 10.608012 35.214134 1.000000 1.000000 1.000000 0.000000
398 0.000000 0.000000 0.000000
399 1 52.774208 84.293245 44.523318 1.000000 1.000000 1.000000 0.000000
399 0.000000 0.000000 0.000000
400 1 22.552189 29.792616 22.049655 1.000000 1.000000 1.000000 0.000000
400 0.000000 0.000000 0.000000
401 1 66.703171 21.844945 42.629507 1.000000 1.000000 1.000000 0.000000
401 0.000000 0.000000 0.000000
402 1 63.552190 67.597033 189.861624 1.000000 1.000000 1.000000 0.000000
402 0.000000 0.000000 0.000000
403 1 43.327396 74.621947 146.668522 1.000000 1.000000 1.000000 0.000000
403 0.000000 0.000000 0.000000
404 1 22.611621 29.626201 105.841769 1.000000 1.000000 1.000000 0.000000
404 0.000000 0.000000 0.000000
405 1 71.372230 56.030195 30.324114 1.000000 1.000000 1.000000 0.000000
405 0.000000 0.000000 0.000000
406 1 10.586245 44.666689 141.463879 1.000000 1.000000 1.000000 0.000000
406 0.000000 0.000000 0.000000
407 1 69.472684 8.760232 196.369129 1.000000 1.000000 1.000000 0.000000
407 0.000000 0.000000 0.000000
408 1 91.152402 40.419807 73.991495 1.000000 1.000000 1.000000 0.000000
408 0.000000 0.000000 0.000000
409 1 13.028320 10.459168 155.590901 1.000000 1.000000 1.000000 0.000000
409 0.000000 0.000000 0.000000
410 1 94.152241 16.775231 121.672613 1.000000 1.000000 1.000000 0.000000
410 0.000000 0.000000 0.000000
411 1 25.825075 42.956678 43.177384 1.000000 1.000000 1.000000 0.000000
411 0.000000 0.000000 0.000000
412 1 74.102356 6.894793 162.804739 1.000000 1.000000 1.000000 0.000000
412 0.000000 0.000000 0.000000
413 1 95.529709 29.263544 39.519306 1.000000 1.000000 1.000000 0.000000
413 0.000000 0.000000 0.000000
414 1 89.667960 85.830189 78.001505 1.000000 1.000000 1.000000 0.000000
414 0.000000 0.000000 0.000000
415 1 86.031920 80.770943 77.948562 1.000000 1.000000 1.000000 0.000000
415 0.000000 0.000000 0.000000
416 1 28.612800 99.147410 182.613222 1.000000 1.000000 1.000000 0.000000
416 0.000000 0.000000 0.000000
417 1 1.745054 35.729855 135.058513 1.000000 1.000000 1.000000 0.000000
417 0.000000 0.000000 0.000000
418 1 28.051731 96.460681 28.814499 1.000000 1.000000 1.000000 0.000000
418 0.000000 0.000000 0.000000
419 1 96.129859 79.473865 75.332891 1.000000 1.000000 1.000000 0.000000
419 0.000000 0.000000 0.000000
420 1 85.159383 8.300650 85.945457 1.000000 1.000000 1.000000 0.000000
420 0.000000 0.000000 0.000000
421 1 45.764487 94.173753 181.888342 1.000000 1.000000 1.000000 0.000000
421 0.000000 0.000000 0.000000
422 1 89.847539 33.285445 192.300946 1.000000 1.000000 1.000000 0.000000
422 0.000000 0.000000 0.000000
423 1 22.465350 38.537209 71.012198 1.000000 1.000000 1.000000 0.000000
423 0.000000 0.000000 0.000000
424 1 86.463525 50.243121 154.292450 1.000000 1.000000 1.000000 0.000000
424 0.000000 0.000000 0.000000
425 1 84.654606 66.152268 193.282817 1.000000 1.000000 1.000000 0.000000
425 0.000000 0.000000 0.000000
426 1 38.425911 69.247868 189.729555 1.000000 1.000000 1.000000 0.000000
426 0.000000 0.000000 0.000000
427 1 97.177447 99.636644 167.640622 1.000000 1.000000 1.000000 0.000000
427 0.000000 0.000000 0.000000
428 1 74.935211 42.062790 48.708836 1.000000 1.000000 1.000000 0.000000
428 0.000000 0.000000 0.000000
429 1 56.264747 68.175457 174.821211 1.000000 1.000000 1.000000 0.000000
429 0.000000 0.000000 0.000000
430 1 18.573785 70.646544 31.155111 1.000000 1.000000 1.000000 0.000000
430 0.000000 0.000000 0.000000
431 1 26.737121 25.756016 79.710290 1.000000 1.000000 1.000000 0.000000
431 0.000000 0.000000 0.000000
432 1 69.821957 95.256925 65.126264 1.000000 1.000000 1.000000 0.000000
432 0.000000 0.000000 0.000000
433 1 13.537086 41.473771 144.706001 1.000000 1.000000 1.000000 0.000000
433 0.000000 0.000000 0.000000
434 1 91.043164 39.365202 92.103824 1.000000 1.000000 1.000000 0.000000
434 0.000000 0.000000 0.000000
435 1 23.987652 83.382987 175.368297 1.000000 1.000000 1.000000 0.000000
435 0.000000 0.000000 0.000000
436 1 14.010835 49.468057 52.078296 1.000000 1.000000 1.000000 0.000000
436 0.000000 0.000000 0.000000
437 1 6.389700 20.858418 184.695442 1.000000 1.000000 1.000000 0.000000
437 0.000000 0.000000 0.000000
438 1 82.687458 76.569861 116.447679 1.000000 1.000000 1.000000 0.000000
438 0.000000 0.000000 0.000000
439 1 49.082734 78.878552 101.024968 1.000000 1.000000 1.000000 0.000000
439 0.000000 0.000000 0.000000
440 1 25.983597 51.831446 104.805989 1.000000 1.000000 1.000000 0.000000
440 0.000000 0.000000 0.000000
441 1 78.155236 36.586406 144.198298 1.000000 1.000000 1.000000 0.000000
441 0.000000 0.000000 0.000000
442 1 4.952288 71.510267 106.773025 1.000000 1.000000 1.000000 0.000000
442 0.000000 0.000000 0.000000
443 1 34.743836 62.116535 149.995843 1.000000 1.000000 1.000000 0.000000
443 0.000000 0.000000 0.000000
444 1 13.205016 74.772776 49.684459 1.000000 1.000000 1.000000 0.000000
444 0.000000 0.000000 0.000000
445 1 27.448247 60.672053 58.163772 1.000000 1.000000 1.000000 0.000000
445 0.000000 0.000000 0.000000
446 1 25.225876 66.155014 56.756804 1.000000 1.000000 1.000000 0.000000
446 0.000000 0.000000 0.000000
447 1 21.483491 66.355355 117.863642 1.000000 1.000000 1.000000 0.000000
447 0.000000 0.000000 0.000000
448 1 87.303615 90.224392 100.668349 1.000000 1.000000 1.000000 0.000000
448 0.000000 0.000000 0.000000
449 1 21.282775 35.619265 101.693522 1.000000 1.000000 1.000000 0.000000
449 0.000000 0.000000 0.000000
450 1 44.404319 34.697649 2.356456 1.000000 1.000000 1.000000 0.000000
450 0.000000 0.000000 0.000000
451 1 45.205422 14.165603 198.343363 1.000000 1.000000 1.000000 0.000000
451 0.000000 0.000000 0.000000
452 1 86.953030 9.605002 31.620238 1.000000 1.000000 1.000000 0.000000
452 0.000000 0.000000 0.000000
453 1 1.787194 84.215250 19.956697 1.000000 1.000000 1.000000 0.000000
453 0.000000 0.000000 0.000000
454 1 28.613664 58.806110 146.781118 1.000000 1.000000 1.000000 0.000000
454 0.000000 0.000000 0.000000
455 1 77.212554 42.782716 110.961495 1.000000 1.000000 1.000000 0.000000
455 0.000000 0.000000 0.000000
456 1 99.648512 23.135171 105.418670 1.000000 1.000000 1.000000 0.000000
456 0.000000 0.000000 0.000000
457 1 75.968520 14.399377 1.285916 1.000000 1.000000 1.000000 0.000000
457 0.000000 0.000000 0.000000
458 1 40.046579 89.034661 77.783732 1.000000 1.000000 1.000000 0.000000
458 0.000000 0.000000 0.000000
459 1 80.435978 39.214462 95.319365 1.000000 1.000000 1.000000 0.000000
459 0.000000 0.000000 0.000000
460 1 17.990910 10.497086 40.064823 1.000000 1.000000 1.000000 0.000000
460 0.000000 0.000000 0.000000
461 1 17.151490 88.781510 190.962218 1.000000 1.000000 1.000000 0.000000
461 0.000000 0.000000 0.000000
462 1 9.327870 74.643639 184.196407 1.000000 1.000000 1.000000 0.000000
462 0.000000 0.000000 0.000000
463 1 23.218189 42.041781 144.197337 1.000000 1.000000 1.000000 0.000000
463 0.000000 0.000000 0.000000
464 1 40.722112 38.847927 47.826543 1.000000 1.000000 1.000000 0.000000
464 0.000000 0.000000 0.000000
465 1 9.806542 78.520777 53.966725 1.000000 1.000000 1.000000 0.000000
465 0.000000 0.000000 0.000000
466 1 43.689242 68.094547 4.400201 1.000000 1.000000 1.000000 0.000000
466 0.000000 0.000000 0.000000
467 1 34.221711 92.231573 172.984041 1.000000 1.000000 1.000000 0.000000
467 0.000000 0.000000 0.000000
468 1 47.900837 77.165773 98.014211 1.000000 1.000000 1.000000 0.000000
468 0.000000 0.000000 0.000000
469 1 42.607861 95.279945 186.533923 1.000000 1.000000 1.000000 0.000000
469 0.000000 0.000000 0.000000
470 1 28.031780 10.806453 133.797006 1.000000 1.000000 1.000000 0.000000
470 0.000000 0.000000 0.000000
471 1 80.941645 75.093528 110.244792 1.000000 1.000000 1.000000 0.000000
471 0.000000 0.000000 0.000000
472 1 92.891899 34.477080 141.993112 1.000000 1.000000 1.000000 0.000000
472 0.000000 0.000000 0.000000
473 1 14.637936 66.402666 34.566966 1.000000 1.000000 1.000000 0.000000
473 0.000000 0.000000 0.000000
474 1 27.902050 71.851589 173.276690 1.000000 1.000000 1.000000 0.000000
474 0.000000 0.000000 0.000000
475 1 32.443677 89.814071 84.255789 1.000000 1.000000 1.000000 0.000000
475 0.000000 0.000000 0.000000
476 1 28.068110 69.472561 111.411499 1.000000 1.000000 1.000000 0.000000
476 0.000000 0.000000 0.000000
477 1 76.150488 94.108438 6.479681 1.000000 1.000000 1.000000 0.000000
477 0.000000 0.000000 0.000000
478 1 9.685272 76.786074 86.757121 1.000000 1.000000 1.000000 0.000000
478 0.000000 0.000000 0.000000
479 1 73.250059 96.438746 172.316866 1.000000 1.000000 1.000000 0.000000
479 0.000000 0.000000 0.000000
480 1 22.015574 92.028631 65.844421 1.000000 1.000000 1.000000 0.000000
480 0.000000 0.000000 0.000000
481 1 66.341677 0.190721 166.098858 1.000000 1.000000 1.000000 0.000000
481 0.000000 0.000000 0.000000
482 1 58.198247 72.049646 72.356011 1.000000 1.000000 1.000000 0.000000
482 0.000000 0.000000 0.000000
483 1 85.587930 49.578096 43.003579 1.000000 1.000000 1.000000 0.000000
483 0.000000 0.000000 0.000000
484 1 94.480104 2.531558 47.651325 1.000000 1.000000 1.000000 0.000000
484 0.000000 0.000000 0.000000
485 1 14.706711 4.172092 183.117601 1.000000 1.000000 1.000000 0.000000
485 0.000000 0.000000 0.000000
486 1 40.277371 19.655885 100.368692 1.000000 1.000000 1.000000 0.000000
486 0.000000 0.000000 0.000000
487 1 53.062905 61.930759 184.072426 1.000000 1.000000 1.000000 0.000000
487 0.000000 0.000000 0.000000
488 1 15.649936 51.772558 98.621783 1.000000 1.000000 1.000000 0.000000
488 0.000000 0.000000 0.000000
489 1 94.430946 33.572131 41.677065 1.000000 1.000000 1.000000 0.000000
489 0.000000 0.000000 0.000000
490 1 73.827585 52.834498 171.859906 1.000000 1.000000 1.000000 0.000000
490 0.000000 0.000000 0.000000
491 1 56.281550 96.394166 78.029095 1.000000 1.000000 1.000000 0.000000
491 0.000000 0.000000 0.000000
492 1 73.247301 24.742805 12.713909 1.000000 1.000000 1.000000 0.000000
492 0.000000 0.000000 0.000000
493 1 7.466359 70.393464 14.986915 1.000000 1.000000 1.000000 0.000000
493 0.000000 0.000000 0.000000
494 1 43.081591 8.423932 26.684431 1.000000 1.000000 1.000000 0.000000
494 0.000000 0.000000 0.000000
495 1 31.007627 74.292189 185.701269 1.000000 1.000000 1.000000 0.000000
495 0.000000 0.000000 0.000000
496 1 58.094091 45.948089 184.323367 1.000000 1.000000 1.000000 0.000000
496 0.000000 0.000000 0.000000
497 1 2.305701 59.886378 30.875398 1.000000 1.000000 1.000000 0.000000
497 0.000000 0.000000 0.000000
498 1 97.718948 72.144900 162.953753 1.000000 1.000000 1.000000 0.000000
498 0.000000 0.000000 0.000000
499 1 86.519974 93.598420 86.059688 1.000000 1.000000 1.000000 0.000000
499 0.000000 0.000000 0.000000
