RESTART FILE
Timestep: 200

NUMBER OF PARTICLES
500

SIMULATION BOX
100 100 200

TIMESTEP
0.1

ATTRACTION RADIUS
1
0 

AGGREGATES/BEADS
0 1 79.055982 1.812969 43.216613 1.000000 1.000000 1.000000 0.000000
0 0.000000 0.000000 0.000000
1 1 73.793308 83.777241 158.723815 1.000000 1.000000 1.000000 0.000000
1 0.000000 0.000000 0.000000
2 1 22.594680 1.378211 16.222696 1.000000 1.000000 1.000000 0.000000
2 0.000000 0.000000 0.000000
3 1 90.813202 82.447341 149.478833 1.000000 1.000000 1.000000 0.000000
3 0.000000 0.000000 0.000000
4 1 37.268007 76.775278 95.226240 1.000000 1.000000 1.000000 0.000000
4 0.000000 0.000000 0.000000
5 1 27.106656 64.859839 155.924654 1.000000 1.000000 1.000000 0.000000
5 0.000000 0.000000 0.000000
6 1 0.371969 18.272823 189.688372 1.000000 1.000000 1.000000 0.000000
6 0.000000 0.000000 0.000000
7 1 53.538184 13.055191 134.202926 1.000000 1.000000 1.000000 0.000000
7 0.000000 0.000000 0.000000
8 1 62.352178 7.166062 88.417773 1.000000 1.000000 1.000000 0.000000
8 0.000000 0.000000 0.000000
9 1 37.142502 35.239980 55.819684 1.000000 1.000000 1.000000 0.000000
9 0.000000 0.000000 0.000000
10 1 69.065356 77.124859 56.709029 1.000000 1.000000 1.000000 0.000000
10 0.000000 0.000000 0.000000
11 1 28.794966 58.023058 30.893034 1.000000 1.000000 1.000000 0.000000
11 0.000000 0.000000 0.000000
12 1 71.209852 79.548539 83.781882 1.000000 1.000000 1.000000 0.000000
12 0.000000 0.000000 0.000000
13 1 53.214126 75.019624 40.433845 1.000000 1.000000 1.000000 0.000000
13 0.000000 0.000000 0.000000
14 1 28.662243 46.022487 39.880933 1.000000 1.000000 1.000000 0.000000
14 0.000000 0.000000 0.000000
15 1 31.983428 49.211356 190.079071 1.000000 1.000000 1.000000 0.000000
15 0.000000 0.000000 0.000000
16 1 49.221937 39.591777 198.865274 1.000000 1.000000 1.000000 0.000000
16 0.000000 0.000000 0.000000
17 1 95.115022 75.417002 106.939224 1.000000 1.000000 1.000000 0.000000
17 0.000000 0.000000 0.000000
18 1 75.877267 0.384853 173.060077 1.000000 1.000000 1.000000 0.000000
18 0.000000 0.000000 0.000000
19 1 59.401583 39.763019 160.344076 1.000000 1.000000 1.000000 0.000000
19 0.000000 0.000000 0.000000
20 1 71.914579 86.249112 130.148998 1.000000 1.000000 1.000000 0.000000
20 0.000000 0.000000 0.000000
21 1 85.168667 33.418885 34.646003 1.000000 1.000000 1.000000 0.000000
21 0.000000 0.000000 0.000000
22 1 63.890793 29.917972 167.248216 1.000000 1.000000 1.000000 0.000000
22 0.000000 0.000000 0.000000
23 1 69.942030 58.058423 126.004297 1.000000 1.000000 1.000000 0.000000
23 0.000000 0.000000 0.000000
24 1 33.388297 43.770113 83.476337 1.000000 1.000000 1.000000 0.000000
24 0.000000 0.000000 0.000000
25 1 91.278202 1.385461 81.013042 1.000000 1.000000 1.000000 0.000000
25 0.000000 0.000000 0.000000
26 1 82.691489 19.252857 41.773472 1.000000 1.000000 1.000000 0.000000
26 0.000000 0.000000 0.000000
27 1 86.602618 62.506892 22.484126 1.000000 1.000000 1.000000 0.000000
27 0.000000 0.000000 0.000000
28 1 64.558600 11.117625 87.792457 1.000000 1.000000 1.000000 0.000000
28 0.000000 0.000000 0.000000
29 1 27.866136 22.036930 18.705437 1.000000 1.000000 1.000000 0.000000
29 0.000000 0.000000 0.000000
30 1 50.860391 24.026787 197.957392 1.000000 1.000000 1.000000 0.000000
30 0.000000 0.000000 0.000000
31 1 97.810528 63.085139 40.754522 1.000000 1.000000 1.000000 0.000000
31 0.000000 0.000000 0.000000
32 1 94.210288 60.318448 189.065976 1.000000 1.000000 1.000000 0.000000
32 0.000000 0.000000 0.000000
33 1 98.533999 51.179058 35.012776 1.000000 1.000000 1.000000 0.000000
33 0.000000 0.000000 0.000000
34 1 10.818727 3.588424 60.147792 1.000000 1.000000 1.000000 0.000000
34 0.000000 0.000000 0.000000
35 1 56.108694 4.802586 13.482686 1.000000 1.000000 1.000000 0.000000
35 0.000000 0.000000 0.000000
36 1 92.115676 85.108452 31.238005 1.000000 1.000000 1.000000 0.000000
36 0.000000 0.000000 0.000000
37 1 6.087117 94.276901 126.004143 1.000000 1.000000 1.000000 0.000000
37 0.000000 0.000000 0.000000
38 1 55.794024 49.775776 70.499833 1.000000 1.000000 1.000000 0.000000
38 0.000000 0.000000 0.000000
39 1 44.069555 32.451937 15.046908 1.000000 1.000000 1.000000 0.000000
39 0.000000 0.000000 0.000000
40 1 2.283208 15.003813 68.899881 1.000000 1.000000 1.000000 0.000000
40 0.000000 0.000000 0.000000
41 1 48.131125 40.949521 85.442511 1.000000 1.000000 1.000000 0.000000
41 0.000000 0.000000 0.000000
42 1 29.325476 46.341420 111.189881 1.000000 1.000000 1.000000 0.000000
42 0.000000 0.000000 0.000000
43 1 37.595675 86.194499 18.030040 1.000000 1.000000 1.000000 0.000000
43 0.000000 0.000000 0.000000
44 1 62.817779 69.192566 116.733778 1.000000 1.000000 1.000000 0.000000
44 0.000000 0.000000 0.000000
45 1 16.607720 82.240566 57.943221 1.000000 1.000000 1.000000 0.000000
45 0.000000 0.000000 0.000000
46 1 26.802101 91.901849 65.909233 1.000000 1.000000 1.000000 0.000000
46 0.000000 0.000000 0.000000
47 1 28.337035 62.235852 8.815550 1.000000 1.000000 1.000000 0.000000
47 0.000000 0.000000 0.000000
48 1 39.784363 21.087724 16.570671 1.000000 1.000000 1.000000 0.000000
48 0.000000 0.000000 0.000000
49 1 93.557614 38.907167 32.505248 1.000000 1.000000 1.000000 0.000000
49 0.000000 0.000000 0.000000
50 1 96.982405 67.154997 25.205783 1.000000 1.000000 1.000000 0.000000
50 0.000000 0.000000 0.000000
51 1 26.330975 19.100801 112.822668 1.000000 1.000000 1.000000 0.000000
51 0.000000 0.000000 0.000000
52 1 58.170698 78.987372 147.680885 1.000000 1.000000 1.000000 0.000000
52 0.000000 0.000000 0.000000
53 1 66.520174 75.088197 76.538069 1.000000 1.000000 1.000000 0.000000
53 0.000000 0.000000 0.000000
54 1 34.000416 47.807738 55.819227 1.000000 1.000000 1.000000 0.000000
54 0.000000 0.000000 0.000000
55 1 71.811348 79.167532 96.898524 1.000000 1.000000 1.000000 0.000000
55 0.000000 0.000000 0.000000
56 1 11.300875 43.475932 199.660427 1.000000 1.000000 1.000000 0.000000
56 0.000000 0.000000 0.000000
57 1 50.292744 93.696649 138.865140 1.000000 1.000000 1.000000 0.000000
57 0.000000 0.000000 0.000000
58 1 42.422808 45.593366 60.028361 1.000000 1.000000 1.000000 0.000000
58 0.000000 0.000000 0.000000
59 1 68.090347 12.957908 188.287089 1.000000 1.000000 1.000000 0.000000
59 0.000000 0.000000 0.000000
60 1 4.943012 46.754586 33.648732 1.000000 1.000000 1.000000 0.000000
60 0.000000 0.000000 0.000000
61 1 65.551837 86.873863 170.703195 1.000000 1.000000 1.000000 0.000000
61 0.000000 0.000000 0.000000
62 1 21.092364 24.321285 113.436595 1.000000 1.000000 1.000000 0.000000
62 0.000000 0.000000 0.000000
63 1 9.400293 97.825397 49.454878 1.000000 1.000000 1.000000 0.000000
63 0.000000 0.000000 0.000000
64 1 22.333592 89.970527 71.273052 1.000000 1.000000 1.000000 0.000000
64 0.000000 0.000000 0.000000
65 1 69.079606 83.401409 82.252629 1.000000 1.000000 1.000000 0.000000
65 0.000000 0.000000 0.000000
66 1 76.405232 68.377188 1.290149 1.000000 1.000000 1.000000 0.000000
66 0.000000 0.000000 0.000000
67 1 82.658346 45.995749 14.871318 1.000000 1.000000 1.000000 0.000000
67 0.000000 0.000000 0.000000
68 1 2.732391 38.957342 145.164321 1.000000 1.000000 1.000000 0.000000
68 0.000000 0.000000 0.000000
69 1 96.824482 53.308273 187.967982 1.000000 1.000000 1.000000 0.000000
69 0.000000 0.000000 0.000000
70 1 54.001624 71.357532 125.656192 1.000000 1.000000 1.000000 0.000000
70 0.000000 0.000000 0.000000
71 1 48.350452 74.979942 9.285380 1.000000 1.000000 1.000000 0.000000
71 0.000000 0.000000 0.000000
72 1 86.973476 93.535959 82.337103 1.000000 1.000000 1.000000 0.000000
72 0.000000 0.000000 0.000000
73 1 50.547647 64.498188 69.930378 1.000000 1.000000 1.000000 0.000000
73 0.000000 0.000000 0.000000
74 1 33.093596 93.519425 58.244694 1.000000 1.000000 1.000000 0.000000
74 0.000000 0.000000 0.000000
75 1 78.795489 49.877619 88.318387 1.000000 1.000000 1.000000 0.000000
75 0.000000 0.000000 0.000000
76 1 87.392696 43.411119 35.996051 1.000000 1.000000 1.000000 0.000000
76 0.000000 0.000000 0.000000
77 1 56.942593 58.785601 31.155390 1.000000 1.000000 1.000000 0.000000
77 0.000000 0.000000 0.000000
78 1 76.788690 21.539167 171.219284 1.000000 1.000000 1.000000 0.000000
78 0.000000 0.000000 0.000000
79 1 3.663531 83.141737 11.168678 1.000000 1.000000 1.000000 0.000000
79 0.000000 0.000000 0.000000
80 1 53.343502 63.322521 49.864428 1.000000 1.000000 1.000000 0.000000
80 0.000000 0.000000 0.000000
81 1 90.797262 11.967427 196.238856 1.000000 1.000000 1.000000 0.000000
81 0.000000 0.000000 0.000000
82 1 42.689953 10.081081 135.755731 1.000000 1.000000 1.000000 0.000000
82 0.000000 0.000000 0.000000
83 1 58.513272 93.447875 166.505934 1.000000 1.000000 1.000000 0.000000
83 0.000000 0.000000 0.000000
84 1 64.965353 24.735894 145.687532 1.000000 1.000000 1.000000 0.000000
84 0.000000 0.000000 0.000000
85 1 32.183445 40.501922 87.586233 1.000000 1.000000 1.000000 0.000000
85 0.000000 0.000000 0.000000
86 1 10.711942 29.923512 102.782730 1.000000 1.000000 1.000000 0.000000
86 0.000000 0.000000 0.000000
87 1 78.227640 42.222916 97.174908 1.000000 1.000000 1.000000 0.000000
87 0.000000 0.000000 0.000000
88 1 16.461958 84.434168 171.826301 1.000000 1.000000 1.000000 0.000000
88 0.000000 0.000000 0.000000
89 1 1.210075 52.652573 113.346907 1.000000 1.000000 1.000000 0.000000
89 0.000000 0.000000 0.000000
90 1 17.530989 80.048312 60.510926 1.000000 1.000000 1.000000 0.000000
90 0.000000 0.000000 0.000000
91 1 4.662127 13.902409 186.513099 1.000000 1.000000 1.000000 0.000000
91 0.000000 0.000000 0.000000
92 1 28.560478 53.498212 77.374859 1.000000 1.000000 1.000000 0.000000
92 0.000000 0.000000 0.000000
93 1 51.883806 45.227661 181.754095 1.000000 1.000000 1.000000 0.000000
93 0.000000 0.000000 0.000000
94 1 92.311977 6.184206 86.716902 1.000000 1.000000 1.000000 0.000000
94 0.000000 0.000000 0.000000
95 1 79.515774 27.747162 41.193202 1.000000 1.000000 1.000000 0.000000
95 0.000000 0.000000 0.000000
96 1 74.877701 14.531520 196.217505 1.000000 1.000000 1.000000 0.000000
96 0.000000 0.000000 0.000000
97 1 46.657111 1.985820 45.926041 1.000000 1.000000 1.000000 0.000000
97 0.000000 0.000000 0.000000
98 1 65.085432 55.340764 55.094819 1.000000 1.000000 1.000000 0.000000
98 0.000000 0.000000 0.000000
99 1 53.170820 2.725048 70.926932 1.000000 1.000000 1.000000 0.000000
99 0.000000 0.000000 0.000000
100 1 75.536640 8.513677 186.652426 1.000000 1.000000 1.000000 0.000000
100 0.000000 0.000000 0.000000
101 1 50.329813 85.523621 113.144426 1.000000 1.000000 1.000000 0.000000
101 0.000000 0.000000 0.000000
102 1 26.236551 81.390218 124.252330 1.000000 1.000000 1.000000 0.000000
102 0.000000 0.000000 0.000000
103 1 49.640477 34.691264 148.963985 1.000000 1.000000 1.000000 0.000000
103 0.000000 0.000000 0.000000
104 1 61.240418 80.715042 97.830609 1.000000 1.000000 1.000000 0.000000
104 0.000000 0.000000 0.000000
105 1 42.860549 50.375842 188.886878 1.000000 1.000000 1.000000 0.000000
105 0.000000 0.000000 0.000000
106 1 2.201292 29.520933 194.663619 1.000000 1.000000 1.000000 0.000000
106 0.000000 0.000000 0.000000
107 1 87.083099 79.823442 68.351630 1.000000 1.000000 1.000000 0.000000
107 0.000000 0.000000 0.000000
108 1 17.262311 39.886255 170.120908 1.000000 1.000000 1.000000 0.000000
108 0.000000 0.000000 0.000000
109 1 23.945875 54.078386 160.165036 1.000000 1.000000 1.000000 0.000000
109 0.000000 0.000000 0.000000
110 1 31.151743 37.745550 18.117709 1.000000 1.000000 1.000000 0.000000
110 0.000000 0.000000 0.000000
111 1 8.461776 77.937616 84.782234 1.000000 1.000000 1.000000 0.000000
111 0.000000 0.000000 0.000000
112 1 23.144385 87.462647 63.700047 1.000000 1.000000 1.000000 0.000000
112 0.000000 0.000000 0.000000
113 1 28.232972 68.723546 138.282676 1.000000 1.000000 1.000000 0.000000
113 0.000000 0.000000 0.000000
114 1 88.225912 99.513364 124.705816 1.000000 1.000000 1.000000 0.000000
114 0.000000 0.000000 0.000000
115 1 91.375722 42.200980 143.087409 1.000000 1.000000 1.000000 0.000000
115 0.000000 0.000000 0.000000
116 1 78.513199 71.252829 111.499989 1.000000 1.000000 1.000000 0.000000
116 0.000000 0.000000 0.000000
117 1 25.311103 59.819916 186.281118 1.000000 1.000000 1.000000 0.000000
117 0.000000 0.000000 0.000000
118 1 22.490537 1.891504 59.794350 1.000000 1.000000 1.000000 0.000000
118 0.000000 0.000000 0.000000
119 1 18.450698 37.861034 172.966262 1.000000 1.000000 1.000000 0.000000
119 0.000000 0.000000 0.000000
120 1 13.146634 64.307847 193.194310 1.000000 1.000000 1.000000 0.000000
120 0.000000 0.000000 0.000000
121 1 43.289412 21.436309 67.937520 1.000000 1.000000 1.000000 0.000000
121 0.000000 0.000000 0.000000
122 1 48.944208 35.315092 180.034036 1.000000 1.000000 1.000000 0.000000
122 0.000000 0.000000 0.000000
123 1 17.341371 70.207207 10.063451 1.000000 1.000000 1.000000 0.000000
123 0.000000 0.000000 0.000000
124 1 63.724585 88.324810 8.003013 1.000000 1.000000 1.000000 0.000000
124 0.000000 0.000000 0.000000
125 1 79.809545 41.289775 65.318316 1.000000 1.000000 1.000000 0.000000
125 0.000000 0.000000 0.000000
126 1 3.170192 61.711398 92.808582 1.000000 1.000000 1.000000 0.000000
126 0.000000 0.000000 0.000000
127 1 58.004101 56.910841 174.095846 1.000000 1.000000 1.000000 0.000000
127 0.000000 0.000000 0.000000
128 1 72.535858 36.661547 136.979036 1.000000 1.000000 1.000000 0.000000
128 0.000000 0.000000 0.000000
129 1 68.054804 40.571736 152.125712 1.000000 1.000000 1.000000 0.000000
129 0.000000 0.000000 0.000000
130 1 81.810934 89.435616 137.865339 1.000000 1.000000 1.000000 0.000000
130 0.000000 0.000000 0.000000
131 1 28.565843 24.411615 110.731933 1.000000 1.000000 1.000000 0.000000
131 0.000000 0.000000 0.000000
132 1 32.656684 43.497865 33.139571 1.000000 1.000000 1.000000 0.000000
132 0.000000 0.000000 0.000000
133 1 33.383890 5.410844 59.900973 1.000000 1.000000 1.000000 0.000000
133 0.000000 0.000000 0.000000
134 1 99.094599 66.637603 50.672210 1.000000 1.000000 1.000000 0.000000
134 0.000000 0.000000 0.000000
135 1 2.392372 8.310363 3.766095 1.000000 1.000000 1.000000 0.000000
135 0.000000 0.000000 0.000000
136 1 24.224598 52.597807 80.466020 1.000000 1.000000 1.000000 0.000000
136 0.000000 0.000000 0.000000
137 1 26.673048 77.031355 158.705403 1.000000 1.000000 1.000000 0.000000
137 0.000000 0.000000 0.000000
138 1 65.791316 66.857596 33.963092 1.000000 1.000000 1.000000 0.000000
138 0.000000 0.000000 0.000000
139 1 37.661599 34.648560 166.201649 1.000000 1.000000 1.000000 0.000000
139 0.000000 0.000000 0.000000
140 1 80.890078 85.080752 173.073801 1.000000 1.000000 1.000000 0.000000
140 0.000000 0.000000 0.000000
141 1 64.777644 98.309276 109.227104 1.000000 1.000000 1.000000 0.000000
141 0.000000 0.000000 0.000000
142 1 12.169359 86.698707 93.558408 1.000000 1.000000 1.000000 0.000000
142 0.000000 0.000000 0.000000
143 1 32.149097 24.315374 154.606836 1.000000 1.000000 1.000000 0.000000
143 0.000000 0.000000 0.000000
144 1 29.974087 60.444334 152.194738 1.000000 1.000000 1.000000 0.000000
144 0.000000 0.000000 0.000000
145 1 91.051867 10.866714 167.021945 1.000000 1.000000 1.000000 0.000000
145 0.000000 0.000000 0.000000
146 1 45.051865 44.993910 52.793347 1.000000 1.000000 1.000000 0.000000
146 0.000000 0.000000 0.000000
147 1 69.302056 39.810496 118.485395 1.000000 1.000000 1.000000 0.000000
147 0.000000 0.000000 0.000000
148 1 36.376596 80.042998 141.640863 1.000000 1.000000 1.000000 0.000000
148 0.000000 0.000000 0.000000
149 1 33.430928 37.818809 116.110500 1.000000 1.000000 1.000000 0.000000
149 0.000000 0.000000 0.000000
150 1 68.371330 27.623355 29.195295 1.000000 1.000000 1.000000 0.000000
150 0.000000 0.000000 0.000000
151 1 17.808086 37.438120 166.796695 1.000000 1.000000 1.000000 0.000000
151 0.000000 0.000000 0.000000
152 1 40.766978 71.051124 131.833126 1.000000 1.000000 1.000000 0.000000
152 0.000000 0.000000 0.000000
153 1 57.091050 86.261399 175.291959 1.000000 1.000000 1.000000 0.000000
153 0.000000 0.000000 0.000000
154 1 95.646905 63.826907 100.787917 1.000000 1.000000 1.000000 0.000000
154 0.000000 0.000000 0.000000
155 1 12.756490 61.049264 8.728372 1.000000 1.000000 1.000000 0.000000
155 0.000000 0.000000 0.000000
156 1 26.808837 59.872454 88.664913 1.000000 1.000000 1.000000 0.000000
156 0.000000 0.000000 0.000000
157 1 39.685509 44.188998 148.216652 1.000000 1.000000 1.000000 0.000000
157 0.000000 0.000000 0.000000
158 1 13.245803 37.196677 157.431672 1.000000 1.000000 1.000000 0.000000
158 0.000000 0.000000 0.000000
159 1 70.274094 21.393316 185.707032 1.000000 1.000000 1.000000 0.000000
159 0.000000 0.000000 0.000000
160 1 96.038978 80.644530 28.597659 1.000000 1.000000 1.000000 0.000000
160 0.000000 0.000000 0.000000
161 1 96.620276 66.700365 118.620154 1.000000 1.000000 1.000000 0.000000
161 0.000000 0.000000 0.000000
162 1 12.422478 99.776291 117.922241 1.000000 1.000000 1.000000 0.000000
162 0.000000 0.000000 0.000000
163 1 28.479707 7.400191 199.679547 1.000000 1.000000 1.000000 0.000000
163 0.000000 0.000000 0.000000
164 1 14.215340 36.110297 158.380165 1.000000 1.000000 1.000000 0.000000
164 0.000000 0.000000 0.000000
165 1 88.868101 33.199631 160.108523 1.000000 1.000000 1.000000 0.000000
165 0.000000 0.000000 0.000000
166 1 73.788544 85.801128 68.410414 1.000000 1.000000 1.000000 0.000000
166 0.000000 0.000000 0.000000
167 1 57.380810 36.777202 23.556733 1.000000 1.000000 1.000000 0.000000
167 0.000000 0.000000 0.000000
168 1 66.286975 92.489894 155.208049 1.000000 1.000000 1.000000 0.000000
168 0.000000 0.000000 0.000000
169 1 46.900282 2.888389 39.620728 1.000000 1.000000 1.000000 0.000000
169 0.000000 0.000000 0.000000
170 1 77.527733 35.085937 148.024891 1.000000 1.000000 1.000000 0.000000
170 0.000000 0.000000 0.000000
171 1 83.215463 97.547202 137.049713 1.000000 1.000000 1.000000 0.000000
171 0.000000 0.000000 0.000000
172 1 20.415062 39.097186 97.560391 1.000000 1.000000 1.000000 0.000000
172 0.000000 0.000000 0.000000
173 1 63.559037 64.530383 81.633365 1.000000 1.000000 1.000000 0.000000
173 0.000000 0.000000 0.000000
174 1 70.320656 81.047378 189.227214 1.000000 1.000000 1.000000 0.000000
174 0.000000 0.000000 0.000000
175 1 28.160097 53.440360 150.221766 1.000000 1.000000 1.000000 0.000000
175 0.000000 0.000000 0.000000
176 1 66.892854 12.623173 78.320209 1.000000 1.000000 1.000000 0.000000
176 0.000000 0.000000 0.000000
177 1 73.761658 47.785316 109.613456 1.000000 1.000000 1.000000 0.000000
177 0.000000 0.000000 0.000000
178 1 30.612187 20.056974 8.023243 1.000000 1.000000 1.000000 0.000000
178 0.000000 0.000000 0.000000
179 1 67.740995 71.624032 108.317742 1.000000 1.000000 1.000000 0.000000
179 0.000000 0.000000 0.000000
180 1 32.520047 24.136433 15.834743 1.000000 1.000000 1.000000 0.000000
180 0.000000 0.000000 0.000000
181 1 31.752250 17.358758 181.042993 1.000000 1.000000 1.000000 0.000000
181 0.000000 0.000000 0.000000
182 1 42.280797 44.698819 49.652078 1.000000 1.000000 1.000000 0.000000
182 0.000000 0.000000 0.000000
183 1 25.971397 89.410095 149.638879 1.000000 1.000000 1.000000 0.000000
183 0.000000 0.000000 0.000000
184 1 95.787633 92.698215 71.405828 1.000000 1.000000 1.000000 0.000000
184 0.000000 0.000000 0.000000
185 1 34.040017 21.418621 158.808422 1.000000 1.000000 1.000000 0.000000
185 0.000000 0.000000 0.000000
186 1 88.012826 35.214285 47.821856 1.000000 1.000000 1.000000 0.000000
186 0.000000 0.000000 0.000000
187 1 16.655871 58.601823 37.521437 1.000000 1.000000 1.000000 0.000000
187 0.000000 0.000000 0.000000
188 1 38.376993 95.879373 175.538969 1.000000 1.000000 1.000000 0.000000
188 0.000000 0.000000 0.000000
189 1 88.697849 81.462895 90.838350 1.000000 1.000000 1.000000 0.000000
189 0.000000 0.000000 0.000000
190 1 74.734326 78.521231 70.312199 1.000000 1.000000 1.000000 0.000000
190 0.000000 0.000000 0.000000
191 1 66.036163 74.183746 91.211930 1.000000 1.000000 1.000000 0.000000
191 0.000000 0.000000 0.000000
192 1 25.026273 68.550710 12.946841 1.000000 1.000000 1.000000 0.000000
192 0.000000 0.000000 0.000000
193 1 27.930605 70.943143 195.012772 1.000000 1.000000 1.000000 0.000000
193 0.000000 0.000000 0.000000
194 1 91.328612 30.281068 185.011352 1.000000 1.000000 1.000000 0.000000
194 0.000000 0.000000 0.000000
195 1 25.759075 10.920880 193.540496 1.000000 1.000000 1.000000 0.000000
195 0.000000 0.000000 0.000000
196 1 46.238988 60.716533 141.992243 1.000000 1.000000 1.000000 0.000000
196 0.000000 0.000000 0.000000
197 1 64.099149 33.425742 142.119539 1.000000 1.000000 1.000000 0.000000
197 0.000000 0.000000 0.000000
198 1 95.691116 76.551365 21.130985 1.000000 1.000000 1.000000 0.000000
198 0.000000 0.000000 0.000000
199 1 17.692322 11.060021 176.283941 1.000000 1.000000 1.000000 0.000000
199 0.000000 0.000000 0.000000
200 1 14.767815 38.915716 162.642245 1.000000 1.000000 1.000000 0.000000
200 0.000000 0.000000 0.000000
201 1 15.236938 46.391489 135.657135 1.000000 1.000000 1.000000 0.000000
201 0.000000 0.000000 0.000000
202 1 83.782416 18.707725 177.167908 1.000000 1.000000 1.000000 0.000000
202 0.000000 0.000000 0.000000
203 1 52.329736 76.559922 18.817572 1.000000 1.000000 1.000000 0.000000
203 0.000000 0.000000 0.000000
204 1 18.314239 94.935666 116.956480 1.000000 1.000000 1.000000 0.000000
204 0.000000 0.000000 0.000000
205 1 28.662516 12.591690 32.005420 1.000000 1.000000 1.000000 0.000000
205 0.000000 0.000000 0.000000
206 1 54.204787 0.750484 184.764315 1.000000 1.000000 1.000000 0.000000
206 0.000000 0.000000 0.000000
207 1 49.950518 76.270564 158.726289 1.000000 1.000000 1.000000 0.000000
207 0.000000 0.000000 0.000000
208 1 3.845808 10.655372 113.240803 1.000000 1.000000 1.000000 0.000000
208 0.000000 0.000000 0.000000
209 1 68.602101 39.825174 133.678529 1.000000 1.000000 1.000000 0.000000
209 0.000000 0.000000 0.000000
210 1 13.023534 34.857712 15.220095 1.000000 1.000000 1.000000 0.000000
210 0.000000 0.000000 0.000000
211 1 41.897085 69.004980 59.301999 1.000000 1.000000 1.000000 0.000000
211 0.000000 0.000000 0.000000
212 1 78.847578 6.499546 109.368198 1.000000 1.000000 1.000000 0.000000
212 0.000000 0.000000 0.000000
213 1 14.830119 15.446506 120.478583 1.000000 1.000000 1.000000 0.000000
213 0.000000 0.000000 0.000000
214 1 92.362470 39.293004 41.948562 1.000000 1.000000 1.000000 0.000000
214 0.000000 0.000000 0.000000
215 1 37.853862 56.410668 37.475168 1.000000 1.000000 1.000000 0.000000
215 0.000000 0.000000 0.000000
216 1 99.767673 56.164435 113.045937 1.000000 1.000000 1.000000 0.000000
216 0.000000 0.000000 0.000000
217 1 46.815225 33.591616 172.765789 1.000000 1.000000 1.000000 0.000000
217 0.000000 0.000000 0.000000
218 1 52.523315 67.294387 141.540880 1.000000 1.000000 1.000000 0.000000
218 0.000000 0.000000 0.000000
219 1 76.745057 77.812670 56.020523 1.000000 1.000000 1.000000 0.000000
219 0.000000 0.000000 0.000000
220 1 62.038679 56.353867 73.186489 1.000000 1.000000 1.000000 0.000000
220 0.000000 0.000000 0.000000
221 1 17.369509 21.109914 176.162681 1.000000 1.000000 1.000000 0.000000
221 0.000000 0.000000 0.000000
222 1 56.555051 20.443833 79.341807 1.000000 1.000000 1.000000 0.000000
222 0.000000 0.000000 0.000000
223 1 90.471507 76.784105 152.336660 1.000000 1.000000 1.000000 0.000000
223 0.000000 0.000000 0.000000
224 1 46.866558 99.756084 184.045502 1.000000 1.000000 1.000000 0.000000
224 0.000000 0.000000 0.000000
225 1 17.750002 18.998237 85.516604 1.000000 1.000000 1.000000 0.000000
225 0.000000 0.000000 0.000000
226 1 18.108317 54.467414 49.400607 1.000000 1.000000 1.000000 0.000000
226 0.000000 0.000000 0.000000
227 1 33.828754 86.726989 195.360823 1.000000 1.000000 1.000000 0.000000
227 0.000000 0.000000 0.000000
228 1 75.135578 72.324232 30.157149 1.000000 1.000000 1.000000 0.000000
228 0.000000 0.000000 0.000000
229 1 45.652332 75.520154 24.284256 1.000000 1.000000 1.000000 0.000000
229 0.000000 0.000000 0.000000
230 1 19.848403 12.345865 14.671121 1.000000 1.000000 1.000000 0.000000
230 0.000000 0.000000 0.000000
231 1 3.815375 91.144541 9.945646 1.000000 1.000000 1.000000 0.000000
231 0.000000 0.000000 0.000000
232 1 91.368784 52.207837 105.269457 1.000000 1.000000 1.000000 0.000000
232 0.000000 0.000000 0.000000
233 1 9.299013 74.878605 25.354823 1.000000 1.000000 1.000000 0.000000
233 0.000000 0.000000 0.000000
234 1 26.390704 2.601337 134.606534 1.000000 1.000000 1.000000 0.000000
234 0.000000 0.000000 0.000000
235 1 96.110834 93.128170 18.372303 1.000000 1.000000 1.000000 0.000000
235 0.000000 0.000000 0.000000
236 1 53.929767 25.215086 179.642580 1.000000 1.000000 1.000000 0.000000
236 0.000000 0.000000 0.000000
237 1 17.855526 68.933566 41.853785 1.000000 1.000000 1.000000 0.000000
237 0.000000 0.000000 0.000000
238 1 7.700152 49.580462 116.800593 1.000000 1.000000 1.000000 0.000000
238 0.000000 0.000000 0.000000
239 1 21.799085 68.224957 142.391772 1.000000 1.000000 1.000000 0.000000
239 0.000000 0.000000 0.000000
240 1 49.349712 53.445461 54.347252 1.000000 1.000000 1.000000 0.000000
240 0.000000 0.000000 0.000000
241 1 96.960415 59.842847 40.719967 1.000000 1.000000 1.000000 0.000000
241 0.000000 0.000000 0.000000
242 1 15.399214 92.146571 46.032864 1.000000 1.000000 1.000000 0.000000
242 0.000000 0.000000 0.000000
243 1 76.922222 57.495450 119.335188 1.000000 1.000000 1.000000 0.000000
243 0.000000 0.000000 0.000000
244 1 12.218699 46.482127 59.662434 1.000000 1.000000 1.000000 0.000000
244 0.000000 0.000000 0.000000
245 1 97.335089 97.400722 5.772985 1.000000 1.000000 1.000000 0.000000
245 0.000000 0.000000 0.000000
246 1 37.723042 8.818555 106.532471 1.000000 1.000000 1.000000 0.000000
246 0.000000 0.000000 0.000000
247 1 15.775923 24.874157 81.921571 1.000000 1.000000 1.000000 0.000000
247 0.000000 0.000000 0.000000
248 1 70.806095 57.701362 62.393961 1.000000 1.000000 1.000000 0.000000
248 0.000000 0.000000 0.000000
249 1 85.895069 2.509092 18.824881 1.000000 1.000000 1.000000 0.000000
249 0.000000 0.000000 0.000000
250 1 2.256979 13.482085 82.081152 1.000000 1.000000 1.000000 0.000000
250 0.000000 0.000000 0.000000
251 1 39.245266 4.266069 127.296794 1.000000 1.000000 1.000000 0.000000
251 0.000000 0.000000 0.000000
252 1 89.565402 46.545922 48.445867 1.000000 1.000000 1.000000 0.000000
252 0.000000 0.000000 0.000000
253 1 87.669275 91.579144 27.773978 1.000000 1.000000 1.000000 0.000000
253 0.000000 0.000000 0.000000
254 1 81.768385 73.938325 178.120258 1.000000 1.000000 1.000000 0.000000
254 0.000000 0.000000 0.000000
255 1 84.077038 31.348391 37.147961 1.000000 1.000000 1.000000 0.000000
255 0.000000 0.000000 0.000000
256 1 61.503044 47.083907 165.394428 1.000000 1.000000 1.000000 0.000000
256 0.000000 0.000000 0.000000
257 1 67.410250 72.649990 24.819707 1.000000 1.000000 1.000000 0.000000
257 0.000000 0.000000 0.000000
258 1 41.519021 81.360289 115.351566 1.000000 1.000000 1.000000 0.000000
258 0.000000 0.000000 0.000000
259 1 43.871060 95.645733 116.135944 1.000000 1.000000 1.000000 0.000000
259 0.000000 0.000000 0.000000
260 1 6.289047 61.848326 172.738869 1.000000 1.000000 1.000000 0.000000
260 0.000000 0.000000 0.000000
261 1 0.370963 62.161461 173.682878 1.000000 1.000000 1.000000 0.000000
261 0.000000 0.000000 0.000000
262 1 44.471806 61.095351 84.752309 1.000000 1.000000 1.000000 0.000000
262 0.000000 0.000000 0.000000
263 1 51.065484 65.120137 183.378735 1.000000 1.000000 1.000000 0.000000
263 0.000000 0.000000 0.000000
264 1 84.233550 35.042912 33.825824 1.000000 1.000000 1.000000 0.000000
264 0.000000 0.000000 0.000000
265 1 58.072598 49.834178 63.997588 1.000000 1.000000 1.000000 0.000000
265 0.000000 0.000000 0.000000
266 1 2.293375 94.302212 146.016241 1.000000 1.000000 1.000000 0.000000
266 0.000000 0.000000 0.000000
267 1 61.394933 56.697677 130.605270 1.000000 1.000000 1.000000 0.000000
267 0.000000 0.000000 0.000000
268 1 1.916779 66.711710 175.849578 1.000000 1.000000 1.000000 0.000000
268 0.000000 0.000000 0.000000
269 1 50.951089 44.540608 111.384660 1.000000 1.000000 1.000000 0.000000
269 0.000000 0.000000 0.000000
270 1 44.686544 7.316345 33.253234 1.000000 1.000000 1.000000 0.000000
270 0.000000 0.000000 0.000000
271 1 0.858666 1.329678 167.814072 1.000000 1.000000 1.000000 0.000000
271 0.000000 0.000000 0.000000
272 1 28.828076 23.283022 28.106882 1.000000 1.000000 1.000000 0.000000
272 0.000000 0.000000 0.000000
273 1 24.472628 17.667728 7.563155 1.000000 1.000000 1.000000 0.000000
273 0.000000 0.000000 0.000000
274 1 0.350577 90.066191 48.224457 1.000000 1.000000 1.000000 0.000000
274 0.000000 0.000000 0.000000
275 1 12.323290 12.099562 68.130685 1.000000 1.000000 1.000000 0.000000
275 0.000000 0.000000 0.000000
276 1 27.524997 71.977036 84.089135 1.000000 1.000000 1.000000 0.000000
276 0.000000 0.000000 0.000000
277 1 79.506905 82.735519 161.501353 1.000000 1.000000 1.000000 0.000000
277 0.000000 0.000000 0.000000
278 1 70.179088 6.202283 95.496515 1.000000 1.000000 1.000000 0.000000
278 0.000000 0.000000 0.000000
279 1 98.947745 94.611432 64.429899 1.000000 1.000000 1.000000 0.000000
279 0.000000 0.000000 0.000000
280 1 4.283831 6.298045 132.950906 1.000000 1.000000 1.000000 0.000000
280 0.000000 0.000000 0.000000
281 1 92.615031 30.036278 128.052705 1.000000 1.000000 1.000000 0.000000
281 0.000000 0.000000 0.000000
282 1 2.119606 80.161622 62.237017 1.000000 1.000000 1.000000 0.000000
282 0.000000 0.000000 0.000000
283 1 66.526509 16.459196 63.750876 1.000000 1.000000 1.000000 0.000000
283 0.000000 0.000000 0.000000
284 1 94.319680 36.220414 198.375324 1.000000 1.000000 1.000000 0.000000
284 0.000000 0.000000 0.000000
285 1 68.697209 79.541581 76.154610 1.000000 1.000000 1.000000 0.000000
285 0.000000 0.000000 0.000000
286 1 57.443593 72.254196 67.933765 1.000000 1.000000 1.000000 0.000000
286 0.000000 0.000000 0.000000
287 1 42.828770 65.470206 48.927469 1.000000 1.000000 1.000000 0.000000
287 0.000000 0.000000 0.000000
288 1 48.018473 45.748244 97.480142 1.000000 1.000000 1.000000 0.000000
288 0.000000 0.000000 0.000000
289 1 5.437514 51.795436 99.350838 1.000000 1.000000 1.000000 0.000000
289 0.000000 0.000000 0.000000
290 1 60.371432 16.281841 86.235123 1.000000 1.000000 1.000000 0.000000
290 0.000000 0.000000 0.000000
291 1 49.389096 26.338139 56.343308 1.000000 1.000000 1.000000 0.000000
291 0.000000 0.000000 0.000000
292 1 61.832589 67.640810 72.877203 1.000000 1.000000 1.000000 0.000000
292 0.000000 0.000000 0.000000
293 1 97.591504 17.052149 93.481478 1.000000 1.000000 1.000000 0.000000
293 0.000000 0.000000 0.000000
294 1 49.739528 29.710845 137.878476 1.000000 1.000000 1.000000 0.000000
294 0.000000 0.000000 0.000000
295 1 17.977142 88.147999 102.210681 1.000000 1.000000 1.000000 0.000000
295 0.000000 0.000000 0.000000
296 1 29.699536 49.987890 69.728467 1.000000 1.000000 1.000000 0.000000
296 0.000000 0.000000 0.000000
297 1 91.630551 94.337731 183.213272 1.000000 1.000000 1.000000 0.000000
297 0.000000 0.000000 0.000000
298 1 74.023280 85.648747 117.878779 1.000000 1.000000 1.000000 0.000000
298 0.000000 0.000000 0.000000
299 1 27.660048 35.756380 29.020424 1.000000 1.000000 1.000000 0.000000
299 0.000000 0.000000 0.000000
300 1 80.869550 52.675622 41.193375 1.000000 1.000000 1.000000 0.000000
300 0.000000 0.000000 0.000000
301 1 64.641171 45.379248 55.869986 1.000000 1.000000 1.000000 0.000000
301 0.000000 0.000000 0.000000
302 1 70.714363 91.938637 3.162614 1.000000 1.000000 1.000000 0.000000
302 0.000000 0.000000 0.000000
303 1 54.003468 79.046064 193.567469 1.000000 1.000000 1.000000 0.000000
303 0.000000 0.000000 0.000000
304 1 95.555005 31.002339 40.431238 1.000000 1.000000 1.000000 0.000000
304 0.000000 0.000000 0.000000
305 1 42.053090 11.254028 109.040468 1.000000 1.000000 1.000000 0.000000
305 0.000000 0.000000 0.000000
306 1 44.818862 70.783453 82.396901 1.000000 1.000000 1.000000 0.000000
306 0.000000 0.000000 0.000000
307 1 24.134706 60.253151 130.732440 1.000000 1.000000 1.000000 0.000000
307 0.000000 0.000000 0.000000
308 1 31.405412 94.807976 159.762518 1.000000 1.000000 1.000000 0.000000
308 0.000000 0.000000 0.000000
309 1 25.244635 1.663660 0.240184 1.000000 1.000000 1.000000 0.000000
309 0.000000 0.000000 0.000000
310 1 50.574224 9.119702 145.757974 1.000000 1.000000 1.000000 0.000000
310 0.000000 0.000000 0.000000
311 1 82.239937 70.606896 168.201995 1.000000 1.000000 1.000000 0.000000
311 0.000000 0.000000 0.000000
312 1 2.102558 29.047873 73.826001 1.000000 1.000000 1.000000 0.000000
312 0.000000 0.000000 0.000000
313 1 32.873733 98.610934 156.199070 1.000000 1.000000 1.000000 0.000000
313 0.000000 0.000000 0.000000
314 1 47.828414 79.798439 17.495977 1.000000 1.000000 1.000000 0.000000
314 0.000000 0.000000 0.000000
315 1 52.316550 17.201691 96.048253 1.000000 1.000000 1.000000 0.000000
315 0.000000 0.000000 0.000000
316 1 31.481862 71.845005 180.447182 1.000000 1.000000 1.000000 0.000000
316 0.000000 0.000000 0.000000
317 1 67.623153 61.890296 192.203439 1.000000 1.000000 1.000000 0.000000
317 0.000000 0.000000 0.000000
318 1 6.112192 32.222669 137.051876 1.000000 1.000000 1.000000 0.000000
318 0.000000 0.000000 0.000000
319 1 79.796067 43.426206 125.358638 1.000000 1.000000 1.000000 0.000000
319 0.000000 0.000000 0.000000
320 1 45.367054 47.858335 100.973137 1.000000 1.000000 1.000000 0.000000
320 0.000000 0.000000 0.000000
321 1 11.146460 25.421116 142.680417 1.000000 1.000000 1.000000 0.000000
321 0.000000 0.000000 0.000000
322 1 22.045509 97.908747 197.447054 1.000000 1.000000 1.000000 0.000000
322 0.000000 0.000000 0.000000
323 1 96.374387 31.157839 128.238313 1.000000 1.000000 1.000000 0.000000
323 0.000000 0.000000 0.000000
324 1 4.910949 76.709016 58.892447 1.000000 1.000000 1.000000 0.000000
324 0.000000 0.000000 0.000000
325 1 16.959047 52.296046 70.257385 1.000000 1.000000 1.000000 0.000000
325 0.000000 0.000000 0.000000
326 1 17.930178 60.197018 64.847179 1.000000 1.000000 1.000000 0.000000
326 0.000000 0.000000 0.000000
327 1 5.649866 70.822291 153.838275 1.000000 1.000000 1.000000 0.000000
327 0.000000 0.000000 0.000000
328 1 72.887927 98.112897 138.653504 1.000000 1.000000 1.000000 0.000000
328 0.000000 0.000000 0.000000
329 1 23.424705 19.849963 94.161709 1.000000 1.000000 1.000000 0.000000
329 0.000000 0.000000 0.000000
330 1 65.977323 13.339843 64.686263 1.000000 1.000000 1.000000 0.000000
330 0.000000 0.000000 0.000000
331 1 57.676221 16.356949 49.104810 1.000000 1.000000 1.000000 0.000000
331 0.000000 0.000000 0.000000
332 1 86.078742 52.120448 185.615410 1.000000 1.000000 1.000000 0.000000
332 0.000000 0.000000 0.000000
333 1 95.249480 19.597202 181.484400 1.000000 1.000000 1.000000 0.000000
333 0.000000 0.000000 0.000000
334 1 16.061398 55.864918 102.941542 1.000000 1.000000 1.000000 0.000000
334 0.000000 0.000000 0.000000
335 1 85.269247 39.760083 30.146646 1.000000 1.000000 1.000000 0.000000
335 0.000000 0.000000 0.000000
336 1 80.992820 78.248273 39.000586 1.000000 1.000000 1.000000 0.000000
336 0.000000 0.000000 0.000000
337 1 28.509609 51.332859 102.018505 1.000000 1.000000 1.000000 0.000000
337 0.000000 0.000000 0.000000
338 1 67.833329 36.130453 155.905621 1.000000 1.000000 1.000000 0.000000
338 0.000000 0.000000 0.000000
339 1 69.911682 2.764600 22.712173 1.000000 1.000000 1.000000 0.000000
339 0.000000 0.000000 0.000000
340 1 73.883792 47.100131 177.534865 1.000000 1.000000 1.000000 0.000000
340 0.000000 0.000000 0.000000
341 1 26.872199 20.782088 20.212649 1.000000 1.000000 1.000000 0.000000
341 0.000000 0.000000 0.000000
342 1 96.284455 52.927275 32.977048 1.000000 1.000000 1.000000 0.000000
342 0.000000 0.000000 0.000000
343 1 22.370893 37.046443 99.066594 1.000000 1.000000 1.000000 0.000000
343 0.000000 0.000000 0.000000
344 1 14.114757 7.807133 15.447428 1.000000 1.000000 1.000000 0.000000
344 0.000000 0.000000 0.000000
345 1 63.315808 32.803885 141.888682 1.000000 1.000000 1.000000 0.000000
345 0.000000 0.000000 0.000000
346 1 35.928405 48.003617 39.170394 1.000000 1.000000 1.000000 0.000000
346 0.000000 0.000000 0.000000
347 1 34.989191 85.283669 189.201092 1.000000 1.000000 1.000000 0.000000
347 0.000000 0.000000 0.000000
348 1 0.961099 18.049363 94.422635 1.000000 1.000000 1.000000 0.000000
348 0.000000 0.000000 0.000000
349 1 55.002643 50.577748 156.552885 1.000000 1.000000 1.000000 0.000000
349 0.000000 0.000000 0.000000
350 1 39.185207 38.890707 65.265136 1.000000 1.000000 1.000000 0.000000
350 0.000000 0.000000 0.000000
351 1 40.779309 29.376915 186.279208 1.000000 1.000000 1.000000 0.000000
351 0.000000 0.000000 0.000000
352 1 33.505545 75.679876 158.617120 1.000000 1.000000 1.000000 0.000000
352 0.000000 0.000000 0.000000
353 1 69.538920 51.376506 143.168153 1.000000 1.000000 1.000000 0.000000
353 0.000000 0.000000 0.000000
354 1 63.028511 87.641835 66.606800 1.000000 1.000000 1.000000 0.000000
354 0.000000 0.000000 0.000000
355 1 55.748203 78.792949 103.189068 1.000000 1.000000 1.000000 0.000000
355 0.000000 0.000000 0.000000
356 1 56.137801 97.800087 135.112490 1.000000 1.000000 1.000000 0.000000
356 0.000000 0.000000 0.000000
357 1 47.783958 10.670415 44.930360 1.000000 1.000000 1.000000 0.000000
357 0.000000 0.000000 0.000000
358 1 44.542835 48.146114 135.937176 1.000000 1.000000 1.000000 0.000000
358 0.000000 0.000000 0.000000
359 1 99.350701 51.048381 112.099815 1.000000 1.000000 1.000000 0.000000
359 0.000000 0.000000 0.000000
360 1 88.992054 89.633114 189.997569 1.000000 1.000000 1.000000 0.000000
360 0.000000 0.000000 0.000000
361 1 53.857618 4.877333 99.159271 1.000000 1.000000 1.000000 0.000000
361 0.000000 0.000000 0.000000
362 1 34.144122 3.877087 168.630441 1.000000 1.000000 1.000000 0.000000
362 0.000000 0.000000 0.000000
363 1 15.325951 15.591277 28.124747 1.000000 1.000000 1.000000 0.000000
363 0.000000 0.000000 0.000000
364 1 26.805726 14.793259 129.662101 1.000000 1.000000 1.000000 0.000000
364 0.000000 0.000000 0.000000
365 1 54.626403 76.059463 17.132752 1.000000 1.000000 1.000000 0.000000
365 0.000000 0.000000 0.000000
366 1 4.747062 97.884817 124.551086 1.000000 1.000000 1.000000 0.000000
366 0.000000 0.000000 0.000000
367 1 55.641311 36.694004 78.064121 1.000000 1.000000 1.000000 0.000000
367 0.000000 0.000000 0.000000
368 1 63.454212 87.818768 124.501555 1.000000 1.000000 1.000000 0.000000
368 0.000000 0.000000 0.000000
369 1 16.646332 24.906334 170.216761 1.000000 1.000000 1.000000 0.000000
369 0.000000 0.000000 0.000000
370 1 28.244996 34.284532 129.273445 1.000000 1.000000 1.000000 0.000000
370 0.000000 0.000000 0.000000
371 1 13.167885 57.326253 145.197521 1.000000 1.000000 1.000000 0.000000
371 0.000000 0.000000 0.000000
372 1 8.447861 82.641095 150.084056 1.000000 1.000000 1.000000 0.000000
372 0.000000 0.000000 0.000000
373 1 36.303763 99.339279 107.521183 1.000000 1.000000 1.000000 0.000000
373 0.000000 0.000000 0.000000
374 1 20.760084 93.719024 8.221967 1.000000 1.000000 1.000000 0.000000
374 0.000000 0.000000 0.000000
375 1 86.551384 47.160914 163.673630 1.000000 1.000000 1.000000 0.000000
375 0.000000 0.000000 0.000000
376 1 76.128185 37.314742 169.267286 1.000000 1.000000 1.000000 0.000000
376 0.000000 0.000000 0.000000
377 1 23.321145 58.680526 81.927172 1.000000 1.000000 1.000000 0.000000
377 0.000000 0.000000 0.000000
378 1 38.528239 88.708021 67.957080 1.000000 1.000000 1.000000 0.000000
378 0.000000 0.000000 0.000000
379 1 78.722589 87.080289 79.045260 1.000000 1.000000 1.000000 0.000000
379 0.000000 0.000000 0.000000
380 1 86.336445 66.314415 46.481610 1.000000 1.000000 1.000000 0.000000
380 0.000000 0.000000 0.000000
381 1 6.209730 7.929630 84.141659 1.000000 1.000000 1.000000 0.000000
381 0.000000 0.000000 0.000000
382 1 45.052859 92.187648 164.594073 1.000000 1.000000 1.000000 0.000000
382 0.000000 0.000000 0.000000
383 1 4.486603 19.780395 166.294375 1.000000 1.000000 1.000000 0.000000
383 0.000000 0.000000 0.000000
384 1 23.460591 74.388027 111.084350 1.000000 1.000000 1.000000 0.000000
384 0.000000 0.000000 0.000000
385 1 7.199861 93.653295 142.287988 1.000000 1.000000 1.000000 0.000000
385 0.000000 0.000000 0.000000
386 1 33.196029 15.053581 69.085321 1.000000 1.000000 1.000000 0.000000
386 0.000000 0.000000 0.000000
387 1 87.558104 85.055182 198.458771 1.000000 1.000000 1.000000 0.000000
387 0.000000 0.000000 0.000000
388 1 65.439488 76.068526 177.616725 1.000000 1.000000 1.000000 0.000000
388 0.000000 0.000000 0.000000
389 1 1.949297 76.045886 166.462333 1.000000 1.000000 1.000000 0.000000
389 0.000000 0.000000 0.000000
390 1 54.113341 92.798354 50.289316 1.000000 1.000000 1.000000 0.000000
390 0.000000 0.000000 0.000000
391 1 51.906017 85.025727 74.896200 1.000000 1.000000 1.000000 0.000000
391 0.000000 0.000000 0.000000
392 1 33.783852 83.655355 79.745611 1.000000 1.000000 1.000000 0.000000
392 0.000000 0.000000 0.000000
393 1 90.022367 75.941441 125.699613 1.000000 1.000000 1.000000 0.000000
393 0.000000 0.000000 0.000000
394 1 48.126531 88.529834 172.020406 1.000000 1.000000 1.000000 0.000000
394 0.000000 0.000000 0.000000
395 1 39.614188 69.973712 12.812244 1.000000 1.000000 1.000000 0.000000
395 0.000000 0.000000 0.000000
396 1 43.075858 44.117944 0.533309 1.000000 1.000000 1.000000 0.000000
396 0.000000 0.000000 0.000000
397 1 49.455807 67.016648 65.067692 1.000000 1.000000 1.000000 0.000000
397 0.000000 0.000000 0.000000
398 1 69.617618 7.185325 36.039503 1.000000 1.000000 1.000000 0.000000
398 0.000000 0.000000 0.000000
399 1 39.787805 78.567927 48.149155 1.000000 1.000000 1.000000 0.000000
399 0.000000 0.000000 0.000000
400 1 17.127609 40.413941 18.295607 1.000000 1.000000 1.000000 0.000000
400 0.000000 0.000000 0.000000
401 1 66.063407 19.459506 43.875343 1.000000 1.000000 1.000000 0.000000
401 0.000000 0.000000 0.000000
402 1 64.741466 62.733425 181.364061 1.000000 1.000000 1.000000 0.000000
402 0.000000 0.000000 0.000000
403 1 47.730011 76.282454 140.698323 1.000000 1.000000 1.000000 0.000000
403 0.000000 0.000000 0.000000
404 1 24.305433 16.592657 108.247394 1.000000 1.000000 1.000000 0.000000
404 0.000000 0.000000 0.000000
405 1 77.137745 51.546975 35.919214 1.000000 1.000000 1.000000 0.000000
405 0.000000 0.000000 0.000000
406 1 16.108569 43.675891 127.110263 1.000000 1.000000 1.000000 0.000000
406 0.000000 0.000000 0.000000
407 1 63.034544 2.773025 5.494256 1.000000 1.000000 1.000000 0.000000
407 0.000000 0.000000 0.000000
408 1 82.632688 42.606745 58.977053 1.000000 1.000000 1.000000 0.000000
408 0.000000 0.000000 0.000000
409 1 15.998720 8.221022 145.683637 1.000000 1.000000 1.000000 0.000000
409 0.000000 0.000000 0.000000
410 1 6.498478 27.676539 113.320444 1.000000 1.000000 1.000000 0.000000
410 0.000000 0.000000 0.000000
411 1 25.138970 44.695982 41.736654 1.000000 1.000000 1.000000 0.000000
411 0.000000 0.000000 0.000000
412 1 68.885333 2.112069 163.161071 1.000000 1.000000 1.000000 0.000000
412 0.000000 0.000000 0.000000
413 1 90.508408 24.298174 37.355908 1.000000 1.000000 1.000000 0.000000
413 0.000000 0.000000 0.000000
414 1 99.158953 90.198678 77.713052 1.000000 1.000000 1.000000 0.000000
414 0.000000 0.000000 0.000000
415 1 88.653967 77.904153 72.013028 1.000000 1.000000 1.000000 0.000000
415 0.000000 0.000000 0.000000
416 1 25.377355 4.927831 181.212751 1.000000 1.000000 1.000000 0.000000
416 0.000000 0.000000 0.000000
417 1 2.257410 47.882666 145.738230 1.000000 1.000000 1.000000 0.000000
417 0.000000 0.000000 0.000000
418 1 38.725657 1.411414 21.621775 1.000000 1.000000 1.000000 0.000000
418 0.000000 0.000000 0.000000
419 1 87.214513 81.161499 73.890831 1.000000 1.000000 1.000000 0.000000
419 0.000000 0.000000 0.000000
420 1 90.768307 13.452264 86.571215 1.000000 1.000000 1.000000 0.000000
420 0.000000 0.000000 0.000000
421 1 40.035064 92.150844 186.195635 1.000000 1.000000 1.000000 0.000000
421 0.000000 0.000000 0.000000
422 1 79.884608 28.052270 199.957914 1.000000 1.000000 1.000000 0.000000
422 0.000000 0.000000 0.000000
423 1 28.709298 32.679599 63.185460 1.000000 1.000000 1.000000 0.000000
423 0.000000 0.000000 0.000000
424 1 85.537967 40.248783 164.574995 1.000000 1.000000 1.000000 0.000000
424 0.000000 0.000000 0.000000
425 1 88.327520 57.166568 0.468864 1.000000 1.000000 1.000000 0.000000
425 0.000000 0.000000 0.000000
426 1 54.003902 70.365235 190.164111 1.000000 1.000000 1.000000 0.000000
426 0.000000 0.000000 0.000000
427 1 4.780334 89.813759 169.362936 1.000000 1.000000 1.000000 0.000000
427 0.000000 0.000000 0.000000
428 1 79.822733 41.119936 44.711614 1.000000 1.000000 1.000000 0.000000
428 0.000000 0.000000 0.000000
429 1 63.946227 68.661866 170.745432 1.000000 1.000000 1.000000 0.000000
429 0.000000 0.000000 0.000000
430 1 27.771097 67.593036 25.184973 1.000000 1.000000 1.000000 0.000000
430 0.000000 0.000000 0.000000
431 1 37.251964 27.725142 67.340496 1.000000 1.000000 1.000000 0.000000
431 0.000000 0.000000 0.000000
432 1 58.921017 96.850732 65.247076 1.000000 1.000000 1.000000 0.000000
432 0.000000 0.000000 0.000000
433 1 9.716892 38.375494 149.110334 1.000000 1.000000 1.000000 0.000000
433 0.000000 0.000000 0.000000
434 1 86.869009 37.723541 97.173450 1.000000 1.000000 1.000000 0.000000
434 0.000000 0.000000 0.000000
435 1 31.970316 77.372191 171.742952 1.000000 1.000000 1.000000 0.000000
435 0.000000 0.000000 0.000000
436 1 14.385652 49.277433 57.863782 1.000000 1.000000 1.000000 0.000000
436 0.000000 0.000000 0.000000
437 1 98.488455 15.865141 177.333539 1.000000 1.000000 1.000000 0.000000
437 0.000000 0.000000 0.000000
438 1 84.472983 76.442030 120.232543 1.000000 1.000000 1.000000 0.000000
438 0.000000 0.000000 0.000000
439 1 47.956570 71.319064 110.342509 1.000000 1.000000 1.000000 0.000000
439 0.000000 0.000000 0.000000
440 1 34.516752 61.188417 81.683926 1.000000 1.000000 1.000000 0.000000
440 0.000000 0.000000 0.000000
441 1 78.951975 39.695140 152.619802 1.000000 1.000000 1.000000 0.000000
441 0.000000 0.000000 0.000000
442 1 96.901405 72.483081 103.742074 1.000000 1.000000 1.000000 0.000000
442 0.000000 0.000000 0.000000
443 1 31.673178 69.199451 154.404060 1.000000 1.000000 1.000000 0.000000
443 0.000000 0.000000 0.000000
444 1 12.366051 76.967934 40.882922 1.000000 1.000000 1.000000 0.000000
444 0.000000 0.000000 0.000000
445 1 27.197018 59.976181 47.133948 1.000000 1.000000 1.000000 0.000000
445 0.000000 0.000000 0.000000
446 1 28.461382 63.580205 62.904047 1.000000 1.000000 1.000000 0.000000
446 0.000000 0.000000 0.000000
447 1 19.944292 78.605740 113.010285 1.000000 1.000000 1.000000 0.000000
447 0.000000 0.000000 0.000000
448 1 83.403379 82.415574 94.350058 1.000000 1.000000 1.000000 0.000000
448 0.000000 0.000000 0.000000
449 1 25.213449 27.767388 99.429200 1.000000 1.000000 1.000000 0.000000
449 0.000000 0.000000 0.000000
450 1 36.895606 48.332193 3.025592 1.000000 1.000000 1.000000 0.000000
450 0.000000 0.000000 0.000000
451 1 55.230749 25.469930 1.574936 1.000000 1.000000 1.000000 0.000000
451 0.000000 0.000000 0.000000
452 1 1.163296 1.851679 48.810673 1.000000 1.000000 1.000000 0.000000
452 0.000000 0.000000 0.000000
453 1 2.314329 74.475076 18.631252 1.000000 1.000000 1.000000 0.000000
453 0.000000 0.000000 0.000000
454 1 31.302958 63.654393 155.878684 1.000000 1.000000 1.000000 0.000000
454 0.000000 0.000000 0.000000
455 1 79.102557 49.845897 110.209263 1.000000 1.000000 1.000000 0.000000
455 0.000000 0.000000 0.000000
456 1 93.989930 27.141617 107.080882 1.000000 1.000000 1.000000 0.000000
456 0.000000 0.000000 0.000000
457 1 96.017156 16.946979 0.827669 1.000000 1.000000 1.000000 0.000000
457 0.000000 0.000000 0.000000
458 1 42.082919 88.725985 95.805269 1.000000 1.000000 1.000000 0.000000
458 0.000000 0.000000 0.000000
459 1 83.366295 45.373898 94.969228 1.000000 1.000000 1.000000 0.000000
459 0.000000 0.000000 0.000000
460 1 7.352573 13.031574 37.941442 1.000000 1.000000 1.000000 0.000000
460 0.000000 0.000000 0.000000
461 1 23.871938 88.867866 190.886811 1.000000 1.000000 1.000000 0.000000
461 0.000000 0.000000 0.000000
462 1 10.606625 84.455985 188.491889 1.000000 1.000000 1.000000 0.000000
462 0.000000 0.000000 0.000000
463 1 21.790333 43.108184 131.679341 1.000000 1.000000 1.000000 0.000000
463 0.000000 0.000000 0.000000
464 1 38.487671 43.049742 51.511293 1.000000 1.000000 1.000000 0.000000
464 0.000000 0.000000 0.000000
465 1 8.911155 81.561107 58.691207 1.000000 1.000000 1.000000 0.000000
465 0.000000 0.000000 0.000000
466 1 51.189925 54.095249 189.958138 1.000000 1.000000 1.000000 0.000000
466 0.000000 0.000000 0.000000
467 1 37.637442 92.063554 168.786401 1.000000 1.000000 1.000000 0.000000
467 0.000000 0.000000 0.000000
468 1 53.194113 74.225135 102.186534 1.000000 1.000000 1.000000 0.000000
468 0.000000 0.000000 0.000000
469 1 41.414147 0.000987 187.053395 1.000000 1.000000 1.000000 0.000000
469 0.000000 0.000000 0.000000
470 1 27.492322 3.708161 137.612190 1.000000 1.000000 1.000000 0.000000
470 0.000000 0.000000 0.000000
471 1 76.564254 77.398406 108.307738 1.000000 1.000000 1.000000 0.000000
471 0.000000 0.000000 0.000000
472 1 0.776614 38.952885 147.357302 1.000000 1.000000 1.000000 0.000000
472 0.000000 0.000000 0.000000
473 1 10.641554 68.060385 36.668513 1.000000 1.000000 1.000000 0.000000
473 0.000000 0.000000 0.000000
474 1 16.467883 65.706589 184.377579 1.000000 1.000000 1.000000 0.000000
474 0.000000 0.000000 0.000000
475 1 24.745817 94.051921 81.666472 1.000000 1.000000 1.000000 0.000000
475 0.000000 0.000000 0.000000
476 1 36.049770 63.936635 112.011502 1.000000 1.000000 1.000000 0.000000
476 0.000000 0.000000 0.000000
477 1 77.665399 95.591053 8.113728 1.000000 1.000000 1.000000 0.000000
477 0.000000 0.000000 0.000000
478 1 12.640203 75.245412 79.057662 1.000000 1.000000 1.000000 0.000000
478 0.000000 0.000000 0.000000
479 1 72.405624 97.019838 177.105213 1.000000 1.000000 1.000000 0.000000
479 0.000000 0.000000 0.000000
480 1 10.423606 82.332149 67.946845 1.000000 1.000000 1.000000 0.000000
480 0.000000 0.000000 0.000000
481 1 72.500436 3.433421 165.146043 1.000000 1.000000 1.000000 0.000000
481 0.000000 0.000000 0.000000
482 1 68.776002 70.555870 82.961429 1.000000 1.000000 1.000000 0.000000
482 0.000000 0.000000 0.000000
483 1 88.649262 49.339562 42.338876 1.000000 1.000000 1.000000 0.000000
483 0.000000 0.000000 0.000000
484 1 91.924508 90.762727 38.593163 1.000000 1.000000 1.000000 0.000000
484 0.000000 0.000000 0.000000
485 1 16.605769 10.153277 169.960718 1.000000 1.000000 1.000000 0.000000
485 0.000000 0.000000 0.000000
486 1 41.079006 17.792029 100.694296 1.000000 1.000000 1.000000 0.000000
486 0.000000 0.000000 0.000000
487 1 50.957418 64.306262 185.636633 1.000000 1.000000 1.000000 0.000000
487 0.000000 0.000000 0.000000
488 1 15.397885 46.926778 93.409710 1.000000 1.000000 1.000000 0.000000
488 0.000000 0.000000 0.000000
489 1 91.689397 49.331176 40.854314 1.000000 1.000000 1.000000 0.000000
489 0.000000 0.000000 0.000000
490 1 73.963345 54.389933 170.724369 1.000000 1.000000 1.000000 0.000000
490 0.000000 0.000000 0.000000
491 1 56.212469 88.280743 81.009988 1.000000 1.000000 1.000000 0.000000
491 0.000000 0.000000 0.000000
492 1 74.289601 27.509734 11.885232 1.000000 1.000000 1.000000 0.000000
492 0.000000 0.000000 0.000000
493 1 7.438912 71.020736 11.685520 1.000000 1.000000 1.000000 0.000000
493 0.000000 0.000000 0.000000
494 1 53.164177 8.765881 24.553551 1.000000 1.000000 1.000000 0.000000
494 0.000000 0.000000 0.000000
495 1 40.949706 73.433549 188.406643 1.000000 1.000000 1.000000 0.000000
495 0.000000 0.000000 0.000000
496 1 57.542188 39.094090 185.017788 1.000000 1.000000 1.000000 0.000000
496 0.000000 0.000000 0.000000
497 1 89.118698 65.558372 37.331938 1.000000 1.000000 1.000000 0.000000
497 0.000000 0.000000 0.000000
498 1 94.233342 67.897974 169.550409 1.000000 1.000000 1.000000 0.000000
498 0.000000 0.000000 0.000000
499 1 90.708300 6.633215 87.799559 1.000000 1.000000 1.000000 0.000000
499 0.000000 0.000000 0.000000
