RESTART FILE
Timestep: 300

NUMBER OF PARTICLES
500

SIMULATION BOX
100 100 200

TIMESTEP
0.1

ATTRACTION RADIUS
1
0 

AGGREGATES/BEADS
0 1 80.819759 95.275027 36.390125 1.000000 1.000000 1.000000 0.000000
0 0.000000 0.000000 0.000000
1 1 75.202839 86.567506 156.802640 1.000000 1.000000 1.000000 0.000000
1 0.000000 0.000000 0.000000
2 1 20.373117 97.617110 16.669065 1.000000 1.000000 1.000000 0.000000
2 0.000000 0.000000 0.000000
3 1 95.730576 81.411439 156.970273 1.000000 1.000000 1.000000 0.000000
3 0.000000 0.000000 0.000000
4 1 39.106496 78.963879 98.928012 1.000000 1.000000 1.000000 0.000000
4 0.000000 0.000000 0.000000
5 1 35.844851 71.927670 156.058895 1.000000 1.000000 1.000000 0.000000
5 0.000000 0.000000 0.000000
6 1 4.536826 18.966345 185.300778 1.000000 1.000000 1.000000 0.000000
6 0.000000 0.000000 0.000000
7 1 48.542974 13.345018 132.318937 1.000000 1.000000 1.000000 0.000000
7 0.000000 0.000000 0.000000
8 1 53.906922 6.555968 96.058327 1.000000 1.000000 1.000000 0.000000
8 0.000000 0.000000 0.000000
9 1 40.084290 34.173410 52.605612 1.000000 1.000000 1.000000 0.000000
9 0.000000 0.000000 0.000000
10 1 69.696855 71.211875 66.107259 1.000000 1.000000 1.000000 0.000000
10 0.000000 0.000000 0.000000
11 1 29.967598 57.843595 29.587902 1.000000 1.000000 1.000000 0.000000
11 0.000000 0.000000 0.000000
12 1 77.718994 79.626597 83.495534 1.000000 1.000000 1.000000 0.000000
12 0.000000 0.000000 0.000000
13 1 53.384280 76.758616 36.951744 1.000000 1.000000 1.000000 0.000000
13 0.000000 0.000000 0.000000
14 1 24.225117 43.526323 26.391243 1.000000 1.000000 1.000000 0.000000
14 0.000000 0.000000 0.000000
15 1 25.055302 47.615659 194.644357 1.000000 1.000000 1.000000 0.000000
15 0.000000 0.000000 0.000000
16 1 57.210123 46.917868 199.011806 1.000000 1.000000 1.000000 0.000000
16 0.000000 0.000000 0.000000
17 1 97.332919 67.423366 102.626665 1.000000 1.000000 1.000000 0.000000
17 0.000000 0.000000 0.000000
18 1 77.557463 15.462729 175.044047 1.000000 1.000000 1.000000 0.000000
18 0.000000 0.000000 0.000000
19 1 58.103011 37.383369 157.397450 1.000000 1.000000 1.000000 0.000000
19 0.000000 0.000000 0.000000
20 1 69.350558 86.732001 125.857385 1.000000 1.000000 1.000000 0.000000
20 0.000000 0.000000 0.000000
21 1 88.761951 37.491238 35.166500 1.000000 1.000000 1.000000 0.000000
21 0.000000 0.000000 0.000000
22 1 66.827229 35.413992 167.947488 1.000000 1.000000 1.000000 0.000000
22 0.000000 0.000000 0.000000
23 1 71.679311 59.662699 128.122270 1.000000 1.000000 1.000000 0.000000
23 0.000000 0.000000 0.000000
24 1 30.922983 43.572644 84.796364 1.000000 1.000000 1.000000 0.000000
24 0.000000 0.000000 0.000000
25 1 85.860505 97.969155 76.549750 1.000000 1.000000 1.000000 0.000000
25 0.000000 0.000000 0.000000
26 1 79.114260 18.362213 41.980347 1.000000 1.000000 1.000000 0.000000
26 0.000000 0.000000 0.000000
27 1 86.929971 61.352781 23.655233 1.000000 1.000000 1.000000 0.000000
27 0.000000 0.000000 0.000000
28 1 61.988988 9.897245 88.592029 1.000000 1.000000 1.000000 0.000000
28 0.000000 0.000000 0.000000
29 1 22.687477 23.889624 20.102634 1.000000 1.000000 1.000000 0.000000
29 0.000000 0.000000 0.000000
30 1 50.309402 16.706784 2.007798 1.000000 1.000000 1.000000 0.000000
30 0.000000 0.000000 0.000000
31 1 0.901445 67.517627 41.759725 1.000000 1.000000 1.000000 0.000000
31 0.000000 0.000000 0.000000
32 1 87.858247 61.354078 191.935648 1.000000 1.000000 1.000000 0.000000
32 0.000000 0.000000 0.000000
33 1 6.459441 52.978914 36.901740 1.000000 1.000000 1.000000 0.000000
33 0.000000 0.000000 0.000000
34 1 14.767582 1.702614 60.430231 1.000000 1.000000 1.000000 0.000000
34 0.000000 0.000000 0.000000
35 1 54.303191 3.185209 19.217396 1.000000 1.000000 1.000000 0.000000
35 0.000000 0.000000 0.000000
36 1 97.436673 91.687664 24.047338 1.000000 1.000000 1.000000 0.000000
36 0.000000 0.000000 0.000000
37 1 0.640641 97.367247 131.818382 1.000000 1.000000 1.000000 0.000000
37 0.000000 0.000000 0.000000
38 1 57.505230 50.271117 72.677639 1.000000 1.000000 1.000000 0.000000
38 0.000000 0.000000 0.000000
39 1 45.028288 33.881618 17.536491 1.000000 1.000000 1.000000 0.000000
39 0.000000 0.000000 0.000000
40 1 9.976776 15.905173 68.115578 1.000000 1.000000 1.000000 0.000000
40 0.000000 0.000000 0.000000
41 1 40.774817 43.000779 88.705041 1.000000 1.000000 1.000000 0.000000
41 0.000000 0.000000 0.000000
42 1 32.291830 46.338520 112.958797 1.000000 1.000000 1.000000 0.000000
42 0.000000 0.000000 0.000000
43 1 41.876580 85.840223 16.326771 1.000000 1.000000 1.000000 0.000000
43 0.000000 0.000000 0.000000
44 1 70.763539 64.775747 121.491999 1.000000 1.000000 1.000000 0.000000
44 0.000000 0.000000 0.000000
45 1 17.785691 75.944933 58.037410 1.000000 1.000000 1.000000 0.000000
45 0.000000 0.000000 0.000000
46 1 23.799417 94.591822 67.205713 1.000000 1.000000 1.000000 0.000000
46 0.000000 0.000000 0.000000
47 1 28.481843 65.154186 4.761461 1.000000 1.000000 1.000000 0.000000
47 0.000000 0.000000 0.000000
48 1 34.674795 23.546142 21.721902 1.000000 1.000000 1.000000 0.000000
48 0.000000 0.000000 0.000000
49 1 96.052201 43.793192 35.457313 1.000000 1.000000 1.000000 0.000000
49 0.000000 0.000000 0.000000
50 1 99.857512 66.341881 20.694605 1.000000 1.000000 1.000000 0.000000
50 0.000000 0.000000 0.000000
51 1 26.054697 19.061087 107.989502 1.000000 1.000000 1.000000 0.000000
51 0.000000 0.000000 0.000000
52 1 60.288926 73.260532 140.901915 1.000000 1.000000 1.000000 0.000000
52 0.000000 0.000000 0.000000
53 1 68.326407 72.481838 71.163355 1.000000 1.000000 1.000000 0.000000
53 0.000000 0.000000 0.000000
54 1 28.474356 49.135188 58.751710 1.000000 1.000000 1.000000 0.000000
54 0.000000 0.000000 0.000000
55 1 76.891147 86.408468 102.349165 1.000000 1.000000 1.000000 0.000000
55 0.000000 0.000000 0.000000
56 1 12.917511 55.391009 192.887584 1.000000 1.000000 1.000000 0.000000
56 0.000000 0.000000 0.000000
57 1 54.394725 89.383328 133.113601 1.000000 1.000000 1.000000 0.000000
57 0.000000 0.000000 0.000000
58 1 47.019169 48.325688 57.923846 1.000000 1.000000 1.000000 0.000000
58 0.000000 0.000000 0.000000
59 1 66.079827 9.215650 183.352987 1.000000 1.000000 1.000000 0.000000
59 0.000000 0.000000 0.000000
60 1 10.183391 44.038941 29.156604 1.000000 1.000000 1.000000 0.000000
60 0.000000 0.000000 0.000000
61 1 63.735468 85.446613 180.144640 1.000000 1.000000 1.000000 0.000000
61 0.000000 0.000000 0.000000
62 1 19.219754 27.040125 113.749298 1.000000 1.000000 1.000000 0.000000
62 0.000000 0.000000 0.000000
63 1 8.337749 93.804566 47.249134 1.000000 1.000000 1.000000 0.000000
63 0.000000 0.000000 0.000000
64 1 22.735333 92.583336 75.025275 1.000000 1.000000 1.000000 0.000000
64 0.000000 0.000000 0.000000
65 1 70.387195 76.181894 75.358588 1.000000 1.000000 1.000000 0.000000
65 0.000000 0.000000 0.000000
66 1 79.877570 70.011263 7.718393 1.000000 1.000000 1.000000 0.000000
66 0.000000 0.000000 0.000000
67 1 71.999308 43.151985 12.701648 1.000000 1.000000 1.000000 0.000000
67 0.000000 0.000000 0.000000
68 1 3.037198 34.755981 143.312176 1.000000 1.000000 1.000000 0.000000
68 0.000000 0.000000 0.000000
69 1 97.279172 58.652829 188.118183 1.000000 1.000000 1.000000 0.000000
69 0.000000 0.000000 0.000000
70 1 51.899100 65.803929 130.312167 1.000000 1.000000 1.000000 0.000000
70 0.000000 0.000000 0.000000
71 1 54.249243 76.107338 9.460744 1.000000 1.000000 1.000000 0.000000
71 0.000000 0.000000 0.000000
72 1 88.830202 93.106987 88.937126 1.000000 1.000000 1.000000 0.000000
72 0.000000 0.000000 0.000000
73 1 57.125175 72.085290 75.360380 1.000000 1.000000 1.000000 0.000000
73 0.000000 0.000000 0.000000
74 1 31.428855 86.095079 58.027891 1.000000 1.000000 1.000000 0.000000
74 0.000000 0.000000 0.000000
75 1 77.002108 52.503241 94.911565 1.000000 1.000000 1.000000 0.000000
75 0.000000 0.000000 0.000000
76 1 84.364786 50.359157 43.662909 1.000000 1.000000 1.000000 0.000000
76 0.000000 0.000000 0.000000
77 1 54.168488 50.832799 33.884762 1.000000 1.000000 1.000000 0.000000
77 0.000000 0.000000 0.000000
78 1 77.866965 22.075114 176.449784 1.000000 1.000000 1.000000 0.000000
78 0.000000 0.000000 0.000000
79 1 6.078395 79.174124 18.337285 1.000000 1.000000 1.000000 0.000000
79 0.000000 0.000000 0.000000
80 1 54.100058 63.755932 48.607334 1.000000 1.000000 1.000000 0.000000
80 0.000000 0.000000 0.000000
81 1 89.024476 11.072625 187.559592 1.000000 1.000000 1.000000 0.000000
81 0.000000 0.000000 0.000000
82 1 39.558435 12.388659 132.027390 1.000000 1.000000 1.000000 0.000000
82 0.000000 0.000000 0.000000
83 1 59.611327 91.632496 164.292487 1.000000 1.000000 1.000000 0.000000
83 0.000000 0.000000 0.000000
84 1 61.701322 28.634378 141.784041 1.000000 1.000000 1.000000 0.000000
84 0.000000 0.000000 0.000000
85 1 38.418644 34.986181 96.180467 1.000000 1.000000 1.000000 0.000000
85 0.000000 0.000000 0.000000
86 1 17.735131 27.889147 89.629922 1.000000 1.000000 1.000000 0.000000
86 0.000000 0.000000 0.000000
87 1 71.072887 42.561031 93.054321 1.000000 1.000000 1.000000 0.000000
87 0.000000 0.000000 0.000000
88 1 22.069028 86.861909 167.013550 1.000000 1.000000 1.000000 0.000000
88 0.000000 0.000000 0.000000
89 1 99.514854 51.434314 108.805848 1.000000 1.000000 1.000000 0.000000
89 0.000000 0.000000 0.000000
90 1 17.355845 85.144539 56.258913 1.000000 1.000000 1.000000 0.000000
90 0.000000 0.000000 0.000000
91 1 7.371943 17.820864 187.151381 1.000000 1.000000 1.000000 0.000000
91 0.000000 0.000000 0.000000
92 1 27.450630 60.836229 85.470958 1.000000 1.000000 1.000000 0.000000
92 0.000000 0.000000 0.000000
93 1 50.148461 40.754613 183.625259 1.000000 1.000000 1.000000 0.000000
93 0.000000 0.000000 0.000000
94 1 96.491312 11.759286 84.120811 1.000000 1.000000 1.000000 0.000000
94 0.000000 0.000000 0.000000
95 1 86.156044 31.645598 39.610502 1.000000 1.000000 1.000000 0.000000
95 0.000000 0.000000 0.000000
96 1 77.473874 10.447499 191.325768 1.000000 1.000000 1.000000 0.000000
96 0.000000 0.000000 0.000000
97 1 48.537400 0.865437 47.142246 1.000000 1.000000 1.000000 0.000000
97 0.000000 0.000000 0.000000
98 1 58.960465 50.210357 53.285389 1.000000 1.000000 1.000000 0.000000
98 0.000000 0.000000 0.000000
99 1 56.159744 1.325680 78.303570 1.000000 1.000000 1.000000 0.000000
99 0.000000 0.000000 0.000000
100 1 73.135107 7.885143 180.652201 1.000000 1.000000 1.000000 0.000000
100 0.000000 0.000000 0.000000
101 1 48.971915 89.111823 115.807882 1.000000 1.000000 1.000000 0.000000
101 0.000000 0.000000 0.000000
102 1 20.407694 88.014436 120.315364 1.000000 1.000000 1.000000 0.000000
102 0.000000 0.000000 0.000000
103 1 49.696692 30.972506 145.064682 1.000000 1.000000 1.000000 0.000000
103 0.000000 0.000000 0.000000
104 1 66.213381 79.291861 96.664813 1.000000 1.000000 1.000000 0.000000
104 0.000000 0.000000 0.000000
105 1 48.315569 53.835655 193.553404 1.000000 1.000000 1.000000 0.000000
105 0.000000 0.000000 0.000000
106 1 97.013591 29.591435 197.524463 1.000000 1.000000 1.000000 0.000000
106 0.000000 0.000000 0.000000
107 1 84.279935 79.220230 78.237288 1.000000 1.000000 1.000000 0.000000
107 0.000000 0.000000 0.000000
108 1 17.629519 40.723706 168.752028 1.000000 1.000000 1.000000 0.000000
108 0.000000 0.000000 0.000000
109 1 32.545273 54.501139 153.012158 1.000000 1.000000 1.000000 0.000000
109 0.000000 0.000000 0.000000
110 1 35.063232 42.230013 18.309642 1.000000 1.000000 1.000000 0.000000
110 0.000000 0.000000 0.000000
111 1 8.139483 83.595167 80.285293 1.000000 1.000000 1.000000 0.000000
111 0.000000 0.000000 0.000000
112 1 26.550610 90.113927 70.400118 1.000000 1.000000 1.000000 0.000000
112 0.000000 0.000000 0.000000
113 1 29.437976 73.688981 138.211826 1.000000 1.000000 1.000000 0.000000
113 0.000000 0.000000 0.000000
114 1 80.627505 3.760880 120.548056 1.000000 1.000000 1.000000 0.000000
114 0.000000 0.000000 0.000000
115 1 87.646109 44.347634 140.896207 1.000000 1.000000 1.000000 0.000000
115 0.000000 0.000000 0.000000
116 1 78.860932 70.799346 109.985377 1.000000 1.000000 1.000000 0.000000
116 0.000000 0.000000 0.000000
117 1 24.899474 52.548646 192.952008 1.000000 1.000000 1.000000 0.000000
117 0.000000 0.000000 0.000000
118 1 19.683294 10.627821 57.010063 1.000000 1.000000 1.000000 0.000000
118 0.000000 0.000000 0.000000
119 1 17.130120 37.194483 176.776112 1.000000 1.000000 1.000000 0.000000
119 0.000000 0.000000 0.000000
120 1 5.615266 67.594315 186.826252 1.000000 1.000000 1.000000 0.000000
120 0.000000 0.000000 0.000000
121 1 46.244790 17.768975 73.816403 1.000000 1.000000 1.000000 0.000000
121 0.000000 0.000000 0.000000
122 1 54.024264 30.404131 180.544876 1.000000 1.000000 1.000000 0.000000
122 0.000000 0.000000 0.000000
123 1 16.296985 79.563144 3.925592 1.000000 1.000000 1.000000 0.000000
123 0.000000 0.000000 0.000000
124 1 69.328167 96.165438 5.369406 1.000000 1.000000 1.000000 0.000000
124 0.000000 0.000000 0.000000
125 1 79.806093 42.988535 61.291829 1.000000 1.000000 1.000000 0.000000
125 0.000000 0.000000 0.000000
126 1 96.415823 69.777827 92.628652 1.000000 1.000000 1.000000 0.000000
126 0.000000 0.000000 0.000000
127 1 57.156231 54.050735 175.564949 1.000000 1.000000 1.000000 0.000000
127 0.000000 0.000000 0.000000
128 1 73.240101 42.729409 143.041510 1.000000 1.000000 1.000000 0.000000
128 0.000000 0.000000 0.000000
129 1 67.168118 35.734985 151.684491 1.000000 1.000000 1.000000 0.000000
129 0.000000 0.000000 0.000000
130 1 78.779881 81.321076 138.917125 1.000000 1.000000 1.000000 0.000000
130 0.000000 0.000000 0.000000
131 1 33.306001 25.964022 111.589827 1.000000 1.000000 1.000000 0.000000
131 0.000000 0.000000 0.000000
132 1 33.482868 44.527052 38.272338 1.000000 1.000000 1.000000 0.000000
132 0.000000 0.000000 0.000000
133 1 32.245274 15.544126 60.927886 1.000000 1.000000 1.000000 0.000000
133 0.000000 0.000000 0.000000
134 1 93.289963 62.285509 54.074923 1.000000 1.000000 1.000000 0.000000
134 0.000000 0.000000 0.000000
135 1 0.999750 7.093432 7.819170 1.000000 1.000000 1.000000 0.000000
135 0.000000 0.000000 0.000000
136 1 25.761266 49.297182 79.747786 1.000000 1.000000 1.000000 0.000000
136 0.000000 0.000000 0.000000
137 1 38.321244 79.995124 159.780529 1.000000 1.000000 1.000000 0.000000
137 0.000000 0.000000 0.000000
138 1 70.033173 72.282878 42.327492 1.000000 1.000000 1.000000 0.000000
138 0.000000 0.000000 0.000000
139 1 33.176622 32.160900 171.290663 1.000000 1.000000 1.000000 0.000000
139 0.000000 0.000000 0.000000
140 1 72.523540 79.864308 176.298314 1.000000 1.000000 1.000000 0.000000
140 0.000000 0.000000 0.000000
141 1 64.006559 89.996669 114.985076 1.000000 1.000000 1.000000 0.000000
141 0.000000 0.000000 0.000000
142 1 11.393229 83.258232 88.845813 1.000000 1.000000 1.000000 0.000000
142 0.000000 0.000000 0.000000
143 1 29.172905 23.044298 153.103172 1.000000 1.000000 1.000000 0.000000
143 0.000000 0.000000 0.000000
144 1 31.650398 70.806253 154.183521 1.000000 1.000000 1.000000 0.000000
144 0.000000 0.000000 0.000000
145 1 91.510096 21.062051 171.480938 1.000000 1.000000 1.000000 0.000000
145 0.000000 0.000000 0.000000
146 1 47.751740 44.601994 50.819257 1.000000 1.000000 1.000000 0.000000
146 0.000000 0.000000 0.000000
147 1 74.667345 44.063458 119.950529 1.000000 1.000000 1.000000 0.000000
147 0.000000 0.000000 0.000000
148 1 39.864347 84.485800 145.267424 1.000000 1.000000 1.000000 0.000000
148 0.000000 0.000000 0.000000
149 1 32.303507 38.469617 113.027340 1.000000 1.000000 1.000000 0.000000
149 0.000000 0.000000 0.000000
150 1 65.314428 25.001283 34.901165 1.000000 1.000000 1.000000 0.000000
150 0.000000 0.000000 0.000000
151 1 27.728984 38.726780 175.688575 1.000000 1.000000 1.000000 0.000000
151 0.000000 0.000000 0.000000
152 1 44.544655 72.757399 136.074176 1.000000 1.000000 1.000000 0.000000
152 0.000000 0.000000 0.000000
153 1 55.573898 80.974673 178.509272 1.000000 1.000000 1.000000 0.000000
153 0.000000 0.000000 0.000000
154 1 91.768968 58.605509 97.975927 1.000000 1.000000 1.000000 0.000000
154 0.000000 0.000000 0.000000
155 1 13.008101 55.075686 6.354379 1.000000 1.000000 1.000000 0.000000
155 0.000000 0.000000 0.000000
156 1 25.737643 57.801578 95.261206 1.000000 1.000000 1.000000 0.000000
156 0.000000 0.000000 0.000000
157 1 40.197667 49.076611 142.280222 1.000000 1.000000 1.000000 0.000000
157 0.000000 0.000000 0.000000
158 1 12.392107 38.029860 163.282792 1.000000 1.000000 1.000000 0.000000
158 0.000000 0.000000 0.000000
159 1 81.637208 34.010983 187.622141 1.000000 1.000000 1.000000 0.000000
159 0.000000 0.000000 0.000000
160 1 89.868141 85.996511 30.177344 1.000000 1.000000 1.000000 0.000000
160 0.000000 0.000000 0.000000
161 1 97.590692 67.983846 122.947113 1.000000 1.000000 1.000000 0.000000
161 0.000000 0.000000 0.000000
162 1 7.210125 95.139300 125.924828 1.000000 1.000000 1.000000 0.000000
162 0.000000 0.000000 0.000000
163 1 19.792221 6.487571 197.673246 1.000000 1.000000 1.000000 0.000000
163 0.000000 0.000000 0.000000
164 1 10.311540 30.388095 152.295520 1.000000 1.000000 1.000000 0.000000
164 0.000000 0.000000 0.000000
165 1 95.164728 34.613417 161.843962 1.000000 1.000000 1.000000 0.000000
165 0.000000 0.000000 0.000000
166 1 71.266177 83.084663 69.895220 1.000000 1.000000 1.000000 0.000000
166 0.000000 0.000000 0.000000
167 1 59.787312 40.337883 23.246687 1.000000 1.000000 1.000000 0.000000
167 0.000000 0.000000 0.000000
168 1 65.733226 94.956140 156.545496 1.000000 1.000000 1.000000 0.000000
168 0.000000 0.000000 0.000000
169 1 45.942934 8.805827 40.726411 1.000000 1.000000 1.000000 0.000000
169 0.000000 0.000000 0.000000
170 1 77.378905 45.881045 151.298225 1.000000 1.000000 1.000000 0.000000
170 0.000000 0.000000 0.000000
171 1 85.695135 95.518926 135.539118 1.000000 1.000000 1.000000 0.000000
171 0.000000 0.000000 0.000000
172 1 14.415611 36.830294 109.510191 1.000000 1.000000 1.000000 0.000000
172 0.000000 0.000000 0.000000
173 1 63.889740 64.032846 85.308432 1.000000 1.000000 1.000000 0.000000
173 0.000000 0.000000 0.000000
174 1 70.326166 81.790389 191.766568 1.000000 1.000000 1.000000 0.000000
174 0.000000 0.000000 0.000000
175 1 24.189232 53.697696 156.633536 1.000000 1.000000 1.000000 0.000000
175 0.000000 0.000000 0.000000
176 1 70.855563 23.857490 77.434318 1.000000 1.000000 1.000000 0.000000
176 0.000000 0.000000 0.000000
177 1 80.702078 57.706649 103.255300 1.000000 1.000000 1.000000 0.000000
177 0.000000 0.000000 0.000000
178 1 33.291560 15.905069 5.893104 1.000000 1.000000 1.000000 0.000000
178 0.000000 0.000000 0.000000
179 1 70.927393 68.150011 113.284081 1.000000 1.000000 1.000000 0.000000
179 0.000000 0.000000 0.000000
180 1 28.972159 26.567195 15.018061 1.000000 1.000000 1.000000 0.000000
180 0.000000 0.000000 0.000000
181 1 35.516562 24.416627 177.156061 1.000000 1.000000 1.000000 0.000000
181 0.000000 0.000000 0.000000
182 1 46.244672 49.519117 54.310148 1.000000 1.000000 1.000000 0.000000
182 0.000000 0.000000 0.000000
183 1 23.577752 97.342260 155.723206 1.000000 1.000000 1.000000 0.000000
183 0.000000 0.000000 0.000000
184 1 95.781835 94.433944 75.563807 1.000000 1.000000 1.000000 0.000000
184 0.000000 0.000000 0.000000
185 1 33.380922 20.211330 157.223285 1.000000 1.000000 1.000000 0.000000
185 0.000000 0.000000 0.000000
186 1 90.350596 41.819784 48.391664 1.000000 1.000000 1.000000 0.000000
186 0.000000 0.000000 0.000000
187 1 19.425347 53.151090 47.895855 1.000000 1.000000 1.000000 0.000000
187 0.000000 0.000000 0.000000
188 1 32.787386 5.685433 174.681695 1.000000 1.000000 1.000000 0.000000
188 0.000000 0.000000 0.000000
189 1 93.153304 89.695090 95.163419 1.000000 1.000000 1.000000 0.000000
189 0.000000 0.000000 0.000000
190 1 82.296365 75.312163 66.384185 1.000000 1.000000 1.000000 0.000000
190 0.000000 0.000000 0.000000
191 1 71.224487 77.978271 95.034107 1.000000 1.000000 1.000000 0.000000
191 0.000000 0.000000 0.000000
192 1 19.747559 60.063762 5.363037 1.000000 1.000000 1.000000 0.000000
192 0.000000 0.000000 0.000000
193 1 28.512057 64.838945 192.379677 1.000000 1.000000 1.000000 0.000000
193 0.000000 0.000000 0.000000
194 1 93.798246 34.200590 188.310790 1.000000 1.000000 1.000000 0.000000
194 0.000000 0.000000 0.000000
195 1 27.456492 11.394775 193.704518 1.000000 1.000000 1.000000 0.000000
195 0.000000 0.000000 0.000000
196 1 41.492907 60.830632 145.509101 1.000000 1.000000 1.000000 0.000000
196 0.000000 0.000000 0.000000
197 1 70.464672 34.666006 144.543147 1.000000 1.000000 1.000000 0.000000
197 0.000000 0.000000 0.000000
198 1 97.489120 81.574608 23.007505 1.000000 1.000000 1.000000 0.000000
198 0.000000 0.000000 0.000000
199 1 22.828914 12.720590 170.738502 1.000000 1.000000 1.000000 0.000000
199 0.000000 0.000000 0.000000
200 1 17.829478 40.012368 163.591594 1.000000 1.000000 1.000000 0.000000
200 0.000000 0.000000 0.000000
201 1 10.931237 45.175759 134.214144 1.000000 1.000000 1.000000 0.000000
201 0.000000 0.000000 0.000000
202 1 86.989791 27.168252 180.411998 1.000000 1.000000 1.000000 0.000000
202 0.000000 0.000000 0.000000
203 1 56.132228 78.952112 26.152148 1.000000 1.000000 1.000000 0.000000
203 0.000000 0.000000 0.000000
204 1 15.868341 90.910875 119.826399 1.000000 1.000000 1.000000 0.000000
204 0.000000 0.000000 0.000000
205 1 26.738603 13.973498 32.726633 1.000000 1.000000 1.000000 0.000000
205 0.000000 0.000000 0.000000
206 1 50.701137 94.670527 177.972791 1.000000 1.000000 1.000000 0.000000
206 0.000000 0.000000 0.000000
207 1 43.670977 75.980515 161.665791 1.000000 1.000000 1.000000 0.000000
207 0.000000 0.000000 0.000000
208 1 99.363580 12.077475 120.724115 1.000000 1.000000 1.000000 0.000000
208 0.000000 0.000000 0.000000
209 1 60.681137 39.831995 138.307870 1.000000 1.000000 1.000000 0.000000
209 0.000000 0.000000 0.000000
210 1 11.612265 32.580163 7.799335 1.000000 1.000000 1.000000 0.000000
210 0.000000 0.000000 0.000000
211 1 32.307607 71.142530 62.705293 1.000000 1.000000 1.000000 0.000000
211 0.000000 0.000000 0.000000
212 1 89.787385 4.396941 111.697271 1.000000 1.000000 1.000000 0.000000
212 0.000000 0.000000 0.000000
213 1 19.341124 19.988301 125.417237 1.000000 1.000000 1.000000 0.000000
213 0.000000 0.000000 0.000000
214 1 91.457190 35.763895 35.453036 1.000000 1.000000 1.000000 0.000000
214 0.000000 0.000000 0.000000
215 1 41.247896 52.259448 36.741436 1.000000 1.000000 1.000000 0.000000
215 0.000000 0.000000 0.000000
216 1 88.025482 49.691987 109.520997 1.000000 1.000000 1.000000 0.000000
216 0.000000 0.000000 0.000000
217 1 53.635294 31.986901 169.187075 1.000000 1.000000 1.000000 0.000000
217 0.000000 0.000000 0.000000
218 1 55.383252 64.784549 145.103736 1.000000 1.000000 1.000000 0.000000
218 0.000000 0.000000 0.000000
219 1 76.909002 72.463298 50.426471 1.000000 1.000000 1.000000 0.000000
219 0.000000 0.000000 0.000000
220 1 62.142193 53.478186 71.012148 1.000000 1.000000 1.000000 0.000000
220 0.000000 0.000000 0.000000
221 1 16.710389 24.448811 181.857769 1.000000 1.000000 1.000000 0.000000
221 0.000000 0.000000 0.000000
222 1 57.274297 21.279851 81.612169 1.000000 1.000000 1.000000 0.000000
222 0.000000 0.000000 0.000000
223 1 87.764114 89.563089 152.781973 1.000000 1.000000 1.000000 0.000000
223 0.000000 0.000000 0.000000
224 1 48.585502 4.407485 184.027372 1.000000 1.000000 1.000000 0.000000
224 0.000000 0.000000 0.000000
225 1 14.422818 17.438670 77.120059 1.000000 1.000000 1.000000 0.000000
225 0.000000 0.000000 0.000000
226 1 22.198693 54.549898 48.743806 1.000000 1.000000 1.000000 0.000000
226 0.000000 0.000000 0.000000
227 1 31.048475 88.338901 195.828016 1.000000 1.000000 1.000000 0.000000
227 0.000000 0.000000 0.000000
228 1 73.119716 71.321989 35.350368 1.000000 1.000000 1.000000 0.000000
228 0.000000 0.000000 0.000000
229 1 41.390271 69.712385 23.146826 1.000000 1.000000 1.000000 0.000000
229 0.000000 0.000000 0.000000
230 1 12.161501 14.978856 13.115992 1.000000 1.000000 1.000000 0.000000
230 0.000000 0.000000 0.000000
231 1 6.859148 87.761099 16.217847 1.000000 1.000000 1.000000 0.000000
231 0.000000 0.000000 0.000000
232 1 91.051943 47.565730 106.564195 1.000000 1.000000 1.000000 0.000000
232 0.000000 0.000000 0.000000
233 1 7.556813 70.495505 30.767482 1.000000 1.000000 1.000000 0.000000
233 0.000000 0.000000 0.000000
234 1 24.279534 0.880696 133.575950 1.000000 1.000000 1.000000 0.000000
234 0.000000 0.000000 0.000000
235 1 2.966186 88.941954 14.129109 1.000000 1.000000 1.000000 0.000000
235 0.000000 0.000000 0.000000
236 1 51.686261 21.617476 179.348354 1.000000 1.000000 1.000000 0.000000
236 0.000000 0.000000 0.000000
237 1 21.395733 67.792967 40.819814 1.000000 1.000000 1.000000 0.000000
237 0.000000 0.000000 0.000000
238 1 2.239613 52.506189 117.265172 1.000000 1.000000 1.000000 0.000000
238 0.000000 0.000000 0.000000
239 1 26.972996 61.477923 149.399860 1.000000 1.000000 1.000000 0.000000
239 0.000000 0.000000 0.000000
240 1 56.224203 53.082826 57.579121 1.000000 1.000000 1.000000 0.000000
240 0.000000 0.000000 0.000000
241 1 95.392785 53.873667 50.000932 1.000000 1.000000 1.000000 0.000000
241 0.000000 0.000000 0.000000
242 1 17.915385 91.419363 42.756925 1.000000 1.000000 1.000000 0.000000
242 0.000000 0.000000 0.000000
243 1 82.846530 63.369862 116.498756 1.000000 1.000000 1.000000 0.000000
243 0.000000 0.000000 0.000000
244 1 12.978093 48.834430 59.524995 1.000000 1.000000 1.000000 0.000000
244 0.000000 0.000000 0.000000
245 1 96.383200 4.747592 8.844525 1.000000 1.000000 1.000000 0.000000
245 0.000000 0.000000 0.000000
246 1 45.552608 14.623882 104.736522 1.000000 1.000000 1.000000 0.000000
246 0.000000 0.000000 0.000000
247 1 17.101386 24.183041 79.065435 1.000000 1.000000 1.000000 0.000000
247 0.000000 0.000000 0.000000
248 1 68.102164 56.396459 64.233442 1.000000 1.000000 1.000000 0.000000
248 0.000000 0.000000 0.000000
249 1 92.232476 98.987132 22.496502 1.000000 1.000000 1.000000 0.000000
249 0.000000 0.000000 0.000000
250 1 97.972464 9.515732 86.627634 1.000000 1.000000 1.000000 0.000000
250 0.000000 0.000000 0.000000
251 1 44.703878 7.960982 128.286130 1.000000 1.000000 1.000000 0.000000
251 0.000000 0.000000 0.000000
252 1 91.334531 46.995759 49.568779 1.000000 1.000000 1.000000 0.000000
252 0.000000 0.000000 0.000000
253 1 89.841910 87.541999 19.650344 1.000000 1.000000 1.000000 0.000000
253 0.000000 0.000000 0.000000
254 1 80.213212 74.092269 175.912729 1.000000 1.000000 1.000000 0.000000
254 0.000000 0.000000 0.000000
255 1 75.392823 40.440108 40.566402 1.000000 1.000000 1.000000 0.000000
255 0.000000 0.000000 0.000000
256 1 68.487708 46.862359 163.761828 1.000000 1.000000 1.000000 0.000000
256 0.000000 0.000000 0.000000
257 1 64.002317 78.348850 17.192427 1.000000 1.000000 1.000000 0.000000
257 0.000000 0.000000 0.000000
258 1 37.941206 90.121071 113.700923 1.000000 1.000000 1.000000 0.000000
258 0.000000 0.000000 0.000000
259 1 37.472683 94.877874 113.671193 1.000000 1.000000 1.000000 0.000000
259 0.000000 0.000000 0.000000
260 1 7.836510 64.553612 164.037787 1.000000 1.000000 1.000000 0.000000
260 0.000000 0.000000 0.000000
261 1 96.275286 65.773356 177.939093 1.000000 1.000000 1.000000 0.000000
261 0.000000 0.000000 0.000000
262 1 39.517518 58.070437 91.542924 1.000000 1.000000 1.000000 0.000000
262 0.000000 0.000000 0.000000
263 1 45.330450 66.988947 186.316517 1.000000 1.000000 1.000000 0.000000
263 0.000000 0.000000 0.000000
264 1 85.116685 35.760353 36.650212 1.000000 1.000000 1.000000 0.000000
264 0.000000 0.000000 0.000000
265 1 59.155480 60.469742 63.762299 1.000000 1.000000 1.000000 0.000000
265 0.000000 0.000000 0.000000
266 1 2.525119 94.828822 144.072554 1.000000 1.000000 1.000000 0.000000
266 0.000000 0.000000 0.000000
267 1 62.105404 66.505164 131.462275 1.000000 1.000000 1.000000 0.000000
267 0.000000 0.000000 0.000000
268 1 8.293412 73.879648 174.382555 1.000000 1.000000 1.000000 0.000000
268 0.000000 0.000000 0.000000
269 1 53.383394 42.792257 110.249514 1.000000 1.000000 1.000000 0.000000
269 0.000000 0.000000 0.000000
270 1 47.179140 5.692772 34.580767 1.000000 1.000000 1.000000 0.000000
270 0.000000 0.000000 0.000000
271 1 2.552898 4.045391 170.158736 1.000000 1.000000 1.000000 0.000000
271 0.000000 0.000000 0.000000
272 1 31.989394 29.197744 27.589321 1.000000 1.000000 1.000000 0.000000
272 0.000000 0.000000 0.000000
273 1 27.448131 21.102456 7.799859 1.000000 1.000000 1.000000 0.000000
273 0.000000 0.000000 0.000000
274 1 1.868759 86.570033 45.777534 1.000000 1.000000 1.000000 0.000000
274 0.000000 0.000000 0.000000
275 1 19.515963 12.057006 67.656119 1.000000 1.000000 1.000000 0.000000
275 0.000000 0.000000 0.000000
276 1 28.991377 74.426371 84.841885 1.000000 1.000000 1.000000 0.000000
276 0.000000 0.000000 0.000000
277 1 74.676272 74.530060 164.669780 1.000000 1.000000 1.000000 0.000000
277 0.000000 0.000000 0.000000
278 1 62.780231 2.249438 91.214814 1.000000 1.000000 1.000000 0.000000
278 0.000000 0.000000 0.000000
279 1 93.041041 90.030256 60.699300 1.000000 1.000000 1.000000 0.000000
279 0.000000 0.000000 0.000000
280 1 0.640856 4.987601 128.720250 1.000000 1.000000 1.000000 0.000000
280 0.000000 0.000000 0.000000
281 1 96.877261 25.337164 134.922205 1.000000 1.000000 1.000000 0.000000
281 0.000000 0.000000 0.000000
282 1 96.469116 88.029944 54.521606 1.000000 1.000000 1.000000 0.000000
282 0.000000 0.000000 0.000000
283 1 68.914673 11.491881 58.701477 1.000000 1.000000 1.000000 0.000000
283 0.000000 0.000000 0.000000
284 1 90.439417 36.508193 198.892157 1.000000 1.000000 1.000000 0.000000
284 0.000000 0.000000 0.000000
285 1 74.723145 78.100759 74.798984 1.000000 1.000000 1.000000 0.000000
285 0.000000 0.000000 0.000000
286 1 62.254498 65.581941 62.216967 1.000000 1.000000 1.000000 0.000000
286 0.000000 0.000000 0.000000
287 1 36.242138 63.872020 46.123008 1.000000 1.000000 1.000000 0.000000
287 0.000000 0.000000 0.000000
288 1 48.107810 36.540188 92.346963 1.000000 1.000000 1.000000 0.000000
288 0.000000 0.000000 0.000000
289 1 9.306461 49.562971 95.943801 1.000000 1.000000 1.000000 0.000000
289 0.000000 0.000000 0.000000
290 1 58.933153 16.960787 88.604726 1.000000 1.000000 1.000000 0.000000
290 0.000000 0.000000 0.000000
291 1 56.171941 25.099484 60.921019 1.000000 1.000000 1.000000 0.000000
291 0.000000 0.000000 0.000000
292 1 67.880327 66.408994 73.221476 1.000000 1.000000 1.000000 0.000000
292 0.000000 0.000000 0.000000
293 1 96.994291 11.331242 89.748776 1.000000 1.000000 1.000000 0.000000
293 0.000000 0.000000 0.000000
294 1 46.893970 33.044073 140.012852 1.000000 1.000000 1.000000 0.000000
294 0.000000 0.000000 0.000000
295 1 9.250078 94.126303 102.718305 1.000000 1.000000 1.000000 0.000000
295 0.000000 0.000000 0.000000
296 1 29.788564 45.317692 62.456266 1.000000 1.000000 1.000000 0.000000
296 0.000000 0.000000 0.000000
297 1 86.268089 93.169547 177.867218 1.000000 1.000000 1.000000 0.000000
297 0.000000 0.000000 0.000000
298 1 66.818373 89.397061 112.359800 1.000000 1.000000 1.000000 0.000000
298 0.000000 0.000000 0.000000
299 1 29.404295 34.772131 18.391860 1.000000 1.000000 1.000000 0.000000
299 0.000000 0.000000 0.000000
300 1 80.440138 59.262215 44.305548 1.000000 1.000000 1.000000 0.000000
300 0.000000 0.000000 0.000000
301 1 65.025489 44.501754 52.993074 1.000000 1.000000 1.000000 0.000000
301 0.000000 0.000000 0.000000
302 1 66.372949 95.268124 7.381753 1.000000 1.000000 1.000000 0.000000
302 0.000000 0.000000 0.000000
303 1 51.942847 77.391714 194.270066 1.000000 1.000000 1.000000 0.000000
303 0.000000 0.000000 0.000000
304 1 2.828995 33.915882 37.466524 1.000000 1.000000 1.000000 0.000000
304 0.000000 0.000000 0.000000
305 1 45.602793 10.221069 106.670747 1.000000 1.000000 1.000000 0.000000
305 0.000000 0.000000 0.000000
306 1 43.817167 65.050739 89.945270 1.000000 1.000000 1.000000 0.000000
306 0.000000 0.000000 0.000000
307 1 29.062873 56.001279 132.025652 1.000000 1.000000 1.000000 0.000000
307 0.000000 0.000000 0.000000
308 1 37.784358 94.041345 161.784704 1.000000 1.000000 1.000000 0.000000
308 0.000000 0.000000 0.000000
309 1 24.556441 99.558829 195.651816 1.000000 1.000000 1.000000 0.000000
309 0.000000 0.000000 0.000000
310 1 50.818958 4.869234 139.339895 1.000000 1.000000 1.000000 0.000000
310 0.000000 0.000000 0.000000
311 1 77.730407 66.733169 166.306030 1.000000 1.000000 1.000000 0.000000
311 0.000000 0.000000 0.000000
312 1 0.351451 34.795283 72.257968 1.000000 1.000000 1.000000 0.000000
312 0.000000 0.000000 0.000000
313 1 32.213271 5.105454 149.212073 1.000000 1.000000 1.000000 0.000000
313 0.000000 0.000000 0.000000
314 1 50.418257 78.939613 19.750420 1.000000 1.000000 1.000000 0.000000
314 0.000000 0.000000 0.000000
315 1 54.726762 17.970233 100.011718 1.000000 1.000000 1.000000 0.000000
315 0.000000 0.000000 0.000000
316 1 25.971111 72.378948 173.731213 1.000000 1.000000 1.000000 0.000000
316 0.000000 0.000000 0.000000
317 1 71.255301 64.648891 195.363499 1.000000 1.000000 1.000000 0.000000
317 0.000000 0.000000 0.000000
318 1 5.518010 33.789322 136.773015 1.000000 1.000000 1.000000 0.000000
318 0.000000 0.000000 0.000000
319 1 79.043416 39.967682 122.742310 1.000000 1.000000 1.000000 0.000000
319 0.000000 0.000000 0.000000
320 1 50.999302 40.286491 96.812603 1.000000 1.000000 1.000000 0.000000
320 0.000000 0.000000 0.000000
321 1 10.827532 22.669977 140.124587 1.000000 1.000000 1.000000 0.000000
321 0.000000 0.000000 0.000000
322 1 19.899683 95.824836 2.809003 1.000000 1.000000 1.000000 0.000000
322 0.000000 0.000000 0.000000
323 1 91.432631 19.719334 137.331673 1.000000 1.000000 1.000000 0.000000
323 0.000000 0.000000 0.000000
324 1 1.965580 77.769038 59.042795 1.000000 1.000000 1.000000 0.000000
324 0.000000 0.000000 0.000000
325 1 19.392983 47.182471 72.330830 1.000000 1.000000 1.000000 0.000000
325 0.000000 0.000000 0.000000
326 1 27.928203 56.907915 54.314330 1.000000 1.000000 1.000000 0.000000
326 0.000000 0.000000 0.000000
327 1 97.176136 77.537481 165.240640 1.000000 1.000000 1.000000 0.000000
327 0.000000 0.000000 0.000000
328 1 84.959268 96.713683 133.445686 1.000000 1.000000 1.000000 0.000000
328 0.000000 0.000000 0.000000
329 1 24.522882 21.622683 103.923114 1.000000 1.000000 1.000000 0.000000
329 0.000000 0.000000 0.000000
330 1 63.972891 10.641284 68.516817 1.000000 1.000000 1.000000 0.000000
330 0.000000 0.000000 0.000000
331 1 50.063648 10.076792 53.121484 1.000000 1.000000 1.000000 0.000000
331 0.000000 0.000000 0.000000
332 1 76.780865 56.990375 185.142854 1.000000 1.000000 1.000000 0.000000
332 0.000000 0.000000 0.000000
333 1 1.954637 25.781602 186.652946 1.000000 1.000000 1.000000 0.000000
333 0.000000 0.000000 0.000000
334 1 16.294621 56.473499 102.472895 1.000000 1.000000 1.000000 0.000000
334 0.000000 0.000000 0.000000
335 1 79.123704 36.580222 26.592250 1.000000 1.000000 1.000000 0.000000
335 0.000000 0.000000 0.000000
336 1 81.791733 82.607815 41.078372 1.000000 1.000000 1.000000 0.000000
336 0.000000 0.000000 0.000000
337 1 31.717577 51.836589 105.318174 1.000000 1.000000 1.000000 0.000000
337 0.000000 0.000000 0.000000
338 1 66.709613 31.720926 155.731082 1.000000 1.000000 1.000000 0.000000
338 0.000000 0.000000 0.000000
339 1 65.426446 6.271364 21.681187 1.000000 1.000000 1.000000 0.000000
339 0.000000 0.000000 0.000000
340 1 76.356029 45.207289 175.442223 1.000000 1.000000 1.000000 0.000000
340 0.000000 0.000000 0.000000
341 1 27.873878 11.893511 16.574392 1.000000 1.000000 1.000000 0.000000
341 0.000000 0.000000 0.000000
342 1 99.512821 54.255597 27.362033 1.000000 1.000000 1.000000 0.000000
342 0.000000 0.000000 0.000000
343 1 22.248066 29.118908 95.049118 1.000000 1.000000 1.000000 0.000000
343 0.000000 0.000000 0.000000
344 1 16.312053 5.766487 11.922486 1.000000 1.000000 1.000000 0.000000
344 0.000000 0.000000 0.000000
345 1 68.604996 35.928186 147.844791 1.000000 1.000000 1.000000 0.000000
345 0.000000 0.000000 0.000000
346 1 42.315620 46.559338 54.697483 1.000000 1.000000 1.000000 0.000000
346 0.000000 0.000000 0.000000
347 1 31.177318 82.635416 193.775727 1.000000 1.000000 1.000000 0.000000
347 0.000000 0.000000 0.000000
348 1 98.867295 20.601726 88.489276 1.000000 1.000000 1.000000 0.000000
348 0.000000 0.000000 0.000000
349 1 59.110955 47.955739 157.353479 1.000000 1.000000 1.000000 0.000000
349 0.000000 0.000000 0.000000
350 1 37.433994 32.078372 62.122456 1.000000 1.000000 1.000000 0.000000
350 0.000000 0.000000 0.000000
351 1 43.410178 28.054010 191.781001 1.000000 1.000000 1.000000 0.000000
351 0.000000 0.000000 0.000000
352 1 27.909882 75.743167 163.767050 1.000000 1.000000 1.000000 0.000000
352 0.000000 0.000000 0.000000
353 1 72.913984 53.895348 138.562965 1.000000 1.000000 1.000000 0.000000
353 0.000000 0.000000 0.000000
354 1 57.370518 90.324244 61.973591 1.000000 1.000000 1.000000 0.000000
354 0.000000 0.000000 0.000000
355 1 55.098557 78.794852 97.944118 1.000000 1.000000 1.000000 0.000000
355 0.000000 0.000000 0.000000
356 1 54.550681 0.896147 129.938308 1.000000 1.000000 1.000000 0.000000
356 0.000000 0.000000 0.000000
357 1 39.924938 8.654384 46.647782 1.000000 1.000000 1.000000 0.000000
357 0.000000 0.000000 0.000000
358 1 42.854029 43.639987 133.085218 1.000000 1.000000 1.000000 0.000000
358 0.000000 0.000000 0.000000
359 1 99.522793 41.996307 113.804358 1.000000 1.000000 1.000000 0.000000
359 0.000000 0.000000 0.000000
360 1 82.650284 85.685408 0.960990 1.000000 1.000000 1.000000 0.000000
360 0.000000 0.000000 0.000000
361 1 62.369614 0.204421 102.122199 1.000000 1.000000 1.000000 0.000000
361 0.000000 0.000000 0.000000
362 1 27.159103 3.987534 168.827844 1.000000 1.000000 1.000000 0.000000
362 0.000000 0.000000 0.000000
363 1 15.058728 10.895551 34.744307 1.000000 1.000000 1.000000 0.000000
363 0.000000 0.000000 0.000000
364 1 25.683094 17.084349 126.546765 1.000000 1.000000 1.000000 0.000000
364 0.000000 0.000000 0.000000
365 1 50.482434 75.060437 16.340424 1.000000 1.000000 1.000000 0.000000
365 0.000000 0.000000 0.000000
366 1 7.142176 2.219238 128.426491 1.000000 1.000000 1.000000 0.000000
366 0.000000 0.000000 0.000000
367 1 54.129570 34.703610 78.252806 1.000000 1.000000 1.000000 0.000000
367 0.000000 0.000000 0.000000
368 1 62.545870 90.464255 124.816993 1.000000 1.000000 1.000000 0.000000
368 0.000000 0.000000 0.000000
369 1 14.553140 15.634496 178.313515 1.000000 1.000000 1.000000 0.000000
369 0.000000 0.000000 0.000000
370 1 29.066007 33.388484 127.134787 1.000000 1.000000 1.000000 0.000000
370 0.000000 0.000000 0.000000
371 1 15.092443 57.984088 146.165691 1.000000 1.000000 1.000000 0.000000
371 0.000000 0.000000 0.000000
372 1 7.442957 83.539003 140.739917 1.000000 1.000000 1.000000 0.000000
372 0.000000 0.000000 0.000000
373 1 38.704806 97.932785 100.911884 1.000000 1.000000 1.000000 0.000000
373 0.000000 0.000000 0.000000
374 1 15.171527 93.787532 7.165495 1.000000 1.000000 1.000000 0.000000
374 0.000000 0.000000 0.000000
375 1 89.515128 41.955823 165.010430 1.000000 1.000000 1.000000 0.000000
375 0.000000 0.000000 0.000000
376 1 73.518385 35.357286 171.051127 1.000000 1.000000 1.000000 0.000000
376 0.000000 0.000000 0.000000
377 1 18.193034 56.332716 84.108749 1.000000 1.000000 1.000000 0.000000
377 0.000000 0.000000 0.000000
378 1 39.302705 89.501584 66.726046 1.000000 1.000000 1.000000 0.000000
378 0.000000 0.000000 0.000000
379 1 76.055832 90.093696 74.823773 1.000000 1.000000 1.000000 0.000000
379 0.000000 0.000000 0.000000
380 1 82.894545 67.818066 48.578482 1.000000 1.000000 1.000000 0.000000
380 0.000000 0.000000 0.000000
381 1 12.115146 12.538249 80.844531 1.000000 1.000000 1.000000 0.000000
381 0.000000 0.000000 0.000000
382 1 44.765301 86.696381 163.049269 1.000000 1.000000 1.000000 0.000000
382 0.000000 0.000000 0.000000
383 1 8.813641 21.591611 159.741905 1.000000 1.000000 1.000000 0.000000
383 0.000000 0.000000 0.000000
384 1 24.239790 71.494685 115.210665 1.000000 1.000000 1.000000 0.000000
384 0.000000 0.000000 0.000000
385 1 4.086734 90.365589 143.795575 1.000000 1.000000 1.000000 0.000000
385 0.000000 0.000000 0.000000
386 1 30.778208 11.200114 67.895352 1.000000 1.000000 1.000000 0.000000
386 0.000000 0.000000 0.000000
387 1 96.265513 78.346834 1.906513 1.000000 1.000000 1.000000 0.000000
387 0.000000 0.000000 0.000000
388 1 68.350908 71.114843 178.131474 1.000000 1.000000 1.000000 0.000000
388 0.000000 0.000000 0.000000
389 1 94.256735 67.087490 181.404852 1.000000 1.000000 1.000000 0.000000
389 0.000000 0.000000 0.000000
390 1 50.504083 90.740315 48.271529 1.000000 1.000000 1.000000 0.000000
390 0.000000 0.000000 0.000000
391 1 47.149238 80.736185 66.499720 1.000000 1.000000 1.000000 0.000000
391 0.000000 0.000000 0.000000
392 1 38.981222 91.980285 86.416626 1.000000 1.000000 1.000000 0.000000
392 0.000000 0.000000 0.000000
393 1 84.156126 73.166028 114.754739 1.000000 1.000000 1.000000 0.000000
393 0.000000 0.000000 0.000000
394 1 42.802122 91.139390 165.431381 1.000000 1.000000 1.000000 0.000000
394 0.000000 0.000000 0.000000
395 1 41.370293 70.293006 3.569383 1.000000 1.000000 1.000000 0.000000
395 0.000000 0.000000 0.000000
396 1 42.523500 34.251909 10.798521 1.000000 1.000000 1.000000 0.000000
396 0.000000 0.000000 0.000000
397 1 53.707279 57.854228 60.651235 1.000000 1.000000 1.000000 0.000000
397 0.000000 0.000000 0.000000
398 1 70.607350 11.115121 31.372512 1.000000 1.000000 1.000000 0.000000
398 0.000000 0.000000 0.000000
399 1 41.358087 73.339045 45.161446 1.000000 1.000000 1.000000 0.000000
399 0.000000 0.000000 0.000000
400 1 22.270050 46.510484 11.332991 1.000000 1.000000 1.000000 0.000000
400 0.000000 0.000000 0.000000
401 1 67.766231 20.592686 48.828016 1.000000 1.000000 1.000000 0.000000
401 0.000000 0.000000 0.000000
402 1 65.543239 65.593526 179.433634 1.000000 1.000000 1.000000 0.000000
402 0.000000 0.000000 0.000000
403 1 51.462098 70.970326 142.945352 1.000000 1.000000 1.000000 0.000000
403 0.000000 0.000000 0.000000
404 1 20.391378 18.250858 104.372129 1.000000 1.000000 1.000000 0.000000
404 0.000000 0.000000 0.000000
405 1 81.779486 57.466970 39.053648 1.000000 1.000000 1.000000 0.000000
405 0.000000 0.000000 0.000000
406 1 17.798084 53.486011 128.306938 1.000000 1.000000 1.000000 0.000000
406 0.000000 0.000000 0.000000
407 1 64.801381 2.656944 2.393600 1.000000 1.000000 1.000000 0.000000
407 0.000000 0.000000 0.000000
408 1 89.506183 44.380999 63.176118 1.000000 1.000000 1.000000 0.000000
408 0.000000 0.000000 0.000000
409 1 22.970599 1.503200 135.226676 1.000000 1.000000 1.000000 0.000000
409 0.000000 0.000000 0.000000
410 1 7.043692 32.253369 110.278013 1.000000 1.000000 1.000000 0.000000
410 0.000000 0.000000 0.000000
411 1 32.482560 46.878405 48.183821 1.000000 1.000000 1.000000 0.000000
411 0.000000 0.000000 0.000000
412 1 69.312749 8.292775 155.666155 1.000000 1.000000 1.000000 0.000000
412 0.000000 0.000000 0.000000
413 1 87.155546 22.665300 32.406159 1.000000 1.000000 1.000000 0.000000
413 0.000000 0.000000 0.000000
414 1 3.285051 86.642230 68.260485 1.000000 1.000000 1.000000 0.000000
414 0.000000 0.000000 0.000000
415 1 85.132093 84.608298 67.258096 1.000000 1.000000 1.000000 0.000000
415 0.000000 0.000000 0.000000
416 1 25.165251 11.610832 184.398610 1.000000 1.000000 1.000000 0.000000
416 0.000000 0.000000 0.000000
417 1 1.722866 47.995155 142.792884 1.000000 1.000000 1.000000 0.000000
417 0.000000 0.000000 0.000000
418 1 32.965112 97.584200 19.889172 1.000000 1.000000 1.000000 0.000000
418 0.000000 0.000000 0.000000
419 1 86.732964 73.614970 70.770864 1.000000 1.000000 1.000000 0.000000
419 0.000000 0.000000 0.000000
420 1 97.765244 12.787842 96.306536 1.000000 1.000000 1.000000 0.000000
420 0.000000 0.000000 0.000000
421 1 37.844194 97.516536 191.472539 1.000000 1.000000 1.000000 0.000000
421 0.000000 0.000000 0.000000
422 1 88.553979 35.606795 199.729330 1.000000 1.000000 1.000000 0.000000
422 0.000000 0.000000 0.000000
423 1 27.764237 23.709442 73.713250 1.000000 1.000000 1.000000 0.000000
423 0.000000 0.000000 0.000000
424 1 94.214051 41.944567 160.994476 1.000000 1.000000 1.000000 0.000000
424 0.000000 0.000000 0.000000
425 1 76.850260 59.162509 199.293046 1.000000 1.000000 1.000000 0.000000
425 0.000000 0.000000 0.000000
426 1 60.652742 72.118537 194.413580 1.000000 1.000000 1.000000 0.000000
426 0.000000 0.000000 0.000000
427 1 10.104522 93.811715 170.354772 1.000000 1.000000 1.000000 0.000000
427 0.000000 0.000000 0.000000
428 1 87.612325 33.609437 44.755771 1.000000 1.000000 1.000000 0.000000
428 0.000000 0.000000 0.000000
429 1 60.108981 74.772431 179.269125 1.000000 1.000000 1.000000 0.000000
429 0.000000 0.000000 0.000000
430 1 18.348178 67.029824 23.345555 1.000000 1.000000 1.000000 0.000000
430 0.000000 0.000000 0.000000
431 1 40.189304 31.323762 73.272618 1.000000 1.000000 1.000000 0.000000
431 0.000000 0.000000 0.000000
432 1 64.107413 97.848626 66.633581 1.000000 1.000000 1.000000 0.000000
432 0.000000 0.000000 0.000000
433 1 7.529952 33.494947 155.442835 1.000000 1.000000 1.000000 0.000000
433 0.000000 0.000000 0.000000
434 1 88.531293 36.311926 95.324697 1.000000 1.000000 1.000000 0.000000
434 0.000000 0.000000 0.000000
435 1 34.713404 77.313720 175.851145 1.000000 1.000000 1.000000 0.000000
435 0.000000 0.000000 0.000000
436 1 16.914758 45.694468 59.622083 1.000000 1.000000 1.000000 0.000000
436 0.000000 0.000000 0.000000
437 1 7.378381 17.620050 179.008020 1.000000 1.000000 1.000000 0.000000
437 0.000000 0.000000 0.000000
438 1 86.367268 71.050648 124.670126 1.000000 1.000000 1.000000 0.000000
438 0.000000 0.000000 0.000000
439 1 46.564918 71.262829 111.264017 1.000000 1.000000 1.000000 0.000000
439 0.000000 0.000000 0.000000
440 1 35.248739 56.431456 77.964609 1.000000 1.000000 1.000000 0.000000
440 0.000000 0.000000 0.000000
441 1 79.514700 42.196000 141.738476 1.000000 1.000000 1.000000 0.000000
441 0.000000 0.000000 0.000000
442 1 99.822112 75.122063 106.832177 1.000000 1.000000 1.000000 0.000000
442 0.000000 0.000000 0.000000
443 1 31.226989 74.259556 152.047037 1.000000 1.000000 1.000000 0.000000
443 0.000000 0.000000 0.000000
444 1 6.275588 73.498725 47.005776 1.000000 1.000000 1.000000 0.000000
444 0.000000 0.000000 0.000000
445 1 22.021193 62.430820 53.616586 1.000000 1.000000 1.000000 0.000000
445 0.000000 0.000000 0.000000
446 1 22.832050 56.168819 57.390491 1.000000 1.000000 1.000000 0.000000
446 0.000000 0.000000 0.000000
447 1 29.176614 79.702093 107.682324 1.000000 1.000000 1.000000 0.000000
447 0.000000 0.000000 0.000000
448 1 84.459159 74.795078 94.663875 1.000000 1.000000 1.000000 0.000000
448 0.000000 0.000000 0.000000
449 1 26.525730 29.257707 95.429474 1.000000 1.000000 1.000000 0.000000
449 0.000000 0.000000 0.000000
450 1 39.014164 53.874127 197.551622 1.000000 1.000000 1.000000 0.000000
450 0.000000 0.000000 0.000000
451 1 48.690833 22.802591 1.543863 1.000000 1.000000 1.000000 0.000000
451 0.000000 0.000000 0.000000
452 1 0.602001 3.655084 47.910897 1.000000 1.000000 1.000000 0.000000
452 0.000000 0.000000 0.000000
453 1 98.916533 76.155839 14.326810 1.000000 1.000000 1.000000 0.000000
453 0.000000 0.000000 0.000000
454 1 31.437485 62.782501 152.939456 1.000000 1.000000 1.000000 0.000000
454 0.000000 0.000000 0.000000
455 1 75.404601 51.605067 116.758851 1.000000 1.000000 1.000000 0.000000
455 0.000000 0.000000 0.000000
456 1 90.576088 16.846902 106.404830 1.000000 1.000000 1.000000 0.000000
456 0.000000 0.000000 0.000000
457 1 94.845405 23.303439 2.425367 1.000000 1.000000 1.000000 0.000000
457 0.000000 0.000000 0.000000
458 1 38.694543 88.091808 102.078764 1.000000 1.000000 1.000000 0.000000
458 0.000000 0.000000 0.000000
459 1 91.640748 47.681238 98.403650 1.000000 1.000000 1.000000 0.000000
459 0.000000 0.000000 0.000000
460 1 6.092715 19.557294 39.810292 1.000000 1.000000 1.000000 0.000000
460 0.000000 0.000000 0.000000
461 1 21.572274 92.243284 197.725705 1.000000 1.000000 1.000000 0.000000
461 0.000000 0.000000 0.000000
462 1 15.026689 87.335802 185.136148 1.000000 1.000000 1.000000 0.000000
462 0.000000 0.000000 0.000000
463 1 19.080625 48.746153 144.517769 1.000000 1.000000 1.000000 0.000000
463 0.000000 0.000000 0.000000
464 1 30.189299 48.411297 51.271923 1.000000 1.000000 1.000000 0.000000
464 0.000000 0.000000 0.000000
465 1 16.219138 87.574239 64.680463 1.000000 1.000000 1.000000 0.000000
465 0.000000 0.000000 0.000000
466 1 55.328451 53.236136 196.123012 1.000000 1.000000 1.000000 0.000000
466 0.000000 0.000000 0.000000
467 1 39.435621 92.852228 164.390559 1.000000 1.000000 1.000000 0.000000
467 0.000000 0.000000 0.000000
468 1 57.415380 77.526784 100.305852 1.000000 1.000000 1.000000 0.000000
468 0.000000 0.000000 0.000000
469 1 41.215477 96.517218 190.826987 1.000000 1.000000 1.000000 0.000000
469 0.000000 0.000000 0.000000
470 1 24.909490 3.651222 146.168311 1.000000 1.000000 1.000000 0.000000
470 0.000000 0.000000 0.000000
471 1 81.019322 76.235826 103.890226 1.000000 1.000000 1.000000 0.000000
471 0.000000 0.000000 0.000000
472 1 90.379846 31.471220 149.878819 1.000000 1.000000 1.000000 0.000000
472 0.000000 0.000000 0.000000
473 1 12.496725 69.535201 33.821848 1.000000 1.000000 1.000000 0.000000
473 0.000000 0.000000 0.000000
474 1 19.147560 65.103892 179.818137 1.000000 1.000000 1.000000 0.000000
474 0.000000 0.000000 0.000000
475 1 27.239665 88.533320 77.270695 1.000000 1.000000 1.000000 0.000000
475 0.000000 0.000000 0.000000
476 1 39.156921 66.525439 107.996131 1.000000 1.000000 1.000000 0.000000
476 0.000000 0.000000 0.000000
477 1 81.106437 98.286433 199.546390 1.000000 1.000000 1.000000 0.000000
477 0.000000 0.000000 0.000000
478 1 1.052073 74.674942 83.837851 1.000000 1.000000 1.000000 0.000000
478 0.000000 0.000000 0.000000
479 1 74.542488 94.721028 175.105426 1.000000 1.000000 1.000000 0.000000
479 0.000000 0.000000 0.000000
480 1 11.618575 81.388536 69.640927 1.000000 1.000000 1.000000 0.000000
480 0.000000 0.000000 0.000000
481 1 66.864549 6.288540 172.624455 1.000000 1.000000 1.000000 0.000000
481 0.000000 0.000000 0.000000
482 1 75.785503 75.213682 79.542165 1.000000 1.000000 1.000000 0.000000
482 0.000000 0.000000 0.000000
483 1 94.632554 44.060108 39.540565 1.000000 1.000000 1.000000 0.000000
483 0.000000 0.000000 0.000000
484 1 91.827971 87.364440 35.053179 1.000000 1.000000 1.000000 0.000000
484 0.000000 0.000000 0.000000
485 1 11.435029 8.501738 170.081142 1.000000 1.000000 1.000000 0.000000
485 0.000000 0.000000 0.000000
486 1 38.803008 17.832028 93.490765 1.000000 1.000000 1.000000 0.000000
486 0.000000 0.000000 0.000000
487 1 48.296065 62.843608 190.719538 1.000000 1.000000 1.000000 0.000000
487 0.000000 0.000000 0.000000
488 1 9.167700 51.938724 94.859290 1.000000 1.000000 1.000000 0.000000
488 0.000000 0.000000 0.000000
489 1 2.843787 51.877518 40.351374 1.000000 1.000000 1.000000 0.000000
489 0.000000 0.000000 0.000000
490 1 64.839783 54.520785 168.572688 1.000000 1.000000 1.000000 0.000000
490 0.000000 0.000000 0.000000
491 1 49.099880 80.401191 83.758562 1.000000 1.000000 1.000000 0.000000
491 0.000000 0.000000 0.000000
492 1 79.249192 29.213085 10.777601 1.000000 1.000000 1.000000 0.000000
492 0.000000 0.000000 0.000000
493 1 10.555981 68.876495 21.152164 1.000000 1.000000 1.000000 0.000000
493 0.000000 0.000000 0.000000
494 1 51.086957 10.903779 30.785942 1.000000 1.000000 1.000000 0.000000
494 0.000000 0.000000 0.000000
495 1 37.636591 75.689610 197.484723 1.000000 1.000000 1.000000 0.000000
495 0.000000 0.000000 0.000000
496 1 57.147180 42.939705 188.535160 1.000000 1.000000 1.000000 0.000000
496 0.000000 0.000000 0.000000
497 1 89.124220 63.915840 29.054780 1.000000 1.000000 1.000000 0.000000
497 0.000000 0.000000 0.000000
498 1 0.219705 72.882514 171.078207 1.000000 1.000000 1.000000 0.000000
498 0.000000 0.000000 0.000000
499 1 96.127144 10.164729 88.224152 1.000000 1.000000 1.000000 0.000000
499 0.000000 0.000000 0.000000
