RESTART FILE
Timestep: 900

NUMBER OF PARTICLES
500

SIMULATION BOX
100 100 200

TIMESTEP
0.1

ATTRACTION RADIUS
1
0 

AGGREGATES/BEADS
0 1 74.769751 77.351606 19.898251 1.000000 1.000000 1.000000 0.000000
0 0.000000 0.000000 0.000000
1 1 57.244672 6.206152 162.478788 1.000000 1.000000 1.000000 0.000000
1 0.000000 0.000000 0.000000
2 1 23.169045 11.453152 21.236277 1.000000 1.000000 1.000000 0.000000
2 0.000000 0.000000 0.000000
3 1 91.532078 0.418206 157.829943 1.000000 1.000000 1.000000 0.000000
3 0.000000 0.000000 0.000000
4 1 30.935614 91.159094 89.772747 1.000000 1.000000 1.000000 0.000000
4 0.000000 0.000000 0.000000
5 1 38.516591 79.137555 143.302531 1.000000 1.000000 1.000000 0.000000
5 0.000000 0.000000 0.000000
6 1 7.908095 6.371777 175.943019 1.000000 1.000000 1.000000 0.000000
6 0.000000 0.000000 0.000000
7 1 50.613133 20.561046 116.325852 1.000000 1.000000 1.000000 0.000000
7 0.000000 0.000000 0.000000
8 1 60.581436 15.528969 113.802941 1.000000 1.000000 1.000000 0.000000
8 0.000000 0.000000 0.000000
9 1 39.601844 22.873517 58.121005 1.000000 1.000000 1.000000 0.000000
9 0.000000 0.000000 0.000000
10 1 60.418420 70.554846 79.514775 1.000000 1.000000 1.000000 0.000000
10 0.000000 0.000000 0.000000
11 1 48.246115 79.319077 43.540182 1.000000 1.000000 1.000000 0.000000
11 0.000000 0.000000 0.000000
12 1 94.898210 79.188597 69.698652 1.000000 1.000000 1.000000 0.000000
12 0.000000 0.000000 0.000000
13 1 58.814594 81.270223 43.783752 1.000000 1.000000 1.000000 0.000000
13 0.000000 0.000000 0.000000
14 1 11.168667 50.787862 32.551404 1.000000 1.000000 1.000000 0.000000
14 0.000000 0.000000 0.000000
15 1 42.542094 48.201399 187.179483 1.000000 1.000000 1.000000 0.000000
15 0.000000 0.000000 0.000000
16 1 36.520824 45.185341 197.914202 1.000000 1.000000 1.000000 0.000000
16 0.000000 0.000000 0.000000
17 1 86.588644 75.612123 96.825422 1.000000 1.000000 1.000000 0.000000
17 0.000000 0.000000 0.000000
18 1 81.795403 5.587998 170.290534 1.000000 1.000000 1.000000 0.000000
18 0.000000 0.000000 0.000000
19 1 43.452394 41.563678 134.827177 1.000000 1.000000 1.000000 0.000000
19 0.000000 0.000000 0.000000
20 1 89.724532 90.229504 137.831923 1.000000 1.000000 1.000000 0.000000
20 0.000000 0.000000 0.000000
21 1 83.472696 29.211990 29.948986 1.000000 1.000000 1.000000 0.000000
21 0.000000 0.000000 0.000000
22 1 57.495107 42.281111 158.920813 1.000000 1.000000 1.000000 0.000000
22 0.000000 0.000000 0.000000
23 1 69.628151 56.740319 121.000986 1.000000 1.000000 1.000000 0.000000
23 0.000000 0.000000 0.000000
24 1 19.622505 20.362618 69.533220 1.000000 1.000000 1.000000 0.000000
24 0.000000 0.000000 0.000000
25 1 88.695760 92.198584 91.167217 1.000000 1.000000 1.000000 0.000000
25 0.000000 0.000000 0.000000
26 1 81.441653 7.392218 41.735444 1.000000 1.000000 1.000000 0.000000
26 0.000000 0.000000 0.000000
27 1 84.458422 56.000863 22.521207 1.000000 1.000000 1.000000 0.000000
27 0.000000 0.000000 0.000000
28 1 63.570968 97.722011 76.891950 1.000000 1.000000 1.000000 0.000000
28 0.000000 0.000000 0.000000
29 1 20.125173 1.357873 42.555883 1.000000 1.000000 1.000000 0.000000
29 0.000000 0.000000 0.000000
30 1 53.410189 20.693092 183.144483 1.000000 1.000000 1.000000 0.000000
30 0.000000 0.000000 0.000000
31 1 9.293202 64.185766 48.126660 1.000000 1.000000 1.000000 0.000000
31 0.000000 0.000000 0.000000
32 1 91.072388 73.119218 196.357852 1.000000 1.000000 1.000000 0.000000
32 0.000000 0.000000 0.000000
33 1 10.403167 63.547482 27.895101 1.000000 1.000000 1.000000 0.000000
33 0.000000 0.000000 0.000000
34 1 29.762277 94.667033 67.240043 1.000000 1.000000 1.000000 0.000000
34 0.000000 0.000000 0.000000
35 1 52.891190 91.489180 23.643094 1.000000 1.000000 1.000000 0.000000
35 0.000000 0.000000 0.000000
36 1 5.202110 93.118477 22.462217 1.000000 1.000000 1.000000 0.000000
36 0.000000 0.000000 0.000000
37 1 0.881661 97.414979 122.746154 1.000000 1.000000 1.000000 0.000000
37 0.000000 0.000000 0.000000
38 1 62.786430 62.116824 88.287434 1.000000 1.000000 1.000000 0.000000
38 0.000000 0.000000 0.000000
39 1 54.731590 28.052556 7.393047 1.000000 1.000000 1.000000 0.000000
39 0.000000 0.000000 0.000000
40 1 27.992882 46.196188 57.238515 1.000000 1.000000 1.000000 0.000000
40 0.000000 0.000000 0.000000
41 1 38.749226 51.964357 100.451319 1.000000 1.000000 1.000000 0.000000
41 0.000000 0.000000 0.000000
42 1 29.594319 28.440205 125.347677 1.000000 1.000000 1.000000 0.000000
42 0.000000 0.000000 0.000000
43 1 41.752800 92.196968 33.585126 1.000000 1.000000 1.000000 0.000000
43 0.000000 0.000000 0.000000
44 1 60.222379 67.250127 128.597890 1.000000 1.000000 1.000000 0.000000
44 0.000000 0.000000 0.000000
45 1 47.303720 68.712894 57.663964 1.000000 1.000000 1.000000 0.000000
45 0.000000 0.000000 0.000000
46 1 25.636564 94.145865 52.188377 1.000000 1.000000 1.000000 0.000000
46 0.000000 0.000000 0.000000
47 1 11.084391 63.182189 4.940299 1.000000 1.000000 1.000000 0.000000
47 0.000000 0.000000 0.000000
48 1 45.962742 24.574266 24.076597 1.000000 1.000000 1.000000 0.000000
48 0.000000 0.000000 0.000000
49 1 10.095315 43.523025 42.517293 1.000000 1.000000 1.000000 0.000000
49 0.000000 0.000000 0.000000
50 1 97.705183 62.526960 14.405677 1.000000 1.000000 1.000000 0.000000
50 0.000000 0.000000 0.000000
51 1 22.529040 27.601011 106.446764 1.000000 1.000000 1.000000 0.000000
51 0.000000 0.000000 0.000000
52 1 72.028353 71.552841 135.077976 1.000000 1.000000 1.000000 0.000000
52 0.000000 0.000000 0.000000
53 1 61.707021 77.936037 47.812347 1.000000 1.000000 1.000000 0.000000
53 0.000000 0.000000 0.000000
54 1 33.624196 37.186183 67.071966 1.000000 1.000000 1.000000 0.000000
54 0.000000 0.000000 0.000000
55 1 70.717770 87.843770 93.770132 1.000000 1.000000 1.000000 0.000000
55 0.000000 0.000000 0.000000
56 1 4.418594 52.509425 2.066501 1.000000 1.000000 1.000000 0.000000
56 0.000000 0.000000 0.000000
57 1 64.448491 70.485752 135.584023 1.000000 1.000000 1.000000 0.000000
57 0.000000 0.000000 0.000000
58 1 46.180075 48.021203 65.167859 1.000000 1.000000 1.000000 0.000000
58 0.000000 0.000000 0.000000
59 1 64.576035 0.468456 178.545271 1.000000 1.000000 1.000000 0.000000
59 0.000000 0.000000 0.000000
60 1 11.727284 39.186058 44.099030 1.000000 1.000000 1.000000 0.000000
60 0.000000 0.000000 0.000000
61 1 75.931281 85.895280 177.175438 1.000000 1.000000 1.000000 0.000000
61 0.000000 0.000000 0.000000
62 1 22.020626 24.474494 119.347944 1.000000 1.000000 1.000000 0.000000
62 0.000000 0.000000 0.000000
63 1 8.407217 82.654022 52.947691 1.000000 1.000000 1.000000 0.000000
63 0.000000 0.000000 0.000000
64 1 34.585351 91.862549 58.202895 1.000000 1.000000 1.000000 0.000000
64 0.000000 0.000000 0.000000
65 1 69.965816 1.283000 71.109539 1.000000 1.000000 1.000000 0.000000
65 0.000000 0.000000 0.000000
66 1 50.689329 65.389571 6.403495 1.000000 1.000000 1.000000 0.000000
66 0.000000 0.000000 0.000000
67 1 70.610317 55.032285 4.027278 1.000000 1.000000 1.000000 0.000000
67 0.000000 0.000000 0.000000
68 1 17.056953 30.990116 149.210510 1.000000 1.000000 1.000000 0.000000
68 0.000000 0.000000 0.000000
69 1 88.446415 67.946927 186.439710 1.000000 1.000000 1.000000 0.000000
69 0.000000 0.000000 0.000000
70 1 44.753471 67.576372 127.579973 1.000000 1.000000 1.000000 0.000000
70 0.000000 0.000000 0.000000
71 1 44.360760 88.243592 0.837503 1.000000 1.000000 1.000000 0.000000
71 0.000000 0.000000 0.000000
72 1 14.452100 84.634193 84.371127 1.000000 1.000000 1.000000 0.000000
72 0.000000 0.000000 0.000000
73 1 57.643515 71.941265 62.790196 1.000000 1.000000 1.000000 0.000000
73 0.000000 0.000000 0.000000
74 1 29.724518 2.424100 56.339549 1.000000 1.000000 1.000000 0.000000
74 0.000000 0.000000 0.000000
75 1 76.771144 53.976635 102.444278 1.000000 1.000000 1.000000 0.000000
75 0.000000 0.000000 0.000000
76 1 76.217941 48.163756 50.638236 1.000000 1.000000 1.000000 0.000000
76 0.000000 0.000000 0.000000
77 1 51.213642 41.851256 30.970205 1.000000 1.000000 1.000000 0.000000
77 0.000000 0.000000 0.000000
78 1 93.219205 27.011763 168.409522 1.000000 1.000000 1.000000 0.000000
78 0.000000 0.000000 0.000000
79 1 11.971304 94.739281 24.592474 1.000000 1.000000 1.000000 0.000000
79 0.000000 0.000000 0.000000
80 1 36.227770 66.888857 41.802440 1.000000 1.000000 1.000000 0.000000
80 0.000000 0.000000 0.000000
81 1 89.738411 19.371477 179.707133 1.000000 1.000000 1.000000 0.000000
81 0.000000 0.000000 0.000000
82 1 30.396459 28.533350 147.925148 1.000000 1.000000 1.000000 0.000000
82 0.000000 0.000000 0.000000
83 1 63.900507 88.398531 145.598254 1.000000 1.000000 1.000000 0.000000
83 0.000000 0.000000 0.000000
84 1 82.068177 17.956801 135.194518 1.000000 1.000000 1.000000 0.000000
84 0.000000 0.000000 0.000000
85 1 19.915422 56.184008 101.683509 1.000000 1.000000 1.000000 0.000000
85 0.000000 0.000000 0.000000
86 1 14.546451 0.782221 99.019384 1.000000 1.000000 1.000000 0.000000
86 0.000000 0.000000 0.000000
87 1 77.541857 27.999017 99.858965 1.000000 1.000000 1.000000 0.000000
87 0.000000 0.000000 0.000000
88 1 18.125457 96.922249 155.826796 1.000000 1.000000 1.000000 0.000000
88 0.000000 0.000000 0.000000
89 1 13.167352 47.710012 102.292479 1.000000 1.000000 1.000000 0.000000
89 0.000000 0.000000 0.000000
90 1 9.977762 81.775775 63.453547 1.000000 1.000000 1.000000 0.000000
90 0.000000 0.000000 0.000000
91 1 24.009722 22.399046 7.765261 1.000000 1.000000 1.000000 0.000000
91 0.000000 0.000000 0.000000
92 1 36.152449 72.165060 86.450853 1.000000 1.000000 1.000000 0.000000
92 0.000000 0.000000 0.000000
93 1 64.049567 47.798295 178.632892 1.000000 1.000000 1.000000 0.000000
93 0.000000 0.000000 0.000000
94 1 87.844014 15.429486 73.039684 1.000000 1.000000 1.000000 0.000000
94 0.000000 0.000000 0.000000
95 1 60.795282 29.570892 32.945989 1.000000 1.000000 1.000000 0.000000
95 0.000000 0.000000 0.000000
96 1 93.447455 2.952969 167.253250 1.000000 1.000000 1.000000 0.000000
96 0.000000 0.000000 0.000000
97 1 53.323759 69.948687 39.766556 1.000000 1.000000 1.000000 0.000000
97 0.000000 0.000000 0.000000
98 1 53.523305 37.468508 41.884933 1.000000 1.000000 1.000000 0.000000
98 0.000000 0.000000 0.000000
99 1 63.031700 94.787804 99.318586 1.000000 1.000000 1.000000 0.000000
99 0.000000 0.000000 0.000000
100 1 71.248261 10.480449 199.964334 1.000000 1.000000 1.000000 0.000000
100 0.000000 0.000000 0.000000
101 1 43.807389 78.633429 120.635750 1.000000 1.000000 1.000000 0.000000
101 0.000000 0.000000 0.000000
102 1 41.266144 5.339653 123.883611 1.000000 1.000000 1.000000 0.000000
102 0.000000 0.000000 0.000000
103 1 53.489343 34.436499 138.022924 1.000000 1.000000 1.000000 0.000000
103 0.000000 0.000000 0.000000
104 1 38.497727 74.444636 92.765290 1.000000 1.000000 1.000000 0.000000
104 0.000000 0.000000 0.000000
105 1 57.910927 45.403493 191.284902 1.000000 1.000000 1.000000 0.000000
105 0.000000 0.000000 0.000000
106 1 0.927464 32.005224 195.573566 1.000000 1.000000 1.000000 0.000000
106 0.000000 0.000000 0.000000
107 1 77.374217 73.145869 77.516164 1.000000 1.000000 1.000000 0.000000
107 0.000000 0.000000 0.000000
108 1 27.956119 41.132936 144.731933 1.000000 1.000000 1.000000 0.000000
108 0.000000 0.000000 0.000000
109 1 33.500466 67.388109 139.791316 1.000000 1.000000 1.000000 0.000000
109 0.000000 0.000000 0.000000
110 1 25.902264 38.303523 38.990880 1.000000 1.000000 1.000000 0.000000
110 0.000000 0.000000 0.000000
111 1 25.292249 70.586096 85.706671 1.000000 1.000000 1.000000 0.000000
111 0.000000 0.000000 0.000000
112 1 28.764253 76.120503 77.683621 1.000000 1.000000 1.000000 0.000000
112 0.000000 0.000000 0.000000
113 1 21.225108 65.841966 136.453713 1.000000 1.000000 1.000000 0.000000
113 0.000000 0.000000 0.000000
114 1 7.773207 0.645143 118.989735 1.000000 1.000000 1.000000 0.000000
114 0.000000 0.000000 0.000000
115 1 0.926385 68.697533 113.718198 1.000000 1.000000 1.000000 0.000000
115 0.000000 0.000000 0.000000
116 1 89.415914 63.006171 96.738308 1.000000 1.000000 1.000000 0.000000
116 0.000000 0.000000 0.000000
117 1 34.395558 51.381337 196.233004 1.000000 1.000000 1.000000 0.000000
117 0.000000 0.000000 0.000000
118 1 3.794580 25.412399 68.238273 1.000000 1.000000 1.000000 0.000000
118 0.000000 0.000000 0.000000
119 1 16.825404 22.650875 186.573804 1.000000 1.000000 1.000000 0.000000
119 0.000000 0.000000 0.000000
120 1 95.777470 72.894271 184.266506 1.000000 1.000000 1.000000 0.000000
120 0.000000 0.000000 0.000000
121 1 42.677515 5.522123 61.664053 1.000000 1.000000 1.000000 0.000000
121 0.000000 0.000000 0.000000
122 1 69.259303 12.252634 162.637731 1.000000 1.000000 1.000000 0.000000
122 0.000000 0.000000 0.000000
123 1 18.632555 70.923913 10.670239 1.000000 1.000000 1.000000 0.000000
123 0.000000 0.000000 0.000000
124 1 55.217425 0.199778 192.945498 1.000000 1.000000 1.000000 0.000000
124 0.000000 0.000000 0.000000
125 1 1.670813 45.039024 84.614491 1.000000 1.000000 1.000000 0.000000
125 0.000000 0.000000 0.000000
126 1 88.254639 54.808844 85.686604 1.000000 1.000000 1.000000 0.000000
126 0.000000 0.000000 0.000000
127 1 58.405097 50.627523 177.744514 1.000000 1.000000 1.000000 0.000000
127 0.000000 0.000000 0.000000
128 1 86.963656 47.522085 131.641319 1.000000 1.000000 1.000000 0.000000
128 0.000000 0.000000 0.000000
129 1 69.447784 38.831754 154.568969 1.000000 1.000000 1.000000 0.000000
129 0.000000 0.000000 0.000000
130 1 74.255641 82.040673 133.408690 1.000000 1.000000 1.000000 0.000000
130 0.000000 0.000000 0.000000
131 1 25.397390 33.304766 119.020172 1.000000 1.000000 1.000000 0.000000
131 0.000000 0.000000 0.000000
132 1 25.375878 46.605145 52.414004 1.000000 1.000000 1.000000 0.000000
132 0.000000 0.000000 0.000000
133 1 37.308922 0.174103 64.497098 1.000000 1.000000 1.000000 0.000000
133 0.000000 0.000000 0.000000
134 1 86.753598 61.428639 60.001625 1.000000 1.000000 1.000000 0.000000
134 0.000000 0.000000 0.000000
135 1 3.245179 98.149201 189.767990 1.000000 1.000000 1.000000 0.000000
135 0.000000 0.000000 0.000000
136 1 32.611487 59.989673 103.332853 1.000000 1.000000 1.000000 0.000000
136 0.000000 0.000000 0.000000
137 1 30.846635 80.055159 145.618389 1.000000 1.000000 1.000000 0.000000
137 0.000000 0.000000 0.000000
138 1 75.502333 89.955212 56.095855 1.000000 1.000000 1.000000 0.000000
138 0.000000 0.000000 0.000000
139 1 31.189535 21.654053 176.017197 1.000000 1.000000 1.000000 0.000000
139 0.000000 0.000000 0.000000
140 1 49.717070 75.097771 182.618810 1.000000 1.000000 1.000000 0.000000
140 0.000000 0.000000 0.000000
141 1 83.920385 85.757153 110.608562 1.000000 1.000000 1.000000 0.000000
141 0.000000 0.000000 0.000000
142 1 17.036624 91.208332 107.681481 1.000000 1.000000 1.000000 0.000000
142 0.000000 0.000000 0.000000
143 1 20.910911 35.943311 143.918605 1.000000 1.000000 1.000000 0.000000
143 0.000000 0.000000 0.000000
144 1 38.946728 45.172261 154.396052 1.000000 1.000000 1.000000 0.000000
144 0.000000 0.000000 0.000000
145 1 1.669123 15.550908 155.944345 1.000000 1.000000 1.000000 0.000000
145 0.000000 0.000000 0.000000
146 1 36.847942 38.455270 63.045654 1.000000 1.000000 1.000000 0.000000
146 0.000000 0.000000 0.000000
147 1 84.235423 37.938158 124.518743 1.000000 1.000000 1.000000 0.000000
147 0.000000 0.000000 0.000000
148 1 39.263104 81.578822 146.818455 1.000000 1.000000 1.000000 0.000000
148 0.000000 0.000000 0.000000
149 1 48.287149 41.466483 120.220056 1.000000 1.000000 1.000000 0.000000
149 0.000000 0.000000 0.000000
150 1 50.841414 6.490746 31.999910 1.000000 1.000000 1.000000 0.000000
150 0.000000 0.000000 0.000000
151 1 25.788579 48.328590 193.353698 1.000000 1.000000 1.000000 0.000000
151 0.000000 0.000000 0.000000
152 1 54.084163 86.191757 129.598429 1.000000 1.000000 1.000000 0.000000
152 0.000000 0.000000 0.000000
153 1 58.548499 57.150750 180.647350 1.000000 1.000000 1.000000 0.000000
153 0.000000 0.000000 0.000000
154 1 10.176082 64.997074 101.179416 1.000000 1.000000 1.000000 0.000000
154 0.000000 0.000000 0.000000
155 1 79.423679 44.357223 15.163779 1.000000 1.000000 1.000000 0.000000
155 0.000000 0.000000 0.000000
156 1 17.715117 45.480955 80.289683 1.000000 1.000000 1.000000 0.000000
156 0.000000 0.000000 0.000000
157 1 53.488086 47.727004 143.040234 1.000000 1.000000 1.000000 0.000000
157 0.000000 0.000000 0.000000
158 1 4.019547 45.989185 170.229722 1.000000 1.000000 1.000000 0.000000
158 0.000000 0.000000 0.000000
159 1 87.897561 29.202254 199.135331 1.000000 1.000000 1.000000 0.000000
159 0.000000 0.000000 0.000000
160 1 93.223183 69.422798 11.948862 1.000000 1.000000 1.000000 0.000000
160 0.000000 0.000000 0.000000
161 1 94.464213 86.630277 113.550270 1.000000 1.000000 1.000000 0.000000
161 0.000000 0.000000 0.000000
162 1 97.481910 80.926653 135.284216 1.000000 1.000000 1.000000 0.000000
162 0.000000 0.000000 0.000000
163 1 2.638887 17.608705 195.385087 1.000000 1.000000 1.000000 0.000000
163 0.000000 0.000000 0.000000
164 1 11.796885 13.279733 157.938351 1.000000 1.000000 1.000000 0.000000
164 0.000000 0.000000 0.000000
165 1 12.417998 58.161201 166.116135 1.000000 1.000000 1.000000 0.000000
165 0.000000 0.000000 0.000000
166 1 77.875099 97.229345 75.534202 1.000000 1.000000 1.000000 0.000000
166 0.000000 0.000000 0.000000
167 1 45.425358 47.596044 16.694876 1.000000 1.000000 1.000000 0.000000
167 0.000000 0.000000 0.000000
168 1 75.679774 94.466314 173.164399 1.000000 1.000000 1.000000 0.000000
168 0.000000 0.000000 0.000000
169 1 49.759363 14.102359 45.287216 1.000000 1.000000 1.000000 0.000000
169 0.000000 0.000000 0.000000
170 1 57.946392 56.156588 144.952864 1.000000 1.000000 1.000000 0.000000
170 0.000000 0.000000 0.000000
171 1 84.572580 91.502787 152.203478 1.000000 1.000000 1.000000 0.000000
171 0.000000 0.000000 0.000000
172 1 15.004312 46.483077 106.894081 1.000000 1.000000 1.000000 0.000000
172 0.000000 0.000000 0.000000
173 1 59.281780 44.026528 94.684326 1.000000 1.000000 1.000000 0.000000
173 0.000000 0.000000 0.000000
174 1 59.336635 75.977259 173.844576 1.000000 1.000000 1.000000 0.000000
174 0.000000 0.000000 0.000000
175 1 37.938043 55.005243 160.789651 1.000000 1.000000 1.000000 0.000000
175 0.000000 0.000000 0.000000
176 1 51.572488 38.101214 85.712690 1.000000 1.000000 1.000000 0.000000
176 0.000000 0.000000 0.000000
177 1 87.578835 60.573242 106.984221 1.000000 1.000000 1.000000 0.000000
177 0.000000 0.000000 0.000000
178 1 19.878151 96.463008 198.523318 1.000000 1.000000 1.000000 0.000000
178 0.000000 0.000000 0.000000
179 1 73.931134 64.962586 127.731662 1.000000 1.000000 1.000000 0.000000
179 0.000000 0.000000 0.000000
180 1 40.241699 21.371696 15.238982 1.000000 1.000000 1.000000 0.000000
180 0.000000 0.000000 0.000000
181 1 24.474965 25.938462 180.054840 1.000000 1.000000 1.000000 0.000000
181 0.000000 0.000000 0.000000
182 1 59.519904 61.009363 74.824837 1.000000 1.000000 1.000000 0.000000
182 0.000000 0.000000 0.000000
183 1 35.490683 7.212936 165.635092 1.000000 1.000000 1.000000 0.000000
183 0.000000 0.000000 0.000000
184 1 91.478256 78.442415 68.234530 1.000000 1.000000 1.000000 0.000000
184 0.000000 0.000000 0.000000
185 1 46.853475 16.817288 163.107404 1.000000 1.000000 1.000000 0.000000
185 0.000000 0.000000 0.000000
186 1 6.482671 41.533404 45.577738 1.000000 1.000000 1.000000 0.000000
186 0.000000 0.000000 0.000000
187 1 14.809685 49.436089 37.910870 1.000000 1.000000 1.000000 0.000000
187 0.000000 0.000000 0.000000
188 1 27.799922 92.638052 166.970835 1.000000 1.000000 1.000000 0.000000
188 0.000000 0.000000 0.000000
189 1 87.593539 97.515270 76.735426 1.000000 1.000000 1.000000 0.000000
189 0.000000 0.000000 0.000000
190 1 93.248679 78.433404 84.440831 1.000000 1.000000 1.000000 0.000000
190 0.000000 0.000000 0.000000
191 1 76.040182 73.738702 87.952552 1.000000 1.000000 1.000000 0.000000
191 0.000000 0.000000 0.000000
192 1 16.726695 70.454705 11.594332 1.000000 1.000000 1.000000 0.000000
192 0.000000 0.000000 0.000000
193 1 29.120895 65.182190 2.329936 1.000000 1.000000 1.000000 0.000000
193 0.000000 0.000000 0.000000
194 1 92.922294 22.226473 196.071798 1.000000 1.000000 1.000000 0.000000
194 0.000000 0.000000 0.000000
195 1 23.795598 10.764439 6.347670 1.000000 1.000000 1.000000 0.000000
195 0.000000 0.000000 0.000000
196 1 37.692443 66.545568 132.303767 1.000000 1.000000 1.000000 0.000000
196 0.000000 0.000000 0.000000
197 1 63.667450 33.192230 157.199259 1.000000 1.000000 1.000000 0.000000
197 0.000000 0.000000 0.000000
198 1 91.298244 73.178247 31.353907 1.000000 1.000000 1.000000 0.000000
198 0.000000 0.000000 0.000000
199 1 25.346804 32.615135 155.709938 1.000000 1.000000 1.000000 0.000000
199 0.000000 0.000000 0.000000
200 1 9.327323 52.416108 157.145225 1.000000 1.000000 1.000000 0.000000
200 0.000000 0.000000 0.000000
201 1 5.757725 64.949265 137.305416 1.000000 1.000000 1.000000 0.000000
201 0.000000 0.000000 0.000000
202 1 89.383383 36.181982 177.051744 1.000000 1.000000 1.000000 0.000000
202 0.000000 0.000000 0.000000
203 1 51.929970 94.089691 37.284089 1.000000 1.000000 1.000000 0.000000
203 0.000000 0.000000 0.000000
204 1 7.899418 88.422657 127.124298 1.000000 1.000000 1.000000 0.000000
204 0.000000 0.000000 0.000000
205 1 29.214598 20.431126 32.632860 1.000000 1.000000 1.000000 0.000000
205 0.000000 0.000000 0.000000
206 1 47.700213 98.174128 185.295423 1.000000 1.000000 1.000000 0.000000
206 0.000000 0.000000 0.000000
207 1 46.309379 81.710950 156.717213 1.000000 1.000000 1.000000 0.000000
207 0.000000 0.000000 0.000000
208 1 0.605089 6.723112 98.060628 1.000000 1.000000 1.000000 0.000000
208 0.000000 0.000000 0.000000
209 1 54.986947 47.784534 142.482131 1.000000 1.000000 1.000000 0.000000
209 0.000000 0.000000 0.000000
210 1 90.415753 28.846247 17.908626 1.000000 1.000000 1.000000 0.000000
210 0.000000 0.000000 0.000000
211 1 52.144600 78.938244 60.464176 1.000000 1.000000 1.000000 0.000000
211 0.000000 0.000000 0.000000
212 1 84.081347 86.729033 115.043845 1.000000 1.000000 1.000000 0.000000
212 0.000000 0.000000 0.000000
213 1 31.645923 25.205170 122.984594 1.000000 1.000000 1.000000 0.000000
213 0.000000 0.000000 0.000000
214 1 2.214223 38.923857 48.445220 1.000000 1.000000 1.000000 0.000000
214 0.000000 0.000000 0.000000
215 1 38.675297 48.011299 33.509448 1.000000 1.000000 1.000000 0.000000
215 0.000000 0.000000 0.000000
216 1 89.811346 30.772463 105.847115 1.000000 1.000000 1.000000 0.000000
216 0.000000 0.000000 0.000000
217 1 44.400742 30.716339 166.223636 1.000000 1.000000 1.000000 0.000000
217 0.000000 0.000000 0.000000
218 1 25.682260 61.669910 152.729470 1.000000 1.000000 1.000000 0.000000
218 0.000000 0.000000 0.000000
219 1 83.191960 76.480331 56.107701 1.000000 1.000000 1.000000 0.000000
219 0.000000 0.000000 0.000000
220 1 58.899671 60.002305 49.332284 1.000000 1.000000 1.000000 0.000000
220 0.000000 0.000000 0.000000
221 1 36.339578 42.295794 182.585012 1.000000 1.000000 1.000000 0.000000
221 0.000000 0.000000 0.000000
222 1 38.731180 17.428045 79.798345 1.000000 1.000000 1.000000 0.000000
222 0.000000 0.000000 0.000000
223 1 2.612447 90.069160 139.088400 1.000000 1.000000 1.000000 0.000000
223 0.000000 0.000000 0.000000
224 1 46.914753 28.955566 183.026174 1.000000 1.000000 1.000000 0.000000
224 0.000000 0.000000 0.000000
225 1 33.820930 7.009135 76.659851 1.000000 1.000000 1.000000 0.000000
225 0.000000 0.000000 0.000000
226 1 20.979055 55.025835 56.995864 1.000000 1.000000 1.000000 0.000000
226 0.000000 0.000000 0.000000
227 1 26.527342 92.856186 1.441354 1.000000 1.000000 1.000000 0.000000
227 0.000000 0.000000 0.000000
228 1 84.605238 92.996684 23.973468 1.000000 1.000000 1.000000 0.000000
228 0.000000 0.000000 0.000000
229 1 37.809647 90.620431 32.334642 1.000000 1.000000 1.000000 0.000000
229 0.000000 0.000000 0.000000
230 1 31.981150 26.763643 12.183611 1.000000 1.000000 1.000000 0.000000
230 0.000000 0.000000 0.000000
231 1 99.626324 80.242318 17.943850 1.000000 1.000000 1.000000 0.000000
231 0.000000 0.000000 0.000000
232 1 93.574079 41.915343 111.282079 1.000000 1.000000 1.000000 0.000000
232 0.000000 0.000000 0.000000
233 1 6.859985 97.727494 38.166875 1.000000 1.000000 1.000000 0.000000
233 0.000000 0.000000 0.000000
234 1 8.798414 70.466014 136.657685 1.000000 1.000000 1.000000 0.000000
234 0.000000 0.000000 0.000000
235 1 4.572289 97.947930 196.657006 1.000000 1.000000 1.000000 0.000000
235 0.000000 0.000000 0.000000
236 1 69.242973 13.009043 177.142470 1.000000 1.000000 1.000000 0.000000
236 0.000000 0.000000 0.000000
237 1 5.902344 64.060780 50.968050 1.000000 1.000000 1.000000 0.000000
237 0.000000 0.000000 0.000000
238 1 80.881173 50.081314 122.324577 1.000000 1.000000 1.000000 0.000000
238 0.000000 0.000000 0.000000
239 1 29.375190 54.858798 160.814922 1.000000 1.000000 1.000000 0.000000
239 0.000000 0.000000 0.000000
240 1 50.801456 48.665518 52.075063 1.000000 1.000000 1.000000 0.000000
240 0.000000 0.000000 0.000000
241 1 3.165609 29.913389 52.236844 1.000000 1.000000 1.000000 0.000000
241 0.000000 0.000000 0.000000
242 1 15.513826 74.031556 47.601497 1.000000 1.000000 1.000000 0.000000
242 0.000000 0.000000 0.000000
243 1 89.208617 71.186418 110.868586 1.000000 1.000000 1.000000 0.000000
243 0.000000 0.000000 0.000000
244 1 2.813548 48.054814 52.140836 1.000000 1.000000 1.000000 0.000000
244 0.000000 0.000000 0.000000
245 1 83.921209 97.599978 16.160670 1.000000 1.000000 1.000000 0.000000
245 0.000000 0.000000 0.000000
246 1 43.107666 30.810173 107.202100 1.000000 1.000000 1.000000 0.000000
246 0.000000 0.000000 0.000000
247 1 22.507049 30.725129 72.167176 1.000000 1.000000 1.000000 0.000000
247 0.000000 0.000000 0.000000
248 1 60.884469 47.644183 77.405236 1.000000 1.000000 1.000000 0.000000
248 0.000000 0.000000 0.000000
249 1 93.057287 92.091006 33.328298 1.000000 1.000000 1.000000 0.000000
249 0.000000 0.000000 0.000000
250 1 12.398858 92.492090 80.194231 1.000000 1.000000 1.000000 0.000000
250 0.000000 0.000000 0.000000
251 1 55.820699 18.664032 102.978799 1.000000 1.000000 1.000000 0.000000
251 0.000000 0.000000 0.000000
252 1 15.910241 39.854442 73.276398 1.000000 1.000000 1.000000 0.000000
252 0.000000 0.000000 0.000000
253 1 82.352438 74.132629 33.628859 1.000000 1.000000 1.000000 0.000000
253 0.000000 0.000000 0.000000
254 1 75.003240 69.647988 159.123284 1.000000 1.000000 1.000000 0.000000
254 0.000000 0.000000 0.000000
255 1 89.568159 28.365252 40.979919 1.000000 1.000000 1.000000 0.000000
255 0.000000 0.000000 0.000000
256 1 79.167350 35.351954 172.842048 1.000000 1.000000 1.000000 0.000000
256 0.000000 0.000000 0.000000
257 1 44.123515 60.155415 28.109045 1.000000 1.000000 1.000000 0.000000
257 0.000000 0.000000 0.000000
258 1 45.667442 84.503126 112.857283 1.000000 1.000000 1.000000 0.000000
258 0.000000 0.000000 0.000000
259 1 42.939791 93.839201 100.242707 1.000000 1.000000 1.000000 0.000000
259 0.000000 0.000000 0.000000
260 1 7.015373 52.613650 164.858746 1.000000 1.000000 1.000000 0.000000
260 0.000000 0.000000 0.000000
261 1 99.048369 59.886305 183.950748 1.000000 1.000000 1.000000 0.000000
261 0.000000 0.000000 0.000000
262 1 41.708957 43.332783 115.429550 1.000000 1.000000 1.000000 0.000000
262 0.000000 0.000000 0.000000
263 1 44.351889 63.182686 181.522521 1.000000 1.000000 1.000000 0.000000
263 0.000000 0.000000 0.000000
264 1 69.243145 38.342875 40.989022 1.000000 1.000000 1.000000 0.000000
264 0.000000 0.000000 0.000000
265 1 65.840156 40.289913 45.748205 1.000000 1.000000 1.000000 0.000000
265 0.000000 0.000000 0.000000
266 1 0.619260 4.840227 140.590698 1.000000 1.000000 1.000000 0.000000
266 0.000000 0.000000 0.000000
267 1 85.443051 51.353570 164.268117 1.000000 1.000000 1.000000 0.000000
267 0.000000 0.000000 0.000000
268 1 14.714350 71.247024 180.409734 1.000000 1.000000 1.000000 0.000000
268 0.000000 0.000000 0.000000
269 1 67.154148 44.640082 121.482052 1.000000 1.000000 1.000000 0.000000
269 0.000000 0.000000 0.000000
270 1 39.637018 15.543908 43.089292 1.000000 1.000000 1.000000 0.000000
270 0.000000 0.000000 0.000000
271 1 10.214361 18.059627 172.572798 1.000000 1.000000 1.000000 0.000000
271 0.000000 0.000000 0.000000
272 1 36.656815 21.557572 42.694534 1.000000 1.000000 1.000000 0.000000
272 0.000000 0.000000 0.000000
273 1 38.271039 14.323572 6.836112 1.000000 1.000000 1.000000 0.000000
273 0.000000 0.000000 0.000000
274 1 2.670488 88.787713 49.751582 1.000000 1.000000 1.000000 0.000000
274 0.000000 0.000000 0.000000
275 1 4.980833 24.900343 67.652311 1.000000 1.000000 1.000000 0.000000
275 0.000000 0.000000 0.000000
276 1 47.687655 74.266857 78.512400 1.000000 1.000000 1.000000 0.000000
276 0.000000 0.000000 0.000000
277 1 77.618427 75.805196 159.425515 1.000000 1.000000 1.000000 0.000000
277 0.000000 0.000000 0.000000
278 1 60.798285 97.788048 106.597420 1.000000 1.000000 1.000000 0.000000
278 0.000000 0.000000 0.000000
279 1 3.458378 78.715974 80.193861 1.000000 1.000000 1.000000 0.000000
279 0.000000 0.000000 0.000000
280 1 8.911114 93.145431 135.058938 1.000000 1.000000 1.000000 0.000000
280 0.000000 0.000000 0.000000
281 1 99.536320 34.793326 142.980484 1.000000 1.000000 1.000000 0.000000
281 0.000000 0.000000 0.000000
282 1 3.197009 97.441919 39.585146 1.000000 1.000000 1.000000 0.000000
282 0.000000 0.000000 0.000000
283 1 69.804503 25.484361 72.520015 1.000000 1.000000 1.000000 0.000000
283 0.000000 0.000000 0.000000
284 1 95.573027 22.760363 194.563808 1.000000 1.000000 1.000000 0.000000
284 0.000000 0.000000 0.000000
285 1 98.445661 79.817309 73.197016 1.000000 1.000000 1.000000 0.000000
285 0.000000 0.000000 0.000000
286 1 59.799596 69.499861 58.504853 1.000000 1.000000 1.000000 0.000000
286 0.000000 0.000000 0.000000
287 1 40.882477 61.761819 39.051168 1.000000 1.000000 1.000000 0.000000
287 0.000000 0.000000 0.000000
288 1 56.064757 51.371224 103.781042 1.000000 1.000000 1.000000 0.000000
288 0.000000 0.000000 0.000000
289 1 30.572794 33.054125 100.747646 1.000000 1.000000 1.000000 0.000000
289 0.000000 0.000000 0.000000
290 1 54.742995 90.288348 89.738740 1.000000 1.000000 1.000000 0.000000
290 0.000000 0.000000 0.000000
291 1 73.350564 40.219401 71.438920 1.000000 1.000000 1.000000 0.000000
291 0.000000 0.000000 0.000000
292 1 53.568989 57.027318 98.962491 1.000000 1.000000 1.000000 0.000000
292 0.000000 0.000000 0.000000
293 1 81.820329 17.667129 91.154390 1.000000 1.000000 1.000000 0.000000
293 0.000000 0.000000 0.000000
294 1 33.724150 47.500174 133.117129 1.000000 1.000000 1.000000 0.000000
294 0.000000 0.000000 0.000000
295 1 4.811507 94.926730 90.670238 1.000000 1.000000 1.000000 0.000000
295 0.000000 0.000000 0.000000
296 1 45.944487 51.426279 62.480125 1.000000 1.000000 1.000000 0.000000
296 0.000000 0.000000 0.000000
297 1 77.143705 98.075118 169.084722 1.000000 1.000000 1.000000 0.000000
297 0.000000 0.000000 0.000000
298 1 78.452510 2.468745 96.089111 1.000000 1.000000 1.000000 0.000000
298 0.000000 0.000000 0.000000
299 1 48.802240 38.122454 7.323456 1.000000 1.000000 1.000000 0.000000
299 0.000000 0.000000 0.000000
300 1 64.021141 57.955501 41.138437 1.000000 1.000000 1.000000 0.000000
300 0.000000 0.000000 0.000000
301 1 53.575409 36.663536 49.988380 1.000000 1.000000 1.000000 0.000000
301 0.000000 0.000000 0.000000
302 1 68.208425 8.484627 16.786417 1.000000 1.000000 1.000000 0.000000
302 0.000000 0.000000 0.000000
303 1 50.942822 80.294671 10.321646 1.000000 1.000000 1.000000 0.000000
303 0.000000 0.000000 0.000000
304 1 11.233279 16.627670 49.171216 1.000000 1.000000 1.000000 0.000000
304 0.000000 0.000000 0.000000
305 1 62.469786 90.275085 90.579279 1.000000 1.000000 1.000000 0.000000
305 0.000000 0.000000 0.000000
306 1 54.917945 67.422169 86.582059 1.000000 1.000000 1.000000 0.000000
306 0.000000 0.000000 0.000000
307 1 21.482771 50.847939 128.766514 1.000000 1.000000 1.000000 0.000000
307 0.000000 0.000000 0.000000
308 1 45.307931 92.643819 146.514930 1.000000 1.000000 1.000000 0.000000
308 0.000000 0.000000 0.000000
309 1 30.683395 91.896107 199.086547 1.000000 1.000000 1.000000 0.000000
309 0.000000 0.000000 0.000000
310 1 55.425733 4.754579 133.178092 1.000000 1.000000 1.000000 0.000000
310 0.000000 0.000000 0.000000
311 1 95.974010 55.739945 172.131974 1.000000 1.000000 1.000000 0.000000
311 0.000000 0.000000 0.000000
312 1 12.495892 25.722472 60.236062 1.000000 1.000000 1.000000 0.000000
312 0.000000 0.000000 0.000000
313 1 38.541342 5.623420 155.261389 1.000000 1.000000 1.000000 0.000000
313 0.000000 0.000000 0.000000
314 1 38.045000 71.580201 25.156631 1.000000 1.000000 1.000000 0.000000
314 0.000000 0.000000 0.000000
315 1 70.313699 31.405738 88.449822 1.000000 1.000000 1.000000 0.000000
315 0.000000 0.000000 0.000000
316 1 43.936999 79.963918 175.446411 1.000000 1.000000 1.000000 0.000000
316 0.000000 0.000000 0.000000
317 1 73.154180 48.587308 185.187064 1.000000 1.000000 1.000000 0.000000
317 0.000000 0.000000 0.000000
318 1 4.072771 45.662301 161.724845 1.000000 1.000000 1.000000 0.000000
318 0.000000 0.000000 0.000000
319 1 99.536968 17.964188 134.468812 1.000000 1.000000 1.000000 0.000000
319 0.000000 0.000000 0.000000
320 1 41.598753 33.248956 106.798721 1.000000 1.000000 1.000000 0.000000
320 0.000000 0.000000 0.000000
321 1 21.256752 17.478847 136.090498 1.000000 1.000000 1.000000 0.000000
321 0.000000 0.000000 0.000000
322 1 36.145234 87.366523 189.825102 1.000000 1.000000 1.000000 0.000000
322 0.000000 0.000000 0.000000
323 1 95.154174 38.297959 134.987843 1.000000 1.000000 1.000000 0.000000
323 0.000000 0.000000 0.000000
324 1 84.718269 76.386821 64.721020 1.000000 1.000000 1.000000 0.000000
324 0.000000 0.000000 0.000000
325 1 15.598735 53.211685 69.105461 1.000000 1.000000 1.000000 0.000000
325 0.000000 0.000000 0.000000
326 1 30.113003 67.295770 54.916616 1.000000 1.000000 1.000000 0.000000
326 0.000000 0.000000 0.000000
327 1 96.879940 73.489627 179.961062 1.000000 1.000000 1.000000 0.000000
327 0.000000 0.000000 0.000000
328 1 96.986739 83.399779 127.554314 1.000000 1.000000 1.000000 0.000000
328 0.000000 0.000000 0.000000
329 1 26.889709 14.490471 93.897735 1.000000 1.000000 1.000000 0.000000
329 0.000000 0.000000 0.000000
330 1 79.783317 3.945675 50.543422 1.000000 1.000000 1.000000 0.000000
330 0.000000 0.000000 0.000000
331 1 64.186108 1.851496 77.845141 1.000000 1.000000 1.000000 0.000000
331 0.000000 0.000000 0.000000
332 1 84.327680 40.151631 184.275344 1.000000 1.000000 1.000000 0.000000
332 0.000000 0.000000 0.000000
333 1 5.675308 14.394632 2.150495 1.000000 1.000000 1.000000 0.000000
333 0.000000 0.000000 0.000000
334 1 5.799735 50.546054 98.788625 1.000000 1.000000 1.000000 0.000000
334 0.000000 0.000000 0.000000
335 1 86.728167 45.861875 27.347910 1.000000 1.000000 1.000000 0.000000
335 0.000000 0.000000 0.000000
336 1 78.316064 67.281922 40.664541 1.000000 1.000000 1.000000 0.000000
336 0.000000 0.000000 0.000000
337 1 13.751472 37.655280 98.325677 1.000000 1.000000 1.000000 0.000000
337 0.000000 0.000000 0.000000
338 1 71.178272 33.736505 138.349913 1.000000 1.000000 1.000000 0.000000
338 0.000000 0.000000 0.000000
339 1 75.472604 13.349901 39.501586 1.000000 1.000000 1.000000 0.000000
339 0.000000 0.000000 0.000000
340 1 63.245889 38.307927 155.998014 1.000000 1.000000 1.000000 0.000000
340 0.000000 0.000000 0.000000
341 1 9.968773 3.974294 25.578457 1.000000 1.000000 1.000000 0.000000
341 0.000000 0.000000 0.000000
342 1 98.016324 49.473784 34.558477 1.000000 1.000000 1.000000 0.000000
342 0.000000 0.000000 0.000000
343 1 18.478148 28.867828 94.154652 1.000000 1.000000 1.000000 0.000000
343 0.000000 0.000000 0.000000
344 1 15.949603 9.630971 198.733867 1.000000 1.000000 1.000000 0.000000
344 0.000000 0.000000 0.000000
345 1 57.043596 36.757837 159.767668 1.000000 1.000000 1.000000 0.000000
345 0.000000 0.000000 0.000000
346 1 41.808732 58.229243 50.686934 1.000000 1.000000 1.000000 0.000000
346 0.000000 0.000000 0.000000
347 1 39.742274 88.121180 5.737444 1.000000 1.000000 1.000000 0.000000
347 0.000000 0.000000 0.000000
348 1 0.409122 4.870900 106.353771 1.000000 1.000000 1.000000 0.000000
348 0.000000 0.000000 0.000000
349 1 73.521347 37.156255 159.244759 1.000000 1.000000 1.000000 0.000000
349 0.000000 0.000000 0.000000
350 1 24.916281 25.940059 77.906345 1.000000 1.000000 1.000000 0.000000
350 0.000000 0.000000 0.000000
351 1 45.820705 25.702620 5.501891 1.000000 1.000000 1.000000 0.000000
351 0.000000 0.000000 0.000000
352 1 34.506181 71.795262 164.031443 1.000000 1.000000 1.000000 0.000000
352 0.000000 0.000000 0.000000
353 1 67.900002 44.032090 128.622575 1.000000 1.000000 1.000000 0.000000
353 0.000000 0.000000 0.000000
354 1 65.989860 84.925968 58.527571 1.000000 1.000000 1.000000 0.000000
354 0.000000 0.000000 0.000000
355 1 70.274233 93.675227 84.373682 1.000000 1.000000 1.000000 0.000000
355 0.000000 0.000000 0.000000
356 1 74.151243 99.732405 148.080725 1.000000 1.000000 1.000000 0.000000
356 0.000000 0.000000 0.000000
357 1 36.944104 3.686376 56.104062 1.000000 1.000000 1.000000 0.000000
357 0.000000 0.000000 0.000000
358 1 56.251121 41.138575 142.308656 1.000000 1.000000 1.000000 0.000000
358 0.000000 0.000000 0.000000
359 1 2.307136 33.038010 125.632955 1.000000 1.000000 1.000000 0.000000
359 0.000000 0.000000 0.000000
360 1 72.984231 7.603390 198.426406 1.000000 1.000000 1.000000 0.000000
360 0.000000 0.000000 0.000000
361 1 88.132536 85.040556 111.388600 1.000000 1.000000 1.000000 0.000000
361 0.000000 0.000000 0.000000
362 1 16.281796 0.228400 157.317837 1.000000 1.000000 1.000000 0.000000
362 0.000000 0.000000 0.000000
363 1 18.395529 32.788751 38.969058 1.000000 1.000000 1.000000 0.000000
363 0.000000 0.000000 0.000000
364 1 16.664555 6.407790 127.043120 1.000000 1.000000 1.000000 0.000000
364 0.000000 0.000000 0.000000
365 1 54.763850 72.521740 9.209653 1.000000 1.000000 1.000000 0.000000
365 0.000000 0.000000 0.000000
366 1 5.450166 21.069657 146.097087 1.000000 1.000000 1.000000 0.000000
366 0.000000 0.000000 0.000000
367 1 64.776203 39.768900 58.315622 1.000000 1.000000 1.000000 0.000000
367 0.000000 0.000000 0.000000
368 1 59.717356 92.563668 122.131666 1.000000 1.000000 1.000000 0.000000
368 0.000000 0.000000 0.000000
369 1 91.105936 27.944087 182.670832 1.000000 1.000000 1.000000 0.000000
369 0.000000 0.000000 0.000000
370 1 30.619318 47.360968 125.245402 1.000000 1.000000 1.000000 0.000000
370 0.000000 0.000000 0.000000
371 1 13.332906 54.080145 133.187915 1.000000 1.000000 1.000000 0.000000
371 0.000000 0.000000 0.000000
372 1 20.575232 90.763719 138.416462 1.000000 1.000000 1.000000 0.000000
372 0.000000 0.000000 0.000000
373 1 27.679884 93.933125 113.638054 1.000000 1.000000 1.000000 0.000000
373 0.000000 0.000000 0.000000
374 1 17.841259 17.090935 26.728206 1.000000 1.000000 1.000000 0.000000
374 0.000000 0.000000 0.000000
375 1 3.958918 52.597550 158.917893 1.000000 1.000000 1.000000 0.000000
375 0.000000 0.000000 0.000000
376 1 72.523713 12.835548 149.376178 1.000000 1.000000 1.000000 0.000000
376 0.000000 0.000000 0.000000
377 1 22.545071 43.162129 104.255455 1.000000 1.000000 1.000000 0.000000
377 0.000000 0.000000 0.000000
378 1 13.585294 87.354970 56.296559 1.000000 1.000000 1.000000 0.000000
378 0.000000 0.000000 0.000000
379 1 66.450843 95.079277 72.440384 1.000000 1.000000 1.000000 0.000000
379 0.000000 0.000000 0.000000
380 1 71.256826 78.921468 50.499840 1.000000 1.000000 1.000000 0.000000
380 0.000000 0.000000 0.000000
381 1 8.258051 21.776458 79.589602 1.000000 1.000000 1.000000 0.000000
381 0.000000 0.000000 0.000000
382 1 62.735897 72.265991 173.555692 1.000000 1.000000 1.000000 0.000000
382 0.000000 0.000000 0.000000
383 1 7.221892 32.625716 157.466691 1.000000 1.000000 1.000000 0.000000
383 0.000000 0.000000 0.000000
384 1 14.499221 74.197975 111.901159 1.000000 1.000000 1.000000 0.000000
384 0.000000 0.000000 0.000000
385 1 0.938246 99.068851 144.144108 1.000000 1.000000 1.000000 0.000000
385 0.000000 0.000000 0.000000
386 1 16.706542 37.603710 41.923855 1.000000 1.000000 1.000000 0.000000
386 0.000000 0.000000 0.000000
387 1 14.264746 74.455310 194.951950 1.000000 1.000000 1.000000 0.000000
387 0.000000 0.000000 0.000000
388 1 64.723012 65.980162 189.697596 1.000000 1.000000 1.000000 0.000000
388 0.000000 0.000000 0.000000
389 1 99.325096 73.474587 177.916751 1.000000 1.000000 1.000000 0.000000
389 0.000000 0.000000 0.000000
390 1 34.629086 89.208697 39.196557 1.000000 1.000000 1.000000 0.000000
390 0.000000 0.000000 0.000000
391 1 37.933607 73.935130 63.356491 1.000000 1.000000 1.000000 0.000000
391 0.000000 0.000000 0.000000
392 1 37.518794 83.209661 84.177632 1.000000 1.000000 1.000000 0.000000
392 0.000000 0.000000 0.000000
393 1 86.334677 93.715973 100.342696 1.000000 1.000000 1.000000 0.000000
393 0.000000 0.000000 0.000000
394 1 37.716209 70.722352 162.945846 1.000000 1.000000 1.000000 0.000000
394 0.000000 0.000000 0.000000
395 1 55.076930 63.187292 0.774623 1.000000 1.000000 1.000000 0.000000
395 0.000000 0.000000 0.000000
396 1 37.678826 36.005977 29.969037 1.000000 1.000000 1.000000 0.000000
396 0.000000 0.000000 0.000000
397 1 44.415910 56.431418 73.816449 1.000000 1.000000 1.000000 0.000000
397 0.000000 0.000000 0.000000
398 1 63.270858 1.977570 26.594501 1.000000 1.000000 1.000000 0.000000
398 0.000000 0.000000 0.000000
399 1 51.300282 68.114910 28.753565 1.000000 1.000000 1.000000 0.000000
399 0.000000 0.000000 0.000000
400 1 41.125544 48.678649 17.498100 1.000000 1.000000 1.000000 0.000000
400 0.000000 0.000000 0.000000
401 1 79.480321 27.624792 55.758051 1.000000 1.000000 1.000000 0.000000
401 0.000000 0.000000 0.000000
402 1 70.661407 62.965262 168.083310 1.000000 1.000000 1.000000 0.000000
402 0.000000 0.000000 0.000000
403 1 36.862470 74.988951 141.031881 1.000000 1.000000 1.000000 0.000000
403 0.000000 0.000000 0.000000
404 1 17.052547 11.119110 80.329273 1.000000 1.000000 1.000000 0.000000
404 0.000000 0.000000 0.000000
405 1 77.463838 49.838621 41.645026 1.000000 1.000000 1.000000 0.000000
405 0.000000 0.000000 0.000000
406 1 12.041952 54.586660 124.360576 1.000000 1.000000 1.000000 0.000000
406 0.000000 0.000000 0.000000
407 1 84.206994 92.820061 2.786109 1.000000 1.000000 1.000000 0.000000
407 0.000000 0.000000 0.000000
408 1 85.729403 46.587167 65.490932 1.000000 1.000000 1.000000 0.000000
408 0.000000 0.000000 0.000000
409 1 41.388578 93.616947 143.826781 1.000000 1.000000 1.000000 0.000000
409 0.000000 0.000000 0.000000
410 1 15.418414 30.359678 117.128836 1.000000 1.000000 1.000000 0.000000
410 0.000000 0.000000 0.000000
411 1 48.688054 38.706315 59.023091 1.000000 1.000000 1.000000 0.000000
411 0.000000 0.000000 0.000000
412 1 79.140204 89.067766 130.738507 1.000000 1.000000 1.000000 0.000000
412 0.000000 0.000000 0.000000
413 1 79.300699 92.205080 27.816901 1.000000 1.000000 1.000000 0.000000
413 0.000000 0.000000 0.000000
414 1 91.544375 1.398995 62.873071 1.000000 1.000000 1.000000 0.000000
414 0.000000 0.000000 0.000000
415 1 91.203867 88.858101 66.923494 1.000000 1.000000 1.000000 0.000000
415 0.000000 0.000000 0.000000
416 1 36.213361 0.776345 191.186877 1.000000 1.000000 1.000000 0.000000
416 0.000000 0.000000 0.000000
417 1 1.823199 31.838771 140.594077 1.000000 1.000000 1.000000 0.000000
417 0.000000 0.000000 0.000000
418 1 20.760182 23.533143 43.134928 1.000000 1.000000 1.000000 0.000000
418 0.000000 0.000000 0.000000
419 1 86.003691 71.838043 78.360146 1.000000 1.000000 1.000000 0.000000
419 0.000000 0.000000 0.000000
420 1 90.535907 8.378346 89.301718 1.000000 1.000000 1.000000 0.000000
420 0.000000 0.000000 0.000000
421 1 25.616859 91.848450 177.017933 1.000000 1.000000 1.000000 0.000000
421 0.000000 0.000000 0.000000
422 1 92.975523 63.789719 196.760930 1.000000 1.000000 1.000000 0.000000
422 0.000000 0.000000 0.000000
423 1 52.856403 16.402866 78.917208 1.000000 1.000000 1.000000 0.000000
423 0.000000 0.000000 0.000000
424 1 11.206346 24.148284 159.771978 1.000000 1.000000 1.000000 0.000000
424 0.000000 0.000000 0.000000
425 1 71.174178 40.414144 191.834781 1.000000 1.000000 1.000000 0.000000
425 0.000000 0.000000 0.000000
426 1 56.621444 94.147222 174.996577 1.000000 1.000000 1.000000 0.000000
426 0.000000 0.000000 0.000000
427 1 20.850994 8.052124 160.117660 1.000000 1.000000 1.000000 0.000000
427 0.000000 0.000000 0.000000
428 1 80.984670 50.714483 57.528003 1.000000 1.000000 1.000000 0.000000
428 0.000000 0.000000 0.000000
429 1 70.267889 71.853954 174.304316 1.000000 1.000000 1.000000 0.000000
429 0.000000 0.000000 0.000000
430 1 4.373727 62.997789 17.536393 1.000000 1.000000 1.000000 0.000000
430 0.000000 0.000000 0.000000
431 1 46.903970 31.929166 77.648713 1.000000 1.000000 1.000000 0.000000
431 0.000000 0.000000 0.000000
432 1 54.457824 3.033420 66.046414 1.000000 1.000000 1.000000 0.000000
432 0.000000 0.000000 0.000000
433 1 87.643762 30.427209 153.045606 1.000000 1.000000 1.000000 0.000000
433 0.000000 0.000000 0.000000
434 1 72.301776 49.495876 99.023214 1.000000 1.000000 1.000000 0.000000
434 0.000000 0.000000 0.000000
435 1 37.211555 67.554959 180.145064 1.000000 1.000000 1.000000 0.000000
435 0.000000 0.000000 0.000000
436 1 22.785231 37.760392 66.472202 1.000000 1.000000 1.000000 0.000000
436 0.000000 0.000000 0.000000
437 1 18.793195 9.613106 172.158961 1.000000 1.000000 1.000000 0.000000
437 0.000000 0.000000 0.000000
438 1 0.468580 68.843264 138.998612 1.000000 1.000000 1.000000 0.000000
438 0.000000 0.000000 0.000000
439 1 51.577448 60.119945 113.722465 1.000000 1.000000 1.000000 0.000000
439 0.000000 0.000000 0.000000
440 1 32.158063 60.476024 84.136105 1.000000 1.000000 1.000000 0.000000
440 0.000000 0.000000 0.000000
441 1 80.360807 61.103606 129.757571 1.000000 1.000000 1.000000 0.000000
441 0.000000 0.000000 0.000000
442 1 89.733242 81.279166 127.116808 1.000000 1.000000 1.000000 0.000000
442 0.000000 0.000000 0.000000
443 1 32.891239 82.216525 149.952863 1.000000 1.000000 1.000000 0.000000
443 0.000000 0.000000 0.000000
444 1 78.790886 76.580564 43.995851 1.000000 1.000000 1.000000 0.000000
444 0.000000 0.000000 0.000000
445 1 15.762114 69.778362 57.002000 1.000000 1.000000 1.000000 0.000000
445 0.000000 0.000000 0.000000
446 1 26.170837 52.169008 72.525703 1.000000 1.000000 1.000000 0.000000
446 0.000000 0.000000 0.000000
447 1 25.982839 84.963828 102.680559 1.000000 1.000000 1.000000 0.000000
447 0.000000 0.000000 0.000000
448 1 78.105440 77.407023 113.363859 1.000000 1.000000 1.000000 0.000000
448 0.000000 0.000000 0.000000
449 1 37.546150 8.180735 98.204196 1.000000 1.000000 1.000000 0.000000
449 0.000000 0.000000 0.000000
450 1 40.053535 70.441129 0.304116 1.000000 1.000000 1.000000 0.000000
450 0.000000 0.000000 0.000000
451 1 56.467130 22.068073 15.535880 1.000000 1.000000 1.000000 0.000000
451 0.000000 0.000000 0.000000
452 1 11.138985 2.860098 60.797479 1.000000 1.000000 1.000000 0.000000
452 0.000000 0.000000 0.000000
453 1 99.961948 96.272400 16.201624 1.000000 1.000000 1.000000 0.000000
453 0.000000 0.000000 0.000000
454 1 27.635388 69.109038 128.184714 1.000000 1.000000 1.000000 0.000000
454 0.000000 0.000000 0.000000
455 1 72.440146 44.978258 112.337739 1.000000 1.000000 1.000000 0.000000
455 0.000000 0.000000 0.000000
456 1 4.182857 5.507139 89.516822 1.000000 1.000000 1.000000 0.000000
456 0.000000 0.000000 0.000000
457 1 78.276811 37.192312 189.146813 1.000000 1.000000 1.000000 0.000000
457 0.000000 0.000000 0.000000
458 1 42.148791 1.716117 97.663724 1.000000 1.000000 1.000000 0.000000
458 0.000000 0.000000 0.000000
459 1 88.684885 61.561111 94.791298 1.000000 1.000000 1.000000 0.000000
459 0.000000 0.000000 0.000000
460 1 96.075296 24.131944 45.999831 1.000000 1.000000 1.000000 0.000000
460 0.000000 0.000000 0.000000
461 1 34.991211 0.961036 5.383530 1.000000 1.000000 1.000000 0.000000
461 0.000000 0.000000 0.000000
462 1 20.073895 84.586011 3.671948 1.000000 1.000000 1.000000 0.000000
462 0.000000 0.000000 0.000000
463 1 23.922986 38.867209 147.219367 1.000000 1.000000 1.000000 0.000000
463 0.000000 0.000000 0.000000
464 1 21.781904 29.769362 39.730951 1.000000 1.000000 1.000000 0.000000
464 0.000000 0.000000 0.000000
465 1 10.137645 76.324771 57.789674 1.000000 1.000000 1.000000 0.000000
465 0.000000 0.000000 0.000000
466 1 62.740886 64.151732 185.309391 1.000000 1.000000 1.000000 0.000000
466 0.000000 0.000000 0.000000
467 1 19.993524 66.112026 164.245571 1.000000 1.000000 1.000000 0.000000
467 0.000000 0.000000 0.000000
468 1 48.369900 81.415759 85.167158 1.000000 1.000000 1.000000 0.000000
468 0.000000 0.000000 0.000000
469 1 46.825584 93.887829 8.456463 1.000000 1.000000 1.000000 0.000000
469 0.000000 0.000000 0.000000
470 1 30.945189 1.912695 158.712379 1.000000 1.000000 1.000000 0.000000
470 0.000000 0.000000 0.000000
471 1 76.149632 85.392831 84.714218 1.000000 1.000000 1.000000 0.000000
471 0.000000 0.000000 0.000000
472 1 97.360405 21.205956 156.288382 1.000000 1.000000 1.000000 0.000000
472 0.000000 0.000000 0.000000
473 1 8.159163 51.477977 41.659993 1.000000 1.000000 1.000000 0.000000
473 0.000000 0.000000 0.000000
474 1 23.539334 53.183296 193.785813 1.000000 1.000000 1.000000 0.000000
474 0.000000 0.000000 0.000000
475 1 40.118506 0.944808 66.299286 1.000000 1.000000 1.000000 0.000000
475 0.000000 0.000000 0.000000
476 1 56.084325 71.505087 97.188220 1.000000 1.000000 1.000000 0.000000
476 0.000000 0.000000 0.000000
477 1 82.350126 95.236723 189.796367 1.000000 1.000000 1.000000 0.000000
477 0.000000 0.000000 0.000000
478 1 0.756848 76.640181 74.647724 1.000000 1.000000 1.000000 0.000000
478 0.000000 0.000000 0.000000
479 1 73.329376 88.637527 186.429502 1.000000 1.000000 1.000000 0.000000
479 0.000000 0.000000 0.000000
480 1 10.714332 98.078282 77.708786 1.000000 1.000000 1.000000 0.000000
480 0.000000 0.000000 0.000000
481 1 77.539043 12.433611 166.622586 1.000000 1.000000 1.000000 0.000000
481 0.000000 0.000000 0.000000
482 1 88.846855 67.831080 105.649374 1.000000 1.000000 1.000000 0.000000
482 0.000000 0.000000 0.000000
483 1 97.045276 50.630206 33.232932 1.000000 1.000000 1.000000 0.000000
483 0.000000 0.000000 0.000000
484 1 97.283886 80.949407 44.174383 1.000000 1.000000 1.000000 0.000000
484 0.000000 0.000000 0.000000
485 1 21.489754 19.324460 185.058676 1.000000 1.000000 1.000000 0.000000
485 0.000000 0.000000 0.000000
486 1 29.785905 90.292188 89.248125 1.000000 1.000000 1.000000 0.000000
486 0.000000 0.000000 0.000000
487 1 47.068835 62.855217 181.640196 1.000000 1.000000 1.000000 0.000000
487 0.000000 0.000000 0.000000
488 1 9.180934 44.846507 107.835347 1.000000 1.000000 1.000000 0.000000
488 0.000000 0.000000 0.000000
489 1 3.602144 39.978011 39.969162 1.000000 1.000000 1.000000 0.000000
489 0.000000 0.000000 0.000000
490 1 69.751993 45.402526 179.277349 1.000000 1.000000 1.000000 0.000000
490 0.000000 0.000000 0.000000
491 1 50.159656 83.669580 65.389956 1.000000 1.000000 1.000000 0.000000
491 0.000000 0.000000 0.000000
492 1 65.064140 26.986882 190.680037 1.000000 1.000000 1.000000 0.000000
492 0.000000 0.000000 0.000000
493 1 98.994768 66.796130 20.905431 1.000000 1.000000 1.000000 0.000000
493 0.000000 0.000000 0.000000
494 1 65.615038 92.514772 29.683626 1.000000 1.000000 1.000000 0.000000
494 0.000000 0.000000 0.000000
495 1 18.743257 90.807038 191.534331 1.000000 1.000000 1.000000 0.000000
495 0.000000 0.000000 0.000000
496 1 54.703780 27.272798 179.158365 1.000000 1.000000 1.000000 0.000000
496 0.000000 0.000000 0.000000
497 1 95.083633 64.038004 24.010921 1.000000 1.000000 1.000000 0.000000
497 0.000000 0.000000 0.000000
498 1 13.296259 67.030929 165.579560 1.000000 1.000000 1.000000 0.000000
498 0.000000 0.000000 0.000000
499 1 1.904264 14.838409 65.431863 1.000000 1.000000 1.000000 0.000000
499 0.000000 0.000000 0.000000
