RESTART FILE
Timestep: 500

NUMBER OF PARTICLES
500

SIMULATION BOX
100 100 200

TIMESTEP
0.1

ATTRACTION RADIUS
1
0 

AGGREGATES/BEADS
0 1 85.330574 89.849805 35.359670 1.000000 1.000000 1.000000 0.000000
0 0.000000 0.000000 0.000000
1 1 78.366006 85.890794 167.321571 1.000000 1.000000 1.000000 0.000000
1 0.000000 0.000000 0.000000
2 1 21.569159 5.459293 22.357488 1.000000 1.000000 1.000000 0.000000
2 0.000000 0.000000 0.000000
3 1 85.183309 91.330356 152.637290 1.000000 1.000000 1.000000 0.000000
3 0.000000 0.000000 0.000000
4 1 31.170669 78.005731 106.935569 1.000000 1.000000 1.000000 0.000000
4 0.000000 0.000000 0.000000
5 1 36.637271 75.683296 152.112508 1.000000 1.000000 1.000000 0.000000
5 0.000000 0.000000 0.000000
6 1 1.759941 15.665890 183.057463 1.000000 1.000000 1.000000 0.000000
6 0.000000 0.000000 0.000000
7 1 48.218625 14.039924 120.848708 1.000000 1.000000 1.000000 0.000000
7 0.000000 0.000000 0.000000
8 1 49.506659 3.479407 92.588026 1.000000 1.000000 1.000000 0.000000
8 0.000000 0.000000 0.000000
9 1 39.464630 29.018058 54.298241 1.000000 1.000000 1.000000 0.000000
9 0.000000 0.000000 0.000000
10 1 65.621004 76.213847 70.517089 1.000000 1.000000 1.000000 0.000000
10 0.000000 0.000000 0.000000
11 1 41.702016 65.715658 36.422931 1.000000 1.000000 1.000000 0.000000
11 0.000000 0.000000 0.000000
12 1 81.559515 84.716796 82.924337 1.000000 1.000000 1.000000 0.000000
12 0.000000 0.000000 0.000000
13 1 56.334171 77.443631 31.572439 1.000000 1.000000 1.000000 0.000000
13 0.000000 0.000000 0.000000
14 1 21.129209 48.917492 38.670383 1.000000 1.000000 1.000000 0.000000
14 0.000000 0.000000 0.000000
15 1 32.581721 48.593995 193.535598 1.000000 1.000000 1.000000 0.000000
15 0.000000 0.000000 0.000000
16 1 55.948017 42.309144 0.574414 1.000000 1.000000 1.000000 0.000000
16 0.000000 0.000000 0.000000
17 1 98.704830 67.573692 105.703669 1.000000 1.000000 1.000000 0.000000
17 0.000000 0.000000 0.000000
18 1 81.809514 9.300294 176.321810 1.000000 1.000000 1.000000 0.000000
18 0.000000 0.000000 0.000000
19 1 53.374056 30.081498 150.377697 1.000000 1.000000 1.000000 0.000000
19 0.000000 0.000000 0.000000
20 1 73.190508 94.944496 129.949630 1.000000 1.000000 1.000000 0.000000
20 0.000000 0.000000 0.000000
21 1 81.395311 29.732657 31.810396 1.000000 1.000000 1.000000 0.000000
21 0.000000 0.000000 0.000000
22 1 62.540104 35.273329 172.276187 1.000000 1.000000 1.000000 0.000000
22 0.000000 0.000000 0.000000
23 1 71.345947 52.645190 124.403172 1.000000 1.000000 1.000000 0.000000
23 0.000000 0.000000 0.000000
24 1 26.396476 36.313776 77.671795 1.000000 1.000000 1.000000 0.000000
24 0.000000 0.000000 0.000000
25 1 87.531643 98.610874 77.564573 1.000000 1.000000 1.000000 0.000000
25 0.000000 0.000000 0.000000
26 1 80.977301 11.373276 35.390593 1.000000 1.000000 1.000000 0.000000
26 0.000000 0.000000 0.000000
27 1 88.234240 61.630494 22.678009 1.000000 1.000000 1.000000 0.000000
27 0.000000 0.000000 0.000000
28 1 64.639913 5.718287 95.050734 1.000000 1.000000 1.000000 0.000000
28 0.000000 0.000000 0.000000
29 1 26.003104 18.081868 26.684351 1.000000 1.000000 1.000000 0.000000
29 0.000000 0.000000 0.000000
30 1 59.204142 15.020685 188.766214 1.000000 1.000000 1.000000 0.000000
30 0.000000 0.000000 0.000000
31 1 3.036474 68.805076 41.129812 1.000000 1.000000 1.000000 0.000000
31 0.000000 0.000000 0.000000
32 1 94.047032 67.018978 190.972730 1.000000 1.000000 1.000000 0.000000
32 0.000000 0.000000 0.000000
33 1 7.028845 48.381162 30.869356 1.000000 1.000000 1.000000 0.000000
33 0.000000 0.000000 0.000000
34 1 23.105647 93.796537 63.319301 1.000000 1.000000 1.000000 0.000000
34 0.000000 0.000000 0.000000
35 1 54.516591 4.863398 23.800993 1.000000 1.000000 1.000000 0.000000
35 0.000000 0.000000 0.000000
36 1 93.292940 97.404924 24.099509 1.000000 1.000000 1.000000 0.000000
36 0.000000 0.000000 0.000000
37 1 0.045398 89.011642 120.439278 1.000000 1.000000 1.000000 0.000000
37 0.000000 0.000000 0.000000
38 1 60.425828 46.080365 86.286424 1.000000 1.000000 1.000000 0.000000
38 0.000000 0.000000 0.000000
39 1 54.905114 25.007593 11.640346 1.000000 1.000000 1.000000 0.000000
39 0.000000 0.000000 0.000000
40 1 15.466658 29.565657 68.006748 1.000000 1.000000 1.000000 0.000000
40 0.000000 0.000000 0.000000
41 1 43.599573 45.669526 95.770240 1.000000 1.000000 1.000000 0.000000
41 0.000000 0.000000 0.000000
42 1 35.993135 40.925255 110.133315 1.000000 1.000000 1.000000 0.000000
42 0.000000 0.000000 0.000000
43 1 45.935114 82.939388 24.287886 1.000000 1.000000 1.000000 0.000000
43 0.000000 0.000000 0.000000
44 1 66.405534 62.559173 122.733202 1.000000 1.000000 1.000000 0.000000
44 0.000000 0.000000 0.000000
45 1 21.553276 78.546694 50.880732 1.000000 1.000000 1.000000 0.000000
45 0.000000 0.000000 0.000000
46 1 24.425046 94.247127 68.625064 1.000000 1.000000 1.000000 0.000000
46 0.000000 0.000000 0.000000
47 1 32.501544 58.048881 198.600822 1.000000 1.000000 1.000000 0.000000
47 0.000000 0.000000 0.000000
48 1 30.043419 19.155949 27.580694 1.000000 1.000000 1.000000 0.000000
48 0.000000 0.000000 0.000000
49 1 3.557961 44.965909 43.583429 1.000000 1.000000 1.000000 0.000000
49 0.000000 0.000000 0.000000
50 1 0.609058 55.506262 4.997597 1.000000 1.000000 1.000000 0.000000
50 0.000000 0.000000 0.000000
51 1 21.815625 34.434645 110.886710 1.000000 1.000000 1.000000 0.000000
51 0.000000 0.000000 0.000000
52 1 53.823711 74.153636 147.092517 1.000000 1.000000 1.000000 0.000000
52 0.000000 0.000000 0.000000
53 1 60.185419 71.753984 64.102316 1.000000 1.000000 1.000000 0.000000
53 0.000000 0.000000 0.000000
54 1 30.231810 47.353706 67.525297 1.000000 1.000000 1.000000 0.000000
54 0.000000 0.000000 0.000000
55 1 68.138099 79.935715 106.597472 1.000000 1.000000 1.000000 0.000000
55 0.000000 0.000000 0.000000
56 1 9.885549 52.175587 189.986946 1.000000 1.000000 1.000000 0.000000
56 0.000000 0.000000 0.000000
57 1 53.378297 87.879886 129.408115 1.000000 1.000000 1.000000 0.000000
57 0.000000 0.000000 0.000000
58 1 53.703750 52.575825 57.057278 1.000000 1.000000 1.000000 0.000000
58 0.000000 0.000000 0.000000
59 1 66.014672 3.323307 182.985285 1.000000 1.000000 1.000000 0.000000
59 0.000000 0.000000 0.000000
60 1 6.394573 49.154273 31.753801 1.000000 1.000000 1.000000 0.000000
60 0.000000 0.000000 0.000000
61 1 63.259363 82.732972 174.492432 1.000000 1.000000 1.000000 0.000000
61 0.000000 0.000000 0.000000
62 1 25.979609 28.995086 106.334793 1.000000 1.000000 1.000000 0.000000
62 0.000000 0.000000 0.000000
63 1 12.952705 83.240560 40.695484 1.000000 1.000000 1.000000 0.000000
63 0.000000 0.000000 0.000000
64 1 22.256559 92.837924 77.396547 1.000000 1.000000 1.000000 0.000000
64 0.000000 0.000000 0.000000
65 1 62.461948 84.640400 67.206255 1.000000 1.000000 1.000000 0.000000
65 0.000000 0.000000 0.000000
66 1 70.542496 71.581988 6.911495 1.000000 1.000000 1.000000 0.000000
66 0.000000 0.000000 0.000000
67 1 71.936985 41.013231 10.969482 1.000000 1.000000 1.000000 0.000000
67 0.000000 0.000000 0.000000
68 1 99.916688 35.298387 144.275766 1.000000 1.000000 1.000000 0.000000
68 0.000000 0.000000 0.000000
69 1 85.204901 62.992991 179.289669 1.000000 1.000000 1.000000 0.000000
69 0.000000 0.000000 0.000000
70 1 50.509655 66.694696 127.639317 1.000000 1.000000 1.000000 0.000000
70 0.000000 0.000000 0.000000
71 1 53.155947 81.504329 19.361073 1.000000 1.000000 1.000000 0.000000
71 0.000000 0.000000 0.000000
72 1 97.064872 92.486453 92.047826 1.000000 1.000000 1.000000 0.000000
72 0.000000 0.000000 0.000000
73 1 50.105714 74.069720 68.887259 1.000000 1.000000 1.000000 0.000000
73 0.000000 0.000000 0.000000
74 1 32.990656 94.055138 63.253943 1.000000 1.000000 1.000000 0.000000
74 0.000000 0.000000 0.000000
75 1 79.773780 61.521856 91.745824 1.000000 1.000000 1.000000 0.000000
75 0.000000 0.000000 0.000000
76 1 81.207474 48.051037 45.479994 1.000000 1.000000 1.000000 0.000000
76 0.000000 0.000000 0.000000
77 1 56.693807 37.858416 35.799137 1.000000 1.000000 1.000000 0.000000
77 0.000000 0.000000 0.000000
78 1 88.709982 34.438202 171.177106 1.000000 1.000000 1.000000 0.000000
78 0.000000 0.000000 0.000000
79 1 8.022928 88.449653 29.052010 1.000000 1.000000 1.000000 0.000000
79 0.000000 0.000000 0.000000
80 1 47.360642 64.383016 50.862870 1.000000 1.000000 1.000000 0.000000
80 0.000000 0.000000 0.000000
81 1 93.674010 11.622152 182.599832 1.000000 1.000000 1.000000 0.000000
81 0.000000 0.000000 0.000000
82 1 21.714745 17.907356 134.129571 1.000000 1.000000 1.000000 0.000000
82 0.000000 0.000000 0.000000
83 1 59.251039 93.792292 151.045123 1.000000 1.000000 1.000000 0.000000
83 0.000000 0.000000 0.000000
84 1 64.365265 24.570534 143.983585 1.000000 1.000000 1.000000 0.000000
84 0.000000 0.000000 0.000000
85 1 29.014001 44.677287 105.694119 1.000000 1.000000 1.000000 0.000000
85 0.000000 0.000000 0.000000
86 1 13.540508 17.695573 90.828183 1.000000 1.000000 1.000000 0.000000
86 0.000000 0.000000 0.000000
87 1 74.920314 43.408271 99.547431 1.000000 1.000000 1.000000 0.000000
87 0.000000 0.000000 0.000000
88 1 18.942454 87.127216 153.258638 1.000000 1.000000 1.000000 0.000000
88 0.000000 0.000000 0.000000
89 1 98.356906 43.128409 98.364951 1.000000 1.000000 1.000000 0.000000
89 0.000000 0.000000 0.000000
90 1 16.770383 86.001996 59.741596 1.000000 1.000000 1.000000 0.000000
90 0.000000 0.000000 0.000000
91 1 7.573060 24.399634 194.996181 1.000000 1.000000 1.000000 0.000000
91 0.000000 0.000000 0.000000
92 1 27.715284 61.168523 84.921043 1.000000 1.000000 1.000000 0.000000
92 0.000000 0.000000 0.000000
93 1 59.126627 45.516515 182.203158 1.000000 1.000000 1.000000 0.000000
93 0.000000 0.000000 0.000000
94 1 97.942480 9.512945 85.113832 1.000000 1.000000 1.000000 0.000000
94 0.000000 0.000000 0.000000
95 1 76.953147 28.826372 25.522573 1.000000 1.000000 1.000000 0.000000
95 0.000000 0.000000 0.000000
96 1 77.258532 94.811317 196.241795 1.000000 1.000000 1.000000 0.000000
96 0.000000 0.000000 0.000000
97 1 49.970076 92.317271 45.172781 1.000000 1.000000 1.000000 0.000000
97 0.000000 0.000000 0.000000
98 1 52.617941 46.681033 53.611207 1.000000 1.000000 1.000000 0.000000
98 0.000000 0.000000 0.000000
99 1 59.534687 2.125025 79.010730 1.000000 1.000000 1.000000 0.000000
99 0.000000 0.000000 0.000000
100 1 69.843157 7.214216 194.979852 1.000000 1.000000 1.000000 0.000000
100 0.000000 0.000000 0.000000
101 1 49.417936 87.873146 118.944778 1.000000 1.000000 1.000000 0.000000
101 0.000000 0.000000 0.000000
102 1 17.026760 99.646449 116.819357 1.000000 1.000000 1.000000 0.000000
102 0.000000 0.000000 0.000000
103 1 42.423927 26.003314 142.264125 1.000000 1.000000 1.000000 0.000000
103 0.000000 0.000000 0.000000
104 1 57.033076 73.306428 93.851193 1.000000 1.000000 1.000000 0.000000
104 0.000000 0.000000 0.000000
105 1 51.371412 46.115658 187.186119 1.000000 1.000000 1.000000 0.000000
105 0.000000 0.000000 0.000000
106 1 98.657730 36.373493 0.427007 1.000000 1.000000 1.000000 0.000000
106 0.000000 0.000000 0.000000
107 1 78.839326 77.090404 75.116094 1.000000 1.000000 1.000000 0.000000
107 0.000000 0.000000 0.000000
108 1 12.737812 41.892381 165.547085 1.000000 1.000000 1.000000 0.000000
108 0.000000 0.000000 0.000000
109 1 43.234186 57.927012 151.628340 1.000000 1.000000 1.000000 0.000000
109 0.000000 0.000000 0.000000
110 1 27.745797 42.800403 35.395598 1.000000 1.000000 1.000000 0.000000
110 0.000000 0.000000 0.000000
111 1 14.532842 74.753954 80.502842 1.000000 1.000000 1.000000 0.000000
111 0.000000 0.000000 0.000000
112 1 34.843225 86.948245 77.779272 1.000000 1.000000 1.000000 0.000000
112 0.000000 0.000000 0.000000
113 1 18.459019 72.114147 134.271790 1.000000 1.000000 1.000000 0.000000
113 0.000000 0.000000 0.000000
114 1 2.130636 93.146596 129.344292 1.000000 1.000000 1.000000 0.000000
114 0.000000 0.000000 0.000000
115 1 95.974412 51.675039 128.569305 1.000000 1.000000 1.000000 0.000000
115 0.000000 0.000000 0.000000
116 1 72.779702 69.171981 95.138435 1.000000 1.000000 1.000000 0.000000
116 0.000000 0.000000 0.000000
117 1 24.949054 49.603093 195.025785 1.000000 1.000000 1.000000 0.000000
117 0.000000 0.000000 0.000000
118 1 10.215659 18.880356 52.943969 1.000000 1.000000 1.000000 0.000000
118 0.000000 0.000000 0.000000
119 1 8.661158 33.474241 181.498058 1.000000 1.000000 1.000000 0.000000
119 0.000000 0.000000 0.000000
120 1 2.326044 65.659575 187.696106 1.000000 1.000000 1.000000 0.000000
120 0.000000 0.000000 0.000000
121 1 38.860626 17.801984 64.857383 1.000000 1.000000 1.000000 0.000000
121 0.000000 0.000000 0.000000
122 1 57.717271 22.458336 175.626500 1.000000 1.000000 1.000000 0.000000
122 0.000000 0.000000 0.000000
123 1 19.943254 77.677675 11.236413 1.000000 1.000000 1.000000 0.000000
123 0.000000 0.000000 0.000000
124 1 70.167998 95.637490 1.235141 1.000000 1.000000 1.000000 0.000000
124 0.000000 0.000000 0.000000
125 1 90.343293 48.819923 76.794397 1.000000 1.000000 1.000000 0.000000
125 0.000000 0.000000 0.000000
126 1 84.071729 73.258262 94.495460 1.000000 1.000000 1.000000 0.000000
126 0.000000 0.000000 0.000000
127 1 57.197107 52.788602 165.702584 1.000000 1.000000 1.000000 0.000000
127 0.000000 0.000000 0.000000
128 1 86.032596 36.221002 138.300887 1.000000 1.000000 1.000000 0.000000
128 0.000000 0.000000 0.000000
129 1 72.236581 29.510822 156.499574 1.000000 1.000000 1.000000 0.000000
129 0.000000 0.000000 0.000000
130 1 79.531007 77.550485 137.628212 1.000000 1.000000 1.000000 0.000000
130 0.000000 0.000000 0.000000
131 1 30.897652 32.919346 120.321737 1.000000 1.000000 1.000000 0.000000
131 0.000000 0.000000 0.000000
132 1 21.060205 40.945198 44.836557 1.000000 1.000000 1.000000 0.000000
132 0.000000 0.000000 0.000000
133 1 37.180045 0.388980 60.572997 1.000000 1.000000 1.000000 0.000000
133 0.000000 0.000000 0.000000
134 1 86.336852 60.900432 52.988201 1.000000 1.000000 1.000000 0.000000
134 0.000000 0.000000 0.000000
135 1 1.678469 5.499566 198.743329 1.000000 1.000000 1.000000 0.000000
135 0.000000 0.000000 0.000000
136 1 28.579291 60.098155 87.688973 1.000000 1.000000 1.000000 0.000000
136 0.000000 0.000000 0.000000
137 1 43.825870 80.384295 158.324396 1.000000 1.000000 1.000000 0.000000
137 0.000000 0.000000 0.000000
138 1 79.383681 79.538448 44.429175 1.000000 1.000000 1.000000 0.000000
138 0.000000 0.000000 0.000000
139 1 29.851980 24.224270 178.686128 1.000000 1.000000 1.000000 0.000000
139 0.000000 0.000000 0.000000
140 1 56.644102 81.066109 185.840431 1.000000 1.000000 1.000000 0.000000
140 0.000000 0.000000 0.000000
141 1 70.052290 85.788805 112.064281 1.000000 1.000000 1.000000 0.000000
141 0.000000 0.000000 0.000000
142 1 10.432945 79.894815 99.103023 1.000000 1.000000 1.000000 0.000000
142 0.000000 0.000000 0.000000
143 1 20.849157 26.538766 157.416255 1.000000 1.000000 1.000000 0.000000
143 0.000000 0.000000 0.000000
144 1 31.417026 65.739899 153.313523 1.000000 1.000000 1.000000 0.000000
144 0.000000 0.000000 0.000000
145 1 3.102686 25.416859 157.961403 1.000000 1.000000 1.000000 0.000000
145 0.000000 0.000000 0.000000
146 1 42.841956 43.429306 54.785662 1.000000 1.000000 1.000000 0.000000
146 0.000000 0.000000 0.000000
147 1 73.408658 40.390229 116.230073 1.000000 1.000000 1.000000 0.000000
147 0.000000 0.000000 0.000000
148 1 39.632338 93.440703 132.333269 1.000000 1.000000 1.000000 0.000000
148 0.000000 0.000000 0.000000
149 1 41.420440 38.511413 111.987323 1.000000 1.000000 1.000000 0.000000
149 0.000000 0.000000 0.000000
150 1 58.480995 22.479119 29.652981 1.000000 1.000000 1.000000 0.000000
150 0.000000 0.000000 0.000000
151 1 23.168783 47.484635 178.966549 1.000000 1.000000 1.000000 0.000000
151 0.000000 0.000000 0.000000
152 1 48.130653 79.051542 138.937725 1.000000 1.000000 1.000000 0.000000
152 0.000000 0.000000 0.000000
153 1 50.973626 69.363572 175.214791 1.000000 1.000000 1.000000 0.000000
153 0.000000 0.000000 0.000000
154 1 11.287278 68.146506 92.688720 1.000000 1.000000 1.000000 0.000000
154 0.000000 0.000000 0.000000
155 1 9.835552 56.958560 4.897773 1.000000 1.000000 1.000000 0.000000
155 0.000000 0.000000 0.000000
156 1 20.442996 52.004074 83.527238 1.000000 1.000000 1.000000 0.000000
156 0.000000 0.000000 0.000000
157 1 37.659999 55.123274 144.126043 1.000000 1.000000 1.000000 0.000000
157 0.000000 0.000000 0.000000
158 1 13.627406 45.394117 170.579366 1.000000 1.000000 1.000000 0.000000
158 0.000000 0.000000 0.000000
159 1 87.310850 40.372546 187.597580 1.000000 1.000000 1.000000 0.000000
159 0.000000 0.000000 0.000000
160 1 82.171982 80.557650 26.162408 1.000000 1.000000 1.000000 0.000000
160 0.000000 0.000000 0.000000
161 1 94.927385 67.782014 123.217911 1.000000 1.000000 1.000000 0.000000
161 0.000000 0.000000 0.000000
162 1 99.646474 88.312184 133.703189 1.000000 1.000000 1.000000 0.000000
162 0.000000 0.000000 0.000000
163 1 18.342959 12.772780 198.661238 1.000000 1.000000 1.000000 0.000000
163 0.000000 0.000000 0.000000
164 1 1.809151 27.821476 154.065658 1.000000 1.000000 1.000000 0.000000
164 0.000000 0.000000 0.000000
165 1 95.985948 44.897207 162.533699 1.000000 1.000000 1.000000 0.000000
165 0.000000 0.000000 0.000000
166 1 80.920294 91.788336 78.903254 1.000000 1.000000 1.000000 0.000000
166 0.000000 0.000000 0.000000
167 1 59.202473 49.513594 10.008738 1.000000 1.000000 1.000000 0.000000
167 0.000000 0.000000 0.000000
168 1 69.096542 95.030845 157.793286 1.000000 1.000000 1.000000 0.000000
168 0.000000 0.000000 0.000000
169 1 47.028130 12.738280 49.634159 1.000000 1.000000 1.000000 0.000000
169 0.000000 0.000000 0.000000
170 1 72.749818 41.584511 138.319185 1.000000 1.000000 1.000000 0.000000
170 0.000000 0.000000 0.000000
171 1 79.191638 90.974824 148.020295 1.000000 1.000000 1.000000 0.000000
171 0.000000 0.000000 0.000000
172 1 17.742290 43.334247 107.831769 1.000000 1.000000 1.000000 0.000000
172 0.000000 0.000000 0.000000
173 1 62.335943 54.209762 90.500689 1.000000 1.000000 1.000000 0.000000
173 0.000000 0.000000 0.000000
174 1 68.046037 76.375459 187.197761 1.000000 1.000000 1.000000 0.000000
174 0.000000 0.000000 0.000000
175 1 27.158097 50.671969 167.773205 1.000000 1.000000 1.000000 0.000000
175 0.000000 0.000000 0.000000
176 1 74.990193 26.024957 77.718322 1.000000 1.000000 1.000000 0.000000
176 0.000000 0.000000 0.000000
177 1 84.162954 58.018942 105.954552 1.000000 1.000000 1.000000 0.000000
177 0.000000 0.000000 0.000000
178 1 28.541893 12.873595 3.810859 1.000000 1.000000 1.000000 0.000000
178 0.000000 0.000000 0.000000
179 1 72.620741 73.444027 112.924781 1.000000 1.000000 1.000000 0.000000
179 0.000000 0.000000 0.000000
180 1 28.197095 18.941834 19.732760 1.000000 1.000000 1.000000 0.000000
180 0.000000 0.000000 0.000000
181 1 35.767079 24.064401 178.572458 1.000000 1.000000 1.000000 0.000000
181 0.000000 0.000000 0.000000
182 1 47.311542 59.003002 56.206403 1.000000 1.000000 1.000000 0.000000
182 0.000000 0.000000 0.000000
183 1 24.814768 4.965667 145.244637 1.000000 1.000000 1.000000 0.000000
183 0.000000 0.000000 0.000000
184 1 96.708635 77.906220 75.591357 1.000000 1.000000 1.000000 0.000000
184 0.000000 0.000000 0.000000
185 1 34.628978 18.701264 158.186559 1.000000 1.000000 1.000000 0.000000
185 0.000000 0.000000 0.000000
186 1 94.272265 45.647220 49.951618 1.000000 1.000000 1.000000 0.000000
186 0.000000 0.000000 0.000000
187 1 26.648936 56.568651 41.810189 1.000000 1.000000 1.000000 0.000000
187 0.000000 0.000000 0.000000
188 1 39.268522 4.167855 170.981400 1.000000 1.000000 1.000000 0.000000
188 0.000000 0.000000 0.000000
189 1 91.736877 94.513254 95.510472 1.000000 1.000000 1.000000 0.000000
189 0.000000 0.000000 0.000000
190 1 87.311982 82.793083 69.714382 1.000000 1.000000 1.000000 0.000000
190 0.000000 0.000000 0.000000
191 1 70.404725 75.879479 97.688382 1.000000 1.000000 1.000000 0.000000
191 0.000000 0.000000 0.000000
192 1 13.401674 65.089922 11.570029 1.000000 1.000000 1.000000 0.000000
192 0.000000 0.000000 0.000000
193 1 29.904860 68.172100 192.182202 1.000000 1.000000 1.000000 0.000000
193 0.000000 0.000000 0.000000
194 1 94.686041 34.661249 187.927188 1.000000 1.000000 1.000000 0.000000
194 0.000000 0.000000 0.000000
195 1 20.720633 14.345426 194.550990 1.000000 1.000000 1.000000 0.000000
195 0.000000 0.000000 0.000000
196 1 44.447246 59.073266 146.106959 1.000000 1.000000 1.000000 0.000000
196 0.000000 0.000000 0.000000
197 1 74.243590 32.547666 149.384095 1.000000 1.000000 1.000000 0.000000
197 0.000000 0.000000 0.000000
198 1 2.200073 77.941639 31.889481 1.000000 1.000000 1.000000 0.000000
198 0.000000 0.000000 0.000000
199 1 28.262405 17.638488 165.615576 1.000000 1.000000 1.000000 0.000000
199 0.000000 0.000000 0.000000
200 1 25.259223 40.359235 162.281963 1.000000 1.000000 1.000000 0.000000
200 0.000000 0.000000 0.000000
201 1 9.732558 50.182572 138.376132 1.000000 1.000000 1.000000 0.000000
201 0.000000 0.000000 0.000000
202 1 83.332157 33.552657 189.412344 1.000000 1.000000 1.000000 0.000000
202 0.000000 0.000000 0.000000
203 1 55.928972 88.561396 31.200882 1.000000 1.000000 1.000000 0.000000
203 0.000000 0.000000 0.000000
204 1 8.777248 86.740310 122.854280 1.000000 1.000000 1.000000 0.000000
204 0.000000 0.000000 0.000000
205 1 21.331308 17.605876 36.302005 1.000000 1.000000 1.000000 0.000000
205 0.000000 0.000000 0.000000
206 1 48.685998 97.995241 175.589293 1.000000 1.000000 1.000000 0.000000
206 0.000000 0.000000 0.000000
207 1 50.023149 83.314190 158.438376 1.000000 1.000000 1.000000 0.000000
207 0.000000 0.000000 0.000000
208 1 5.196927 1.446420 115.993475 1.000000 1.000000 1.000000 0.000000
208 0.000000 0.000000 0.000000
209 1 52.211306 48.354249 132.625794 1.000000 1.000000 1.000000 0.000000
209 0.000000 0.000000 0.000000
210 1 6.398542 26.865995 10.670703 1.000000 1.000000 1.000000 0.000000
210 0.000000 0.000000 0.000000
211 1 44.401987 71.701226 62.465344 1.000000 1.000000 1.000000 0.000000
211 0.000000 0.000000 0.000000
212 1 91.414051 98.322241 112.174251 1.000000 1.000000 1.000000 0.000000
212 0.000000 0.000000 0.000000
213 1 28.520867 14.752277 125.063084 1.000000 1.000000 1.000000 0.000000
213 0.000000 0.000000 0.000000
214 1 0.744516 42.565681 41.448912 1.000000 1.000000 1.000000 0.000000
214 0.000000 0.000000 0.000000
215 1 32.269831 53.099426 31.043048 1.000000 1.000000 1.000000 0.000000
215 0.000000 0.000000 0.000000
216 1 89.125841 45.095831 105.823212 1.000000 1.000000 1.000000 0.000000
216 0.000000 0.000000 0.000000
217 1 57.479396 18.228993 173.502353 1.000000 1.000000 1.000000 0.000000
217 0.000000 0.000000 0.000000
218 1 46.225099 65.585520 156.382764 1.000000 1.000000 1.000000 0.000000
218 0.000000 0.000000 0.000000
219 1 81.242678 73.376188 50.958364 1.000000 1.000000 1.000000 0.000000
219 0.000000 0.000000 0.000000
220 1 64.114539 57.519872 59.597065 1.000000 1.000000 1.000000 0.000000
220 0.000000 0.000000 0.000000
221 1 16.629445 24.788701 189.116420 1.000000 1.000000 1.000000 0.000000
221 0.000000 0.000000 0.000000
222 1 49.092041 19.151817 81.630140 1.000000 1.000000 1.000000 0.000000
222 0.000000 0.000000 0.000000
223 1 89.028625 85.760198 150.655008 1.000000 1.000000 1.000000 0.000000
223 0.000000 0.000000 0.000000
224 1 47.144951 12.968126 179.342414 1.000000 1.000000 1.000000 0.000000
224 0.000000 0.000000 0.000000
225 1 26.626682 18.885137 72.740355 1.000000 1.000000 1.000000 0.000000
225 0.000000 0.000000 0.000000
226 1 28.684245 66.294836 51.053151 1.000000 1.000000 1.000000 0.000000
226 0.000000 0.000000 0.000000
227 1 37.651049 91.764382 196.745697 1.000000 1.000000 1.000000 0.000000
227 0.000000 0.000000 0.000000
228 1 80.242663 75.830330 35.262515 1.000000 1.000000 1.000000 0.000000
228 0.000000 0.000000 0.000000
229 1 50.118992 77.811637 21.294276 1.000000 1.000000 1.000000 0.000000
229 0.000000 0.000000 0.000000
230 1 21.410921 20.337012 11.468130 1.000000 1.000000 1.000000 0.000000
230 0.000000 0.000000 0.000000
231 1 2.561910 88.296985 14.192154 1.000000 1.000000 1.000000 0.000000
231 0.000000 0.000000 0.000000
232 1 95.262492 48.209872 103.015143 1.000000 1.000000 1.000000 0.000000
232 0.000000 0.000000 0.000000
233 1 9.260030 84.003001 33.818145 1.000000 1.000000 1.000000 0.000000
233 0.000000 0.000000 0.000000
234 1 22.515690 97.037787 133.871252 1.000000 1.000000 1.000000 0.000000
234 0.000000 0.000000 0.000000
235 1 1.608576 87.923715 12.288097 1.000000 1.000000 1.000000 0.000000
235 0.000000 0.000000 0.000000
236 1 59.317794 22.613380 178.539851 1.000000 1.000000 1.000000 0.000000
236 0.000000 0.000000 0.000000
237 1 19.476260 60.802106 52.778571 1.000000 1.000000 1.000000 0.000000
237 0.000000 0.000000 0.000000
238 1 96.849289 59.566169 119.456003 1.000000 1.000000 1.000000 0.000000
238 0.000000 0.000000 0.000000
239 1 22.339063 60.175698 156.134139 1.000000 1.000000 1.000000 0.000000
239 0.000000 0.000000 0.000000
240 1 49.835067 55.080658 59.348775 1.000000 1.000000 1.000000 0.000000
240 0.000000 0.000000 0.000000
241 1 89.937632 49.311027 53.978055 1.000000 1.000000 1.000000 0.000000
241 0.000000 0.000000 0.000000
242 1 16.444414 89.519603 48.042095 1.000000 1.000000 1.000000 0.000000
242 0.000000 0.000000 0.000000
243 1 89.937030 75.421126 117.104394 1.000000 1.000000 1.000000 0.000000
243 0.000000 0.000000 0.000000
244 1 6.522970 49.225999 53.247051 1.000000 1.000000 1.000000 0.000000
244 0.000000 0.000000 0.000000
245 1 88.939416 5.535542 16.582454 1.000000 1.000000 1.000000 0.000000
245 0.000000 0.000000 0.000000
246 1 40.102080 22.929419 100.761335 1.000000 1.000000 1.000000 0.000000
246 0.000000 0.000000 0.000000
247 1 8.826180 20.603025 78.154424 1.000000 1.000000 1.000000 0.000000
247 0.000000 0.000000 0.000000
248 1 66.704946 56.050742 65.470481 1.000000 1.000000 1.000000 0.000000
248 0.000000 0.000000 0.000000
249 1 96.417864 1.120455 27.130046 1.000000 1.000000 1.000000 0.000000
249 0.000000 0.000000 0.000000
250 1 6.785559 5.874788 89.588398 1.000000 1.000000 1.000000 0.000000
250 0.000000 0.000000 0.000000
251 1 46.109104 11.576078 122.020766 1.000000 1.000000 1.000000 0.000000
251 0.000000 0.000000 0.000000
252 1 12.608470 37.792398 54.242993 1.000000 1.000000 1.000000 0.000000
252 0.000000 0.000000 0.000000
253 1 84.738983 82.824784 34.695888 1.000000 1.000000 1.000000 0.000000
253 0.000000 0.000000 0.000000
254 1 82.878518 64.589227 168.280141 1.000000 1.000000 1.000000 0.000000
254 0.000000 0.000000 0.000000
255 1 83.754104 38.783621 41.789468 1.000000 1.000000 1.000000 0.000000
255 0.000000 0.000000 0.000000
256 1 72.052579 39.471719 163.686745 1.000000 1.000000 1.000000 0.000000
256 0.000000 0.000000 0.000000
257 1 56.704446 68.918515 20.232270 1.000000 1.000000 1.000000 0.000000
257 0.000000 0.000000 0.000000
258 1 33.823895 85.482543 115.309572 1.000000 1.000000 1.000000 0.000000
258 0.000000 0.000000 0.000000
259 1 41.862818 99.646582 100.417784 1.000000 1.000000 1.000000 0.000000
259 0.000000 0.000000 0.000000
260 1 5.409332 60.692620 163.261322 1.000000 1.000000 1.000000 0.000000
260 0.000000 0.000000 0.000000
261 1 90.665988 68.033625 180.335267 1.000000 1.000000 1.000000 0.000000
261 0.000000 0.000000 0.000000
262 1 39.231305 58.951503 95.949415 1.000000 1.000000 1.000000 0.000000
262 0.000000 0.000000 0.000000
263 1 38.452354 66.688003 183.306466 1.000000 1.000000 1.000000 0.000000
263 0.000000 0.000000 0.000000
264 1 80.478841 28.547176 28.110193 1.000000 1.000000 1.000000 0.000000
264 0.000000 0.000000 0.000000
265 1 58.460221 54.839197 55.772766 1.000000 1.000000 1.000000 0.000000
265 0.000000 0.000000 0.000000
266 1 98.038366 91.921216 140.074194 1.000000 1.000000 1.000000 0.000000
266 0.000000 0.000000 0.000000
267 1 77.867125 65.683199 144.702326 1.000000 1.000000 1.000000 0.000000
267 0.000000 0.000000 0.000000
268 1 8.606181 75.525755 172.770190 1.000000 1.000000 1.000000 0.000000
268 0.000000 0.000000 0.000000
269 1 60.017572 43.249501 116.102738 1.000000 1.000000 1.000000 0.000000
269 0.000000 0.000000 0.000000
270 1 41.928813 5.206357 36.841719 1.000000 1.000000 1.000000 0.000000
270 0.000000 0.000000 0.000000
271 1 5.309517 2.714573 176.958098 1.000000 1.000000 1.000000 0.000000
271 0.000000 0.000000 0.000000
272 1 45.159352 24.547789 45.038064 1.000000 1.000000 1.000000 0.000000
272 0.000000 0.000000 0.000000
273 1 30.594493 18.120475 5.956504 1.000000 1.000000 1.000000 0.000000
273 0.000000 0.000000 0.000000
274 1 96.986297 82.572618 46.978397 1.000000 1.000000 1.000000 0.000000
274 0.000000 0.000000 0.000000
275 1 25.907739 19.057259 69.998212 1.000000 1.000000 1.000000 0.000000
275 0.000000 0.000000 0.000000
276 1 38.796326 72.041682 80.390485 1.000000 1.000000 1.000000 0.000000
276 0.000000 0.000000 0.000000
277 1 80.458944 73.116821 175.612929 1.000000 1.000000 1.000000 0.000000
277 0.000000 0.000000 0.000000
278 1 61.176310 0.784465 104.144721 1.000000 1.000000 1.000000 0.000000
278 0.000000 0.000000 0.000000
279 1 99.378887 79.546480 68.410578 1.000000 1.000000 1.000000 0.000000
279 0.000000 0.000000 0.000000
280 1 90.750307 95.789859 120.314183 1.000000 1.000000 1.000000 0.000000
280 0.000000 0.000000 0.000000
281 1 93.467042 27.973633 138.850169 1.000000 1.000000 1.000000 0.000000
281 0.000000 0.000000 0.000000
282 1 92.719403 0.222827 43.067020 1.000000 1.000000 1.000000 0.000000
282 0.000000 0.000000 0.000000
283 1 60.681124 16.666120 60.092839 1.000000 1.000000 1.000000 0.000000
283 0.000000 0.000000 0.000000
284 1 88.356386 24.764916 7.182479 1.000000 1.000000 1.000000 0.000000
284 0.000000 0.000000 0.000000
285 1 79.934717 91.059307 85.024800 1.000000 1.000000 1.000000 0.000000
285 0.000000 0.000000 0.000000
286 1 64.448586 57.208128 58.596065 1.000000 1.000000 1.000000 0.000000
286 0.000000 0.000000 0.000000
287 1 39.257152 63.845534 51.444556 1.000000 1.000000 1.000000 0.000000
287 0.000000 0.000000 0.000000
288 1 52.908736 41.783679 86.761394 1.000000 1.000000 1.000000 0.000000
288 0.000000 0.000000 0.000000
289 1 13.104786 53.713796 106.795043 1.000000 1.000000 1.000000 0.000000
289 0.000000 0.000000 0.000000
290 1 62.222207 7.747350 93.992154 1.000000 1.000000 1.000000 0.000000
290 0.000000 0.000000 0.000000
291 1 54.896861 38.826329 67.937801 1.000000 1.000000 1.000000 0.000000
291 0.000000 0.000000 0.000000
292 1 69.267005 62.037871 79.703664 1.000000 1.000000 1.000000 0.000000
292 0.000000 0.000000 0.000000
293 1 92.727644 11.319426 84.383314 1.000000 1.000000 1.000000 0.000000
293 0.000000 0.000000 0.000000
294 1 35.160391 34.782787 131.633013 1.000000 1.000000 1.000000 0.000000
294 0.000000 0.000000 0.000000
295 1 3.817324 87.966994 91.861643 1.000000 1.000000 1.000000 0.000000
295 0.000000 0.000000 0.000000
296 1 31.623783 50.992123 60.714064 1.000000 1.000000 1.000000 0.000000
296 0.000000 0.000000 0.000000
297 1 92.008844 93.021544 172.503745 1.000000 1.000000 1.000000 0.000000
297 0.000000 0.000000 0.000000
298 1 65.723519 89.613903 110.204157 1.000000 1.000000 1.000000 0.000000
298 0.000000 0.000000 0.000000
299 1 43.087483 38.214024 13.387431 1.000000 1.000000 1.000000 0.000000
299 0.000000 0.000000 0.000000
300 1 82.212783 62.710382 39.517333 1.000000 1.000000 1.000000 0.000000
300 0.000000 0.000000 0.000000
301 1 61.683048 38.869337 58.709166 1.000000 1.000000 1.000000 0.000000
301 0.000000 0.000000 0.000000
302 1 73.457269 0.197291 15.034882 1.000000 1.000000 1.000000 0.000000
302 0.000000 0.000000 0.000000
303 1 45.381663 79.867597 197.960793 1.000000 1.000000 1.000000 0.000000
303 0.000000 0.000000 0.000000
304 1 95.588474 30.457762 38.261212 1.000000 1.000000 1.000000 0.000000
304 0.000000 0.000000 0.000000
305 1 51.510959 4.602162 105.988407 1.000000 1.000000 1.000000 0.000000
305 0.000000 0.000000 0.000000
306 1 50.472437 62.036802 87.905656 1.000000 1.000000 1.000000 0.000000
306 0.000000 0.000000 0.000000
307 1 30.422399 53.758805 126.967062 1.000000 1.000000 1.000000 0.000000
307 0.000000 0.000000 0.000000
308 1 36.534255 93.626518 159.213517 1.000000 1.000000 1.000000 0.000000
308 0.000000 0.000000 0.000000
309 1 26.542406 95.425947 194.950865 1.000000 1.000000 1.000000 0.000000
309 0.000000 0.000000 0.000000
310 1 45.804901 8.662514 135.811492 1.000000 1.000000 1.000000 0.000000
310 0.000000 0.000000 0.000000
311 1 86.397043 63.143093 168.944673 1.000000 1.000000 1.000000 0.000000
311 0.000000 0.000000 0.000000
312 1 0.319950 32.065143 64.211342 1.000000 1.000000 1.000000 0.000000
312 0.000000 0.000000 0.000000
313 1 38.693264 99.081679 150.764567 1.000000 1.000000 1.000000 0.000000
313 0.000000 0.000000 0.000000
314 1 42.633493 86.199042 21.137970 1.000000 1.000000 1.000000 0.000000
314 0.000000 0.000000 0.000000
315 1 61.412723 19.807518 100.655945 1.000000 1.000000 1.000000 0.000000
315 0.000000 0.000000 0.000000
316 1 35.802084 77.426143 184.622941 1.000000 1.000000 1.000000 0.000000
316 0.000000 0.000000 0.000000
317 1 65.149641 58.338460 7.105932 1.000000 1.000000 1.000000 0.000000
317 0.000000 0.000000 0.000000
318 1 11.629406 32.470313 145.048695 1.000000 1.000000 1.000000 0.000000
318 0.000000 0.000000 0.000000
319 1 86.162886 42.168903 125.855826 1.000000 1.000000 1.000000 0.000000
319 0.000000 0.000000 0.000000
320 1 46.743834 37.235449 100.436423 1.000000 1.000000 1.000000 0.000000
320 0.000000 0.000000 0.000000
321 1 14.230401 23.411327 146.173564 1.000000 1.000000 1.000000 0.000000
321 0.000000 0.000000 0.000000
322 1 30.883244 4.806959 199.981981 1.000000 1.000000 1.000000 0.000000
322 0.000000 0.000000 0.000000
323 1 96.624549 28.809121 132.110762 1.000000 1.000000 1.000000 0.000000
323 0.000000 0.000000 0.000000
324 1 92.562127 88.000431 61.894272 1.000000 1.000000 1.000000 0.000000
324 0.000000 0.000000 0.000000
325 1 18.283708 49.615648 65.921284 1.000000 1.000000 1.000000 0.000000
325 0.000000 0.000000 0.000000
326 1 18.900128 53.379847 51.041026 1.000000 1.000000 1.000000 0.000000
326 0.000000 0.000000 0.000000
327 1 97.115753 71.694632 170.271926 1.000000 1.000000 1.000000 0.000000
327 0.000000 0.000000 0.000000
328 1 91.885882 93.400717 125.363024 1.000000 1.000000 1.000000 0.000000
328 0.000000 0.000000 0.000000
329 1 14.277137 21.439588 103.600259 1.000000 1.000000 1.000000 0.000000
329 0.000000 0.000000 0.000000
330 1 71.887502 8.602430 62.268465 1.000000 1.000000 1.000000 0.000000
330 0.000000 0.000000 0.000000
331 1 54.508720 4.237422 54.056344 1.000000 1.000000 1.000000 0.000000
331 0.000000 0.000000 0.000000
332 1 74.637046 56.648493 188.729375 1.000000 1.000000 1.000000 0.000000
332 0.000000 0.000000 0.000000
333 1 5.649814 25.597755 198.432648 1.000000 1.000000 1.000000 0.000000
333 0.000000 0.000000 0.000000
334 1 12.071772 60.035812 104.543571 1.000000 1.000000 1.000000 0.000000
334 0.000000 0.000000 0.000000
335 1 85.751961 38.326381 28.534073 1.000000 1.000000 1.000000 0.000000
335 0.000000 0.000000 0.000000
336 1 78.852513 81.884693 49.314862 1.000000 1.000000 1.000000 0.000000
336 0.000000 0.000000 0.000000
337 1 36.712929 42.673987 97.537789 1.000000 1.000000 1.000000 0.000000
337 0.000000 0.000000 0.000000
338 1 72.619319 34.439403 144.381701 1.000000 1.000000 1.000000 0.000000
338 0.000000 0.000000 0.000000
339 1 64.426924 6.840374 27.742776 1.000000 1.000000 1.000000 0.000000
339 0.000000 0.000000 0.000000
340 1 70.176702 50.494056 163.742983 1.000000 1.000000 1.000000 0.000000
340 0.000000 0.000000 0.000000
341 1 9.956274 9.496220 13.798662 1.000000 1.000000 1.000000 0.000000
341 0.000000 0.000000 0.000000
342 1 99.482706 51.170002 30.416908 1.000000 1.000000 1.000000 0.000000
342 0.000000 0.000000 0.000000
343 1 27.709446 26.645925 95.357381 1.000000 1.000000 1.000000 0.000000
343 0.000000 0.000000 0.000000
344 1 15.195192 7.112362 3.306175 1.000000 1.000000 1.000000 0.000000
344 0.000000 0.000000 0.000000
345 1 69.206745 40.998480 154.115905 1.000000 1.000000 1.000000 0.000000
345 0.000000 0.000000 0.000000
346 1 30.478367 51.744458 49.413150 1.000000 1.000000 1.000000 0.000000
346 0.000000 0.000000 0.000000
347 1 33.700204 84.770801 199.088842 1.000000 1.000000 1.000000 0.000000
347 0.000000 0.000000 0.000000
348 1 3.526731 21.519265 85.822425 1.000000 1.000000 1.000000 0.000000
348 0.000000 0.000000 0.000000
349 1 67.267282 43.015618 154.197955 1.000000 1.000000 1.000000 0.000000
349 0.000000 0.000000 0.000000
350 1 28.098237 34.405790 70.287495 1.000000 1.000000 1.000000 0.000000
350 0.000000 0.000000 0.000000
351 1 48.914369 19.999737 198.892395 1.000000 1.000000 1.000000 0.000000
351 0.000000 0.000000 0.000000
352 1 21.752420 79.009255 166.438158 1.000000 1.000000 1.000000 0.000000
352 0.000000 0.000000 0.000000
353 1 72.052780 51.415930 131.695226 1.000000 1.000000 1.000000 0.000000
353 0.000000 0.000000 0.000000
354 1 62.607587 87.264487 64.056561 1.000000 1.000000 1.000000 0.000000
354 0.000000 0.000000 0.000000
355 1 66.571200 76.915249 91.717635 1.000000 1.000000 1.000000 0.000000
355 0.000000 0.000000 0.000000
356 1 65.129279 93.862909 139.908872 1.000000 1.000000 1.000000 0.000000
356 0.000000 0.000000 0.000000
357 1 36.505331 99.138863 54.316885 1.000000 1.000000 1.000000 0.000000
357 0.000000 0.000000 0.000000
358 1 44.538715 50.922871 134.007512 1.000000 1.000000 1.000000 0.000000
358 0.000000 0.000000 0.000000
359 1 2.273456 41.893246 116.907469 1.000000 1.000000 1.000000 0.000000
359 0.000000 0.000000 0.000000
360 1 77.589170 88.935837 198.513212 1.000000 1.000000 1.000000 0.000000
360 0.000000 0.000000 0.000000
361 1 77.584809 99.748432 112.245179 1.000000 1.000000 1.000000 0.000000
361 0.000000 0.000000 0.000000
362 1 18.312423 99.724864 162.856634 1.000000 1.000000 1.000000 0.000000
362 0.000000 0.000000 0.000000
363 1 21.075277 23.086508 28.358559 1.000000 1.000000 1.000000 0.000000
363 0.000000 0.000000 0.000000
364 1 16.365613 19.355702 128.271546 1.000000 1.000000 1.000000 0.000000
364 0.000000 0.000000 0.000000
365 1 55.044867 76.488518 18.700892 1.000000 1.000000 1.000000 0.000000
365 0.000000 0.000000 0.000000
366 1 9.203412 7.842193 144.665277 1.000000 1.000000 1.000000 0.000000
366 0.000000 0.000000 0.000000
367 1 53.832552 40.341471 65.499608 1.000000 1.000000 1.000000 0.000000
367 0.000000 0.000000 0.000000
368 1 55.247578 83.713033 126.998460 1.000000 1.000000 1.000000 0.000000
368 0.000000 0.000000 0.000000
369 1 11.881090 21.215634 179.766426 1.000000 1.000000 1.000000 0.000000
369 0.000000 0.000000 0.000000
370 1 22.227291 33.241919 120.878563 1.000000 1.000000 1.000000 0.000000
370 0.000000 0.000000 0.000000
371 1 15.928974 42.371006 138.024340 1.000000 1.000000 1.000000 0.000000
371 0.000000 0.000000 0.000000
372 1 15.766621 90.093398 137.037035 1.000000 1.000000 1.000000 0.000000
372 0.000000 0.000000 0.000000
373 1 37.272880 7.683473 105.342233 1.000000 1.000000 1.000000 0.000000
373 0.000000 0.000000 0.000000
374 1 12.083153 8.760798 7.043084 1.000000 1.000000 1.000000 0.000000
374 0.000000 0.000000 0.000000
375 1 90.999800 44.634380 166.496822 1.000000 1.000000 1.000000 0.000000
375 0.000000 0.000000 0.000000
376 1 75.085204 34.940493 165.991096 1.000000 1.000000 1.000000 0.000000
376 0.000000 0.000000 0.000000
377 1 20.654594 53.942973 88.310283 1.000000 1.000000 1.000000 0.000000
377 0.000000 0.000000 0.000000
378 1 19.835316 92.119757 62.483937 1.000000 1.000000 1.000000 0.000000
378 0.000000 0.000000 0.000000
379 1 73.940996 89.688918 73.975033 1.000000 1.000000 1.000000 0.000000
379 0.000000 0.000000 0.000000
380 1 79.093973 72.314242 41.498593 1.000000 1.000000 1.000000 0.000000
380 0.000000 0.000000 0.000000
381 1 8.433688 16.398745 77.529937 1.000000 1.000000 1.000000 0.000000
381 0.000000 0.000000 0.000000
382 1 47.349124 87.638218 165.200397 1.000000 1.000000 1.000000 0.000000
382 0.000000 0.000000 0.000000
383 1 98.389795 26.482941 169.601526 1.000000 1.000000 1.000000 0.000000
383 0.000000 0.000000 0.000000
384 1 22.644063 69.583339 102.522708 1.000000 1.000000 1.000000 0.000000
384 0.000000 0.000000 0.000000
385 1 6.477662 95.528830 153.785805 1.000000 1.000000 1.000000 0.000000
385 0.000000 0.000000 0.000000
386 1 29.731749 21.387995 67.304988 1.000000 1.000000 1.000000 0.000000
386 0.000000 0.000000 0.000000
387 1 10.032254 79.019593 199.463564 1.000000 1.000000 1.000000 0.000000
387 0.000000 0.000000 0.000000
388 1 68.185354 70.717666 178.005155 1.000000 1.000000 1.000000 0.000000
388 0.000000 0.000000 0.000000
389 1 98.380812 75.689139 184.016444 1.000000 1.000000 1.000000 0.000000
389 0.000000 0.000000 0.000000
390 1 48.008880 86.342619 46.245778 1.000000 1.000000 1.000000 0.000000
390 0.000000 0.000000 0.000000
391 1 45.046835 82.264319 65.753138 1.000000 1.000000 1.000000 0.000000
391 0.000000 0.000000 0.000000
392 1 44.025351 95.504783 82.849710 1.000000 1.000000 1.000000 0.000000
392 0.000000 0.000000 0.000000
393 1 89.561329 95.811615 112.946120 1.000000 1.000000 1.000000 0.000000
393 0.000000 0.000000 0.000000
394 1 48.055609 93.987812 161.105915 1.000000 1.000000 1.000000 0.000000
394 0.000000 0.000000 0.000000
395 1 42.902301 65.636117 3.558054 1.000000 1.000000 1.000000 0.000000
395 0.000000 0.000000 0.000000
396 1 45.362762 38.808279 17.223258 1.000000 1.000000 1.000000 0.000000
396 0.000000 0.000000 0.000000
397 1 44.482261 55.753420 72.058780 1.000000 1.000000 1.000000 0.000000
397 0.000000 0.000000 0.000000
398 1 66.209684 2.848797 25.294861 1.000000 1.000000 1.000000 0.000000
398 0.000000 0.000000 0.000000
399 1 47.847928 71.803187 33.978390 1.000000 1.000000 1.000000 0.000000
399 0.000000 0.000000 0.000000
400 1 33.152888 43.418379 23.446854 1.000000 1.000000 1.000000 0.000000
400 0.000000 0.000000 0.000000
401 1 70.345145 23.865775 50.815567 1.000000 1.000000 1.000000 0.000000
401 0.000000 0.000000 0.000000
402 1 76.571458 58.823301 171.330143 1.000000 1.000000 1.000000 0.000000
402 0.000000 0.000000 0.000000
403 1 59.062957 73.133143 131.571405 1.000000 1.000000 1.000000 0.000000
403 0.000000 0.000000 0.000000
404 1 13.671347 11.674854 93.426060 1.000000 1.000000 1.000000 0.000000
404 0.000000 0.000000 0.000000
405 1 75.264245 47.627311 37.648742 1.000000 1.000000 1.000000 0.000000
405 0.000000 0.000000 0.000000
406 1 16.948672 63.276728 129.459975 1.000000 1.000000 1.000000 0.000000
406 0.000000 0.000000 0.000000
407 1 75.248599 0.119375 195.656170 1.000000 1.000000 1.000000 0.000000
407 0.000000 0.000000 0.000000
408 1 89.753997 52.150092 65.348466 1.000000 1.000000 1.000000 0.000000
408 0.000000 0.000000 0.000000
409 1 31.644826 2.907066 145.546386 1.000000 1.000000 1.000000 0.000000
409 0.000000 0.000000 0.000000
410 1 10.421409 34.371964 114.798849 1.000000 1.000000 1.000000 0.000000
410 0.000000 0.000000 0.000000
411 1 39.748560 44.171256 42.403892 1.000000 1.000000 1.000000 0.000000
411 0.000000 0.000000 0.000000
412 1 67.463370 4.102544 154.269153 1.000000 1.000000 1.000000 0.000000
412 0.000000 0.000000 0.000000
413 1 82.817491 14.532553 28.798105 1.000000 1.000000 1.000000 0.000000
413 0.000000 0.000000 0.000000
414 1 0.827547 85.405802 72.976861 1.000000 1.000000 1.000000 0.000000
414 0.000000 0.000000 0.000000
415 1 96.654579 87.633296 68.843431 1.000000 1.000000 1.000000 0.000000
415 0.000000 0.000000 0.000000
416 1 17.676239 12.302600 185.947379 1.000000 1.000000 1.000000 0.000000
416 0.000000 0.000000 0.000000
417 1 98.799230 42.818177 141.085278 1.000000 1.000000 1.000000 0.000000
417 0.000000 0.000000 0.000000
418 1 24.666638 96.752970 30.921687 1.000000 1.000000 1.000000 0.000000
418 0.000000 0.000000 0.000000
419 1 87.749781 74.224371 91.381224 1.000000 1.000000 1.000000 0.000000
419 0.000000 0.000000 0.000000
420 1 92.414995 15.256346 93.499928 1.000000 1.000000 1.000000 0.000000
420 0.000000 0.000000 0.000000
421 1 31.482510 94.551894 182.887338 1.000000 1.000000 1.000000 0.000000
421 0.000000 0.000000 0.000000
422 1 89.069002 36.431622 193.210351 1.000000 1.000000 1.000000 0.000000
422 0.000000 0.000000 0.000000
423 1 38.088744 11.633769 71.724131 1.000000 1.000000 1.000000 0.000000
423 0.000000 0.000000 0.000000
424 1 10.424441 31.564526 164.080385 1.000000 1.000000 1.000000 0.000000
424 0.000000 0.000000 0.000000
425 1 73.017814 49.446080 198.257637 1.000000 1.000000 1.000000 0.000000
425 0.000000 0.000000 0.000000
426 1 59.263119 84.885670 186.697748 1.000000 1.000000 1.000000 0.000000
426 0.000000 0.000000 0.000000
427 1 21.495388 94.387853 168.891116 1.000000 1.000000 1.000000 0.000000
427 0.000000 0.000000 0.000000
428 1 84.919100 45.360196 50.102488 1.000000 1.000000 1.000000 0.000000
428 0.000000 0.000000 0.000000
429 1 64.834199 81.328059 177.216139 1.000000 1.000000 1.000000 0.000000
429 0.000000 0.000000 0.000000
430 1 11.913660 65.426834 24.438038 1.000000 1.000000 1.000000 0.000000
430 0.000000 0.000000 0.000000
431 1 49.073585 29.367788 67.370350 1.000000 1.000000 1.000000 0.000000
431 0.000000 0.000000 0.000000
432 1 57.090551 95.167891 65.717872 1.000000 1.000000 1.000000 0.000000
432 0.000000 0.000000 0.000000
433 1 5.250930 34.515285 158.838416 1.000000 1.000000 1.000000 0.000000
433 0.000000 0.000000 0.000000
434 1 83.171105 42.234933 95.889586 1.000000 1.000000 1.000000 0.000000
434 0.000000 0.000000 0.000000
435 1 40.667520 81.159609 175.024105 1.000000 1.000000 1.000000 0.000000
435 0.000000 0.000000 0.000000
436 1 8.811405 36.740130 64.294020 1.000000 1.000000 1.000000 0.000000
436 0.000000 0.000000 0.000000
437 1 17.425056 7.843476 178.285045 1.000000 1.000000 1.000000 0.000000
437 0.000000 0.000000 0.000000
438 1 94.420421 76.224675 136.100450 1.000000 1.000000 1.000000 0.000000
438 0.000000 0.000000 0.000000
439 1 41.862369 60.832538 110.154185 1.000000 1.000000 1.000000 0.000000
439 0.000000 0.000000 0.000000
440 1 31.899843 53.500415 86.660209 1.000000 1.000000 1.000000 0.000000
440 0.000000 0.000000 0.000000
441 1 85.159805 50.456029 128.163832 1.000000 1.000000 1.000000 0.000000
441 0.000000 0.000000 0.000000
442 1 95.324408 79.892760 115.902631 1.000000 1.000000 1.000000 0.000000
442 0.000000 0.000000 0.000000
443 1 22.282239 79.881391 149.981164 1.000000 1.000000 1.000000 0.000000
443 0.000000 0.000000 0.000000
444 1 4.136844 70.810030 51.457623 1.000000 1.000000 1.000000 0.000000
444 0.000000 0.000000 0.000000
445 1 21.490377 75.770637 51.104722 1.000000 1.000000 1.000000 0.000000
445 0.000000 0.000000 0.000000
446 1 24.380981 52.004684 63.084131 1.000000 1.000000 1.000000 0.000000
446 0.000000 0.000000 0.000000
447 1 20.737483 85.935164 102.422104 1.000000 1.000000 1.000000 0.000000
447 0.000000 0.000000 0.000000
448 1 79.187288 72.341057 101.745969 1.000000 1.000000 1.000000 0.000000
448 0.000000 0.000000 0.000000
449 1 23.947794 22.788969 98.027870 1.000000 1.000000 1.000000 0.000000
449 0.000000 0.000000 0.000000
450 1 37.975733 47.830853 194.847535 1.000000 1.000000 1.000000 0.000000
450 0.000000 0.000000 0.000000
451 1 46.944080 25.861619 10.897237 1.000000 1.000000 1.000000 0.000000
451 0.000000 0.000000 0.000000
452 1 4.202014 9.096094 51.220257 1.000000 1.000000 1.000000 0.000000
452 0.000000 0.000000 0.000000
453 1 92.554013 88.462073 11.614801 1.000000 1.000000 1.000000 0.000000
453 0.000000 0.000000 0.000000
454 1 36.463646 73.077752 137.623634 1.000000 1.000000 1.000000 0.000000
454 0.000000 0.000000 0.000000
455 1 76.865647 43.714368 122.701235 1.000000 1.000000 1.000000 0.000000
455 0.000000 0.000000 0.000000
456 1 88.064785 13.536276 101.278171 1.000000 1.000000 1.000000 0.000000
456 0.000000 0.000000 0.000000
457 1 95.125206 24.008291 196.515674 1.000000 1.000000 1.000000 0.000000
457 0.000000 0.000000 0.000000
458 1 40.630867 92.383610 106.886224 1.000000 1.000000 1.000000 0.000000
458 0.000000 0.000000 0.000000
459 1 89.628892 49.581128 98.784212 1.000000 1.000000 1.000000 0.000000
459 0.000000 0.000000 0.000000
460 1 1.018596 17.225941 42.262642 1.000000 1.000000 1.000000 0.000000
460 0.000000 0.000000 0.000000
461 1 24.793094 95.813413 12.682002 1.000000 1.000000 1.000000 0.000000
461 0.000000 0.000000 0.000000
462 1 23.874992 91.669961 187.812736 1.000000 1.000000 1.000000 0.000000
462 0.000000 0.000000 0.000000
463 1 23.894100 43.907567 143.466826 1.000000 1.000000 1.000000 0.000000
463 0.000000 0.000000 0.000000
464 1 19.226488 42.197495 47.077927 1.000000 1.000000 1.000000 0.000000
464 0.000000 0.000000 0.000000
465 1 19.799584 88.027235 59.926469 1.000000 1.000000 1.000000 0.000000
465 0.000000 0.000000 0.000000
466 1 49.246788 52.203404 193.618710 1.000000 1.000000 1.000000 0.000000
466 0.000000 0.000000 0.000000
467 1 26.813047 85.811650 157.065735 1.000000 1.000000 1.000000 0.000000
467 0.000000 0.000000 0.000000
468 1 55.719159 85.372056 93.694164 1.000000 1.000000 1.000000 0.000000
468 0.000000 0.000000 0.000000
469 1 46.202847 94.524761 194.264066 1.000000 1.000000 1.000000 0.000000
469 0.000000 0.000000 0.000000
470 1 24.998536 2.713229 151.733187 1.000000 1.000000 1.000000 0.000000
470 0.000000 0.000000 0.000000
471 1 79.511395 75.136867 92.312151 1.000000 1.000000 1.000000 0.000000
471 0.000000 0.000000 0.000000
472 1 81.233257 17.707055 162.277796 1.000000 1.000000 1.000000 0.000000
472 0.000000 0.000000 0.000000
473 1 22.363743 61.284197 33.308466 1.000000 1.000000 1.000000 0.000000
473 0.000000 0.000000 0.000000
474 1 28.114050 52.581661 188.824774 1.000000 1.000000 1.000000 0.000000
474 0.000000 0.000000 0.000000
475 1 32.203609 94.229920 83.628898 1.000000 1.000000 1.000000 0.000000
475 0.000000 0.000000 0.000000
476 1 46.800197 63.574593 100.010385 1.000000 1.000000 1.000000 0.000000
476 0.000000 0.000000 0.000000
477 1 75.873717 3.839375 195.509550 1.000000 1.000000 1.000000 0.000000
477 0.000000 0.000000 0.000000
478 1 98.924330 74.599581 82.615163 1.000000 1.000000 1.000000 0.000000
478 0.000000 0.000000 0.000000
479 1 70.216610 90.708603 170.131035 1.000000 1.000000 1.000000 0.000000
479 0.000000 0.000000 0.000000
480 1 7.716472 98.165047 65.891403 1.000000 1.000000 1.000000 0.000000
480 0.000000 0.000000 0.000000
481 1 70.339361 11.888398 168.435907 1.000000 1.000000 1.000000 0.000000
481 0.000000 0.000000 0.000000
482 1 86.619069 76.999876 82.595951 1.000000 1.000000 1.000000 0.000000
482 0.000000 0.000000 0.000000
483 1 99.497335 41.399316 41.873552 1.000000 1.000000 1.000000 0.000000
483 0.000000 0.000000 0.000000
484 1 86.967996 91.511161 40.772003 1.000000 1.000000 1.000000 0.000000
484 0.000000 0.000000 0.000000
485 1 15.651330 17.375751 179.371627 1.000000 1.000000 1.000000 0.000000
485 0.000000 0.000000 0.000000
486 1 32.308959 7.458363 93.853480 1.000000 1.000000 1.000000 0.000000
486 0.000000 0.000000 0.000000
487 1 50.751216 61.146913 192.469207 1.000000 1.000000 1.000000 0.000000
487 0.000000 0.000000 0.000000
488 1 9.546393 49.840284 94.846089 1.000000 1.000000 1.000000 0.000000
488 0.000000 0.000000 0.000000
489 1 99.425219 43.007276 38.231928 1.000000 1.000000 1.000000 0.000000
489 0.000000 0.000000 0.000000
490 1 59.284106 49.447640 167.707588 1.000000 1.000000 1.000000 0.000000
490 0.000000 0.000000 0.000000
491 1 58.448056 77.113010 70.378482 1.000000 1.000000 1.000000 0.000000
491 0.000000 0.000000 0.000000
492 1 72.937114 28.732707 1.474883 1.000000 1.000000 1.000000 0.000000
492 0.000000 0.000000 0.000000
493 1 12.372953 70.833381 13.747334 1.000000 1.000000 1.000000 0.000000
493 0.000000 0.000000 0.000000
494 1 59.559379 10.221116 26.281146 1.000000 1.000000 1.000000 0.000000
494 0.000000 0.000000 0.000000
495 1 25.020085 80.600773 192.354386 1.000000 1.000000 1.000000 0.000000
495 0.000000 0.000000 0.000000
496 1 54.827163 43.334745 177.297467 1.000000 1.000000 1.000000 0.000000
496 0.000000 0.000000 0.000000
497 1 87.299441 56.718244 24.511497 1.000000 1.000000 1.000000 0.000000
497 0.000000 0.000000 0.000000
498 1 14.850729 74.698894 172.028525 1.000000 1.000000 1.000000 0.000000
498 0.000000 0.000000 0.000000
499 1 98.901455 9.295345 78.512646 1.000000 1.000000 1.000000 0.000000
499 0.000000 0.000000 0.000000
