RESTART FILE
Timestep: 600

NUMBER OF PARTICLES
500

SIMULATION BOX
100 100 200

TIMESTEP
0.1

ATTRACTION RADIUS
1
0 

AGGREGATES/BEADS
0 1 78.920987 83.322622 34.131096 1.000000 1.000000 1.000000 0.000000
0 0.000000 0.000000 0.000000
1 1 76.940455 89.193293 161.851838 1.000000 1.000000 1.000000 0.000000
1 0.000000 0.000000 0.000000
2 1 26.664005 7.397342 16.729953 1.000000 1.000000 1.000000 0.000000
2 0.000000 0.000000 0.000000
3 1 84.847597 96.446834 154.013872 1.000000 1.000000 1.000000 0.000000
3 0.000000 0.000000 0.000000
4 1 31.273096 80.991086 103.845011 1.000000 1.000000 1.000000 0.000000
4 0.000000 0.000000 0.000000
5 1 38.249584 73.770450 149.411580 1.000000 1.000000 1.000000 0.000000
5 0.000000 0.000000 0.000000
6 1 97.727552 10.785413 174.629339 1.000000 1.000000 1.000000 0.000000
6 0.000000 0.000000 0.000000
7 1 44.250993 11.720792 118.579035 1.000000 1.000000 1.000000 0.000000
7 0.000000 0.000000 0.000000
8 1 59.413631 1.742176 91.943621 1.000000 1.000000 1.000000 0.000000
8 0.000000 0.000000 0.000000
9 1 36.485834 29.292118 58.026222 1.000000 1.000000 1.000000 0.000000
9 0.000000 0.000000 0.000000
10 1 64.349113 72.357318 68.045978 1.000000 1.000000 1.000000 0.000000
10 0.000000 0.000000 0.000000
11 1 37.790365 76.471119 41.189354 1.000000 1.000000 1.000000 0.000000
11 0.000000 0.000000 0.000000
12 1 87.855853 80.441222 77.828004 1.000000 1.000000 1.000000 0.000000
12 0.000000 0.000000 0.000000
13 1 62.176153 77.676864 39.726484 1.000000 1.000000 1.000000 0.000000
13 0.000000 0.000000 0.000000
14 1 15.037460 53.956659 35.061392 1.000000 1.000000 1.000000 0.000000
14 0.000000 0.000000 0.000000
15 1 34.797722 47.013662 188.258984 1.000000 1.000000 1.000000 0.000000
15 0.000000 0.000000 0.000000
16 1 52.662481 45.145275 4.219039 1.000000 1.000000 1.000000 0.000000
16 0.000000 0.000000 0.000000
17 1 91.294625 71.715899 99.967989 1.000000 1.000000 1.000000 0.000000
17 0.000000 0.000000 0.000000
18 1 80.980252 4.488757 173.173129 1.000000 1.000000 1.000000 0.000000
18 0.000000 0.000000 0.000000
19 1 52.865676 36.197529 144.018213 1.000000 1.000000 1.000000 0.000000
19 0.000000 0.000000 0.000000
20 1 79.795311 91.384738 126.881675 1.000000 1.000000 1.000000 0.000000
20 0.000000 0.000000 0.000000
21 1 80.808749 30.493562 32.042545 1.000000 1.000000 1.000000 0.000000
21 0.000000 0.000000 0.000000
22 1 64.246655 35.304788 170.811079 1.000000 1.000000 1.000000 0.000000
22 0.000000 0.000000 0.000000
23 1 69.464809 52.063864 121.687348 1.000000 1.000000 1.000000 0.000000
23 0.000000 0.000000 0.000000
24 1 22.434445 33.898984 78.495908 1.000000 1.000000 1.000000 0.000000
24 0.000000 0.000000 0.000000
25 1 81.564935 94.907284 80.714423 1.000000 1.000000 1.000000 0.000000
25 0.000000 0.000000 0.000000
26 1 88.822478 9.301885 33.602402 1.000000 1.000000 1.000000 0.000000
26 0.000000 0.000000 0.000000
27 1 90.183217 62.277963 22.902943 1.000000 1.000000 1.000000 0.000000
27 0.000000 0.000000 0.000000
28 1 63.970150 1.532345 89.233974 1.000000 1.000000 1.000000 0.000000
28 0.000000 0.000000 0.000000
29 1 32.343745 8.014296 26.950895 1.000000 1.000000 1.000000 0.000000
29 0.000000 0.000000 0.000000
30 1 54.287936 11.814371 191.538018 1.000000 1.000000 1.000000 0.000000
30 0.000000 0.000000 0.000000
31 1 5.639482 73.577332 39.171728 1.000000 1.000000 1.000000 0.000000
31 0.000000 0.000000 0.000000
32 1 93.154838 71.722306 196.374818 1.000000 1.000000 1.000000 0.000000
32 0.000000 0.000000 0.000000
33 1 0.833015 52.340400 26.748006 1.000000 1.000000 1.000000 0.000000
33 0.000000 0.000000 0.000000
34 1 23.835335 92.401773 63.202358 1.000000 1.000000 1.000000 0.000000
34 0.000000 0.000000 0.000000
35 1 50.657445 5.568300 26.595665 1.000000 1.000000 1.000000 0.000000
35 0.000000 0.000000 0.000000
36 1 0.923687 98.598257 22.770889 1.000000 1.000000 1.000000 0.000000
36 0.000000 0.000000 0.000000
37 1 98.863373 90.362375 119.484513 1.000000 1.000000 1.000000 0.000000
37 0.000000 0.000000 0.000000
38 1 57.818960 49.972450 78.950164 1.000000 1.000000 1.000000 0.000000
38 0.000000 0.000000 0.000000
39 1 49.079996 31.275925 8.605165 1.000000 1.000000 1.000000 0.000000
39 0.000000 0.000000 0.000000
40 1 24.333684 34.142850 64.419555 1.000000 1.000000 1.000000 0.000000
40 0.000000 0.000000 0.000000
41 1 43.971033 38.632270 98.396968 1.000000 1.000000 1.000000 0.000000
41 0.000000 0.000000 0.000000
42 1 36.785473 36.428081 116.525697 1.000000 1.000000 1.000000 0.000000
42 0.000000 0.000000 0.000000
43 1 43.760344 84.588776 31.332959 1.000000 1.000000 1.000000 0.000000
43 0.000000 0.000000 0.000000
44 1 69.513409 65.799942 122.666600 1.000000 1.000000 1.000000 0.000000
44 0.000000 0.000000 0.000000
45 1 29.252025 73.259351 55.489780 1.000000 1.000000 1.000000 0.000000
45 0.000000 0.000000 0.000000
46 1 25.990187 88.598526 63.422751 1.000000 1.000000 1.000000 0.000000
46 0.000000 0.000000 0.000000
47 1 28.568295 58.579881 195.123649 1.000000 1.000000 1.000000 0.000000
47 0.000000 0.000000 0.000000
48 1 36.630280 22.104542 29.658991 1.000000 1.000000 1.000000 0.000000
48 0.000000 0.000000 0.000000
49 1 6.783122 40.737161 43.443279 1.000000 1.000000 1.000000 0.000000
49 0.000000 0.000000 0.000000
50 1 97.913499 61.529397 198.724558 1.000000 1.000000 1.000000 0.000000
50 0.000000 0.000000 0.000000
51 1 22.725764 31.806096 104.712589 1.000000 1.000000 1.000000 0.000000
51 0.000000 0.000000 0.000000
52 1 55.452817 76.016228 142.386197 1.000000 1.000000 1.000000 0.000000
52 0.000000 0.000000 0.000000
53 1 56.529929 72.412656 60.977137 1.000000 1.000000 1.000000 0.000000
53 0.000000 0.000000 0.000000
54 1 29.865371 46.712340 70.825579 1.000000 1.000000 1.000000 0.000000
54 0.000000 0.000000 0.000000
55 1 64.357661 84.578711 102.434728 1.000000 1.000000 1.000000 0.000000
55 0.000000 0.000000 0.000000
56 1 13.866171 52.807328 193.686733 1.000000 1.000000 1.000000 0.000000
56 0.000000 0.000000 0.000000
57 1 49.034933 81.388473 128.654395 1.000000 1.000000 1.000000 0.000000
57 0.000000 0.000000 0.000000
58 1 52.406949 49.125514 54.666974 1.000000 1.000000 1.000000 0.000000
58 0.000000 0.000000 0.000000
59 1 70.271308 7.467268 181.388494 1.000000 1.000000 1.000000 0.000000
59 0.000000 0.000000 0.000000
60 1 2.833495 45.540828 38.845042 1.000000 1.000000 1.000000 0.000000
60 0.000000 0.000000 0.000000
61 1 69.301492 78.989419 180.049619 1.000000 1.000000 1.000000 0.000000
61 0.000000 0.000000 0.000000
62 1 22.617331 27.144296 116.193602 1.000000 1.000000 1.000000 0.000000
62 0.000000 0.000000 0.000000
63 1 12.815320 82.187639 40.364788 1.000000 1.000000 1.000000 0.000000
63 0.000000 0.000000 0.000000
64 1 22.942666 81.665932 69.013905 1.000000 1.000000 1.000000 0.000000
64 0.000000 0.000000 0.000000
65 1 65.748565 82.191557 75.131011 1.000000 1.000000 1.000000 0.000000
65 0.000000 0.000000 0.000000
66 1 63.197434 74.467222 0.407349 1.000000 1.000000 1.000000 0.000000
66 0.000000 0.000000 0.000000
67 1 70.246468 43.947427 10.401228 1.000000 1.000000 1.000000 0.000000
67 0.000000 0.000000 0.000000
68 1 9.748954 34.339800 150.338539 1.000000 1.000000 1.000000 0.000000
68 0.000000 0.000000 0.000000
69 1 80.489352 63.090937 183.498730 1.000000 1.000000 1.000000 0.000000
69 0.000000 0.000000 0.000000
70 1 43.410429 67.655292 124.642609 1.000000 1.000000 1.000000 0.000000
70 0.000000 0.000000 0.000000
71 1 52.993905 82.006587 16.638376 1.000000 1.000000 1.000000 0.000000
71 0.000000 0.000000 0.000000
72 1 4.938687 88.873577 86.502006 1.000000 1.000000 1.000000 0.000000
72 0.000000 0.000000 0.000000
73 1 51.493291 75.024726 73.895991 1.000000 1.000000 1.000000 0.000000
73 0.000000 0.000000 0.000000
74 1 29.280295 89.280315 55.476126 1.000000 1.000000 1.000000 0.000000
74 0.000000 0.000000 0.000000
75 1 82.074004 56.456517 95.984951 1.000000 1.000000 1.000000 0.000000
75 0.000000 0.000000 0.000000
76 1 79.988714 42.842802 44.207106 1.000000 1.000000 1.000000 0.000000
76 0.000000 0.000000 0.000000
77 1 57.094877 35.304839 34.991965 1.000000 1.000000 1.000000 0.000000
77 0.000000 0.000000 0.000000
78 1 94.868893 35.510740 169.635416 1.000000 1.000000 1.000000 0.000000
78 0.000000 0.000000 0.000000
79 1 5.617759 95.703106 28.049511 1.000000 1.000000 1.000000 0.000000
79 0.000000 0.000000 0.000000
80 1 50.952240 68.596416 42.576128 1.000000 1.000000 1.000000 0.000000
80 0.000000 0.000000 0.000000
81 1 91.043309 13.578806 189.680288 1.000000 1.000000 1.000000 0.000000
81 0.000000 0.000000 0.000000
82 1 28.238247 20.816267 134.235277 1.000000 1.000000 1.000000 0.000000
82 0.000000 0.000000 0.000000
83 1 55.981062 95.485794 154.592069 1.000000 1.000000 1.000000 0.000000
83 0.000000 0.000000 0.000000
84 1 71.111202 24.259102 149.598580 1.000000 1.000000 1.000000 0.000000
84 0.000000 0.000000 0.000000
85 1 33.406238 47.456286 109.103182 1.000000 1.000000 1.000000 0.000000
85 0.000000 0.000000 0.000000
86 1 17.170363 12.715647 93.137647 1.000000 1.000000 1.000000 0.000000
86 0.000000 0.000000 0.000000
87 1 76.306881 34.660663 97.433706 1.000000 1.000000 1.000000 0.000000
87 0.000000 0.000000 0.000000
88 1 23.968452 88.171035 153.534400 1.000000 1.000000 1.000000 0.000000
88 0.000000 0.000000 0.000000
89 1 97.858951 43.472753 97.567410 1.000000 1.000000 1.000000 0.000000
89 0.000000 0.000000 0.000000
90 1 8.890301 78.792489 60.128373 1.000000 1.000000 1.000000 0.000000
90 0.000000 0.000000 0.000000
91 1 10.619240 24.042075 196.433297 1.000000 1.000000 1.000000 0.000000
91 0.000000 0.000000 0.000000
92 1 24.203149 64.716327 80.324043 1.000000 1.000000 1.000000 0.000000
92 0.000000 0.000000 0.000000
93 1 63.510939 44.840391 180.892509 1.000000 1.000000 1.000000 0.000000
93 0.000000 0.000000 0.000000
94 1 0.344980 8.642231 82.784937 1.000000 1.000000 1.000000 0.000000
94 0.000000 0.000000 0.000000
95 1 73.267987 24.894599 27.825955 1.000000 1.000000 1.000000 0.000000
95 0.000000 0.000000 0.000000
96 1 77.622807 98.954479 188.598371 1.000000 1.000000 1.000000 0.000000
96 0.000000 0.000000 0.000000
97 1 48.659241 82.271835 40.600904 1.000000 1.000000 1.000000 0.000000
97 0.000000 0.000000 0.000000
98 1 51.774738 43.099829 48.638060 1.000000 1.000000 1.000000 0.000000
98 0.000000 0.000000 0.000000
99 1 62.923468 98.608082 86.117180 1.000000 1.000000 1.000000 0.000000
99 0.000000 0.000000 0.000000
100 1 73.577257 9.925715 192.717934 1.000000 1.000000 1.000000 0.000000
100 0.000000 0.000000 0.000000
101 1 53.572808 82.388974 119.983210 1.000000 1.000000 1.000000 0.000000
101 0.000000 0.000000 0.000000
102 1 21.163542 2.419868 121.451357 1.000000 1.000000 1.000000 0.000000
102 0.000000 0.000000 0.000000
103 1 42.412685 28.772158 140.678495 1.000000 1.000000 1.000000 0.000000
103 0.000000 0.000000 0.000000
104 1 53.541057 70.064383 88.382509 1.000000 1.000000 1.000000 0.000000
104 0.000000 0.000000 0.000000
105 1 48.954631 54.803055 190.110467 1.000000 1.000000 1.000000 0.000000
105 0.000000 0.000000 0.000000
106 1 98.361892 40.414901 2.998362 1.000000 1.000000 1.000000 0.000000
106 0.000000 0.000000 0.000000
107 1 78.690171 78.055752 73.294849 1.000000 1.000000 1.000000 0.000000
107 0.000000 0.000000 0.000000
108 1 16.867068 37.373964 159.781750 1.000000 1.000000 1.000000 0.000000
108 0.000000 0.000000 0.000000
109 1 41.891414 63.200200 142.181491 1.000000 1.000000 1.000000 0.000000
109 0.000000 0.000000 0.000000
110 1 22.107386 43.674369 39.194511 1.000000 1.000000 1.000000 0.000000
110 0.000000 0.000000 0.000000
111 1 19.298333 78.293728 79.449267 1.000000 1.000000 1.000000 0.000000
111 0.000000 0.000000 0.000000
112 1 32.561888 84.868826 80.655292 1.000000 1.000000 1.000000 0.000000
112 0.000000 0.000000 0.000000
113 1 19.544308 72.553659 128.285269 1.000000 1.000000 1.000000 0.000000
113 0.000000 0.000000 0.000000
114 1 6.281070 91.266024 124.090065 1.000000 1.000000 1.000000 0.000000
114 0.000000 0.000000 0.000000
115 1 92.902100 60.235085 125.155192 1.000000 1.000000 1.000000 0.000000
115 0.000000 0.000000 0.000000
116 1 78.722275 74.372602 93.300836 1.000000 1.000000 1.000000 0.000000
116 0.000000 0.000000 0.000000
117 1 32.350802 52.733311 194.211506 1.000000 1.000000 1.000000 0.000000
117 0.000000 0.000000 0.000000
118 1 7.599115 24.530892 61.579104 1.000000 1.000000 1.000000 0.000000
118 0.000000 0.000000 0.000000
119 1 11.285650 29.025688 180.408708 1.000000 1.000000 1.000000 0.000000
119 0.000000 0.000000 0.000000
120 1 94.019350 62.067130 191.774203 1.000000 1.000000 1.000000 0.000000
120 0.000000 0.000000 0.000000
121 1 37.947639 16.525335 59.102640 1.000000 1.000000 1.000000 0.000000
121 0.000000 0.000000 0.000000
122 1 57.064419 16.466141 171.684507 1.000000 1.000000 1.000000 0.000000
122 0.000000 0.000000 0.000000
123 1 23.396076 77.410284 12.418659 1.000000 1.000000 1.000000 0.000000
123 0.000000 0.000000 0.000000
124 1 63.691537 96.533789 195.755444 1.000000 1.000000 1.000000 0.000000
124 0.000000 0.000000 0.000000
125 1 2.359655 45.864069 77.036131 1.000000 1.000000 1.000000 0.000000
125 0.000000 0.000000 0.000000
126 1 83.609355 73.512591 99.821653 1.000000 1.000000 1.000000 0.000000
126 0.000000 0.000000 0.000000
127 1 60.543249 54.243024 173.303693 1.000000 1.000000 1.000000 0.000000
127 0.000000 0.000000 0.000000
128 1 85.136205 39.657127 139.297417 1.000000 1.000000 1.000000 0.000000
128 0.000000 0.000000 0.000000
129 1 74.457376 34.793564 157.431237 1.000000 1.000000 1.000000 0.000000
129 0.000000 0.000000 0.000000
130 1 80.125924 83.121219 136.766510 1.000000 1.000000 1.000000 0.000000
130 0.000000 0.000000 0.000000
131 1 30.730793 34.560176 116.605227 1.000000 1.000000 1.000000 0.000000
131 0.000000 0.000000 0.000000
132 1 12.166526 37.204298 49.195200 1.000000 1.000000 1.000000 0.000000
132 0.000000 0.000000 0.000000
133 1 34.684045 99.150976 62.025206 1.000000 1.000000 1.000000 0.000000
133 0.000000 0.000000 0.000000
134 1 91.378575 58.936886 58.178917 1.000000 1.000000 1.000000 0.000000
134 0.000000 0.000000 0.000000
135 1 99.713148 4.605470 198.176975 1.000000 1.000000 1.000000 0.000000
135 0.000000 0.000000 0.000000
136 1 27.280764 58.812307 90.434582 1.000000 1.000000 1.000000 0.000000
136 0.000000 0.000000 0.000000
137 1 33.608793 72.290848 156.054474 1.000000 1.000000 1.000000 0.000000
137 0.000000 0.000000 0.000000
138 1 76.202538 82.247212 47.883188 1.000000 1.000000 1.000000 0.000000
138 0.000000 0.000000 0.000000
139 1 25.994071 29.801770 177.657095 1.000000 1.000000 1.000000 0.000000
139 0.000000 0.000000 0.000000
140 1 51.196292 80.053008 181.731149 1.000000 1.000000 1.000000 0.000000
140 0.000000 0.000000 0.000000
141 1 77.080660 87.986094 109.598136 1.000000 1.000000 1.000000 0.000000
141 0.000000 0.000000 0.000000
142 1 10.142992 82.618508 101.810461 1.000000 1.000000 1.000000 0.000000
142 0.000000 0.000000 0.000000
143 1 25.379809 34.394561 151.105338 1.000000 1.000000 1.000000 0.000000
143 0.000000 0.000000 0.000000
144 1 28.041327 64.553320 149.329357 1.000000 1.000000 1.000000 0.000000
144 0.000000 0.000000 0.000000
145 1 96.719581 30.738975 152.985725 1.000000 1.000000 1.000000 0.000000
145 0.000000 0.000000 0.000000
146 1 39.217131 53.806301 53.610882 1.000000 1.000000 1.000000 0.000000
146 0.000000 0.000000 0.000000
147 1 83.465745 39.083451 120.015591 1.000000 1.000000 1.000000 0.000000
147 0.000000 0.000000 0.000000
148 1 42.081683 96.896131 137.697669 1.000000 1.000000 1.000000 0.000000
148 0.000000 0.000000 0.000000
149 1 41.620199 41.444558 106.810695 1.000000 1.000000 1.000000 0.000000
149 0.000000 0.000000 0.000000
150 1 54.886262 22.098641 33.363101 1.000000 1.000000 1.000000 0.000000
150 0.000000 0.000000 0.000000
151 1 30.056323 46.230717 182.558901 1.000000 1.000000 1.000000 0.000000
151 0.000000 0.000000 0.000000
152 1 51.596330 73.220822 130.918055 1.000000 1.000000 1.000000 0.000000
152 0.000000 0.000000 0.000000
153 1 60.475803 67.337922 180.605797 1.000000 1.000000 1.000000 0.000000
153 0.000000 0.000000 0.000000
154 1 9.888399 64.259152 93.581123 1.000000 1.000000 1.000000 0.000000
154 0.000000 0.000000 0.000000
155 1 99.679601 51.207522 6.627097 1.000000 1.000000 1.000000 0.000000
155 0.000000 0.000000 0.000000
156 1 26.292304 45.477624 88.754278 1.000000 1.000000 1.000000 0.000000
156 0.000000 0.000000 0.000000
157 1 43.166421 56.535074 145.854273 1.000000 1.000000 1.000000 0.000000
157 0.000000 0.000000 0.000000
158 1 12.742683 52.474173 169.604697 1.000000 1.000000 1.000000 0.000000
158 0.000000 0.000000 0.000000
159 1 94.110119 40.462464 187.919844 1.000000 1.000000 1.000000 0.000000
159 0.000000 0.000000 0.000000
160 1 87.550912 81.808590 19.778017 1.000000 1.000000 1.000000 0.000000
160 0.000000 0.000000 0.000000
161 1 95.858848 70.513682 117.911838 1.000000 1.000000 1.000000 0.000000
161 0.000000 0.000000 0.000000
162 1 93.518135 89.445219 137.164485 1.000000 1.000000 1.000000 0.000000
162 0.000000 0.000000 0.000000
163 1 18.337118 14.734163 198.130303 1.000000 1.000000 1.000000 0.000000
163 0.000000 0.000000 0.000000
164 1 3.223067 22.807871 151.897796 1.000000 1.000000 1.000000 0.000000
164 0.000000 0.000000 0.000000
165 1 0.079141 48.026957 165.362302 1.000000 1.000000 1.000000 0.000000
165 0.000000 0.000000 0.000000
166 1 80.504147 95.462221 81.406823 1.000000 1.000000 1.000000 0.000000
166 0.000000 0.000000 0.000000
167 1 61.456749 52.815084 10.614793 1.000000 1.000000 1.000000 0.000000
167 0.000000 0.000000 0.000000
168 1 72.659157 95.400665 150.269368 1.000000 1.000000 1.000000 0.000000
168 0.000000 0.000000 0.000000
169 1 47.190187 13.916770 45.188495 1.000000 1.000000 1.000000 0.000000
169 0.000000 0.000000 0.000000
170 1 59.257529 47.243452 136.131903 1.000000 1.000000 1.000000 0.000000
170 0.000000 0.000000 0.000000
171 1 78.056286 95.561911 150.425558 1.000000 1.000000 1.000000 0.000000
171 0.000000 0.000000 0.000000
172 1 18.195175 42.507026 101.686901 1.000000 1.000000 1.000000 0.000000
172 0.000000 0.000000 0.000000
173 1 62.193550 51.520671 91.170331 1.000000 1.000000 1.000000 0.000000
173 0.000000 0.000000 0.000000
174 1 63.698494 78.350772 186.192900 1.000000 1.000000 1.000000 0.000000
174 0.000000 0.000000 0.000000
175 1 26.118587 52.733311 166.277879 1.000000 1.000000 1.000000 0.000000
175 0.000000 0.000000 0.000000
176 1 65.911502 20.564059 84.197872 1.000000 1.000000 1.000000 0.000000
176 0.000000 0.000000 0.000000
177 1 83.986659 60.250204 110.710102 1.000000 1.000000 1.000000 0.000000
177 0.000000 0.000000 0.000000
178 1 22.698298 6.676386 197.370827 1.000000 1.000000 1.000000 0.000000
178 0.000000 0.000000 0.000000
179 1 73.280369 70.377135 113.379874 1.000000 1.000000 1.000000 0.000000
179 0.000000 0.000000 0.000000
180 1 29.626179 22.400034 22.024073 1.000000 1.000000 1.000000 0.000000
180 0.000000 0.000000 0.000000
181 1 31.695887 28.146937 174.982118 1.000000 1.000000 1.000000 0.000000
181 0.000000 0.000000 0.000000
182 1 47.390531 62.581300 59.684124 1.000000 1.000000 1.000000 0.000000
182 0.000000 0.000000 0.000000
183 1 28.062751 4.951138 147.563453 1.000000 1.000000 1.000000 0.000000
183 0.000000 0.000000 0.000000
184 1 94.000212 79.870236 73.505516 1.000000 1.000000 1.000000 0.000000
184 0.000000 0.000000 0.000000
185 1 37.261723 20.823317 161.429832 1.000000 1.000000 1.000000 0.000000
185 0.000000 0.000000 0.000000
186 1 94.354484 45.307490 47.630568 1.000000 1.000000 1.000000 0.000000
186 0.000000 0.000000 0.000000
187 1 23.230827 44.593545 33.300640 1.000000 1.000000 1.000000 0.000000
187 0.000000 0.000000 0.000000
188 1 40.582739 0.289566 170.630532 1.000000 1.000000 1.000000 0.000000
188 0.000000 0.000000 0.000000
189 1 90.789481 96.509047 89.073253 1.000000 1.000000 1.000000 0.000000
189 0.000000 0.000000 0.000000
190 1 90.917133 82.716745 72.219749 1.000000 1.000000 1.000000 0.000000
190 0.000000 0.000000 0.000000
191 1 70.522665 82.856895 95.245518 1.000000 1.000000 1.000000 0.000000
191 0.000000 0.000000 0.000000
192 1 4.916048 63.155001 17.191137 1.000000 1.000000 1.000000 0.000000
192 0.000000 0.000000 0.000000
193 1 31.225477 68.444361 0.950661 1.000000 1.000000 1.000000 0.000000
193 0.000000 0.000000 0.000000
194 1 91.673472 29.595239 182.689533 1.000000 1.000000 1.000000 0.000000
194 0.000000 0.000000 0.000000
195 1 21.507892 18.022939 189.408725 1.000000 1.000000 1.000000 0.000000
195 0.000000 0.000000 0.000000
196 1 44.863445 55.920621 141.115349 1.000000 1.000000 1.000000 0.000000
196 0.000000 0.000000 0.000000
197 1 68.266325 29.374660 147.429704 1.000000 1.000000 1.000000 0.000000
197 0.000000 0.000000 0.000000
198 1 0.909693 74.126444 35.394384 1.000000 1.000000 1.000000 0.000000
198 0.000000 0.000000 0.000000
199 1 28.519294 22.571996 162.325252 1.000000 1.000000 1.000000 0.000000
199 0.000000 0.000000 0.000000
200 1 23.746875 41.929500 152.343158 1.000000 1.000000 1.000000 0.000000
200 0.000000 0.000000 0.000000
201 1 3.562640 50.655805 145.636306 1.000000 1.000000 1.000000 0.000000
201 0.000000 0.000000 0.000000
202 1 85.722625 33.036253 187.814794 1.000000 1.000000 1.000000 0.000000
202 0.000000 0.000000 0.000000
203 1 54.990725 88.848949 37.326265 1.000000 1.000000 1.000000 0.000000
203 0.000000 0.000000 0.000000
204 1 14.014914 82.764068 127.195120 1.000000 1.000000 1.000000 0.000000
204 0.000000 0.000000 0.000000
205 1 25.892691 15.813869 36.907789 1.000000 1.000000 1.000000 0.000000
205 0.000000 0.000000 0.000000
206 1 40.581164 99.989878 177.776702 1.000000 1.000000 1.000000 0.000000
206 0.000000 0.000000 0.000000
207 1 50.662862 90.275651 148.821094 1.000000 1.000000 1.000000 0.000000
207 0.000000 0.000000 0.000000
208 1 2.076934 4.906581 113.756144 1.000000 1.000000 1.000000 0.000000
208 0.000000 0.000000 0.000000
209 1 57.376393 52.938026 138.406519 1.000000 1.000000 1.000000 0.000000
209 0.000000 0.000000 0.000000
210 1 1.862863 38.396978 14.569122 1.000000 1.000000 1.000000 0.000000
210 0.000000 0.000000 0.000000
211 1 46.428505 80.970479 68.139136 1.000000 1.000000 1.000000 0.000000
211 0.000000 0.000000 0.000000
212 1 92.668000 95.516405 105.601546 1.000000 1.000000 1.000000 0.000000
212 0.000000 0.000000 0.000000
213 1 24.861125 19.878756 121.649107 1.000000 1.000000 1.000000 0.000000
213 0.000000 0.000000 0.000000
214 1 98.954510 43.734588 39.963374 1.000000 1.000000 1.000000 0.000000
214 0.000000 0.000000 0.000000
215 1 33.774560 48.855163 30.280186 1.000000 1.000000 1.000000 0.000000
215 0.000000 0.000000 0.000000
216 1 82.393405 38.260865 107.942661 1.000000 1.000000 1.000000 0.000000
216 0.000000 0.000000 0.000000
217 1 53.908335 18.899808 169.979787 1.000000 1.000000 1.000000 0.000000
217 0.000000 0.000000 0.000000
218 1 40.117638 72.391091 157.653753 1.000000 1.000000 1.000000 0.000000
218 0.000000 0.000000 0.000000
219 1 83.280495 75.529945 51.866303 1.000000 1.000000 1.000000 0.000000
219 0.000000 0.000000 0.000000
220 1 63.453839 52.843344 57.967752 1.000000 1.000000 1.000000 0.000000
220 0.000000 0.000000 0.000000
221 1 18.588355 32.098475 190.290220 1.000000 1.000000 1.000000 0.000000
221 0.000000 0.000000 0.000000
222 1 41.954427 20.854796 74.123158 1.000000 1.000000 1.000000 0.000000
222 0.000000 0.000000 0.000000
223 1 85.913540 94.068084 142.571495 1.000000 1.000000 1.000000 0.000000
223 0.000000 0.000000 0.000000
224 1 43.463476 12.199068 168.736482 1.000000 1.000000 1.000000 0.000000
224 0.000000 0.000000 0.000000
225 1 27.270370 22.916693 70.116040 1.000000 1.000000 1.000000 0.000000
225 0.000000 0.000000 0.000000
226 1 18.722145 63.614877 50.266444 1.000000 1.000000 1.000000 0.000000
226 0.000000 0.000000 0.000000
227 1 29.312085 95.292508 198.145595 1.000000 1.000000 1.000000 0.000000
227 0.000000 0.000000 0.000000
228 1 72.494016 74.649533 32.968251 1.000000 1.000000 1.000000 0.000000
228 0.000000 0.000000 0.000000
229 1 53.694273 80.471449 31.556855 1.000000 1.000000 1.000000 0.000000
229 0.000000 0.000000 0.000000
230 1 20.536320 20.207360 20.589746 1.000000 1.000000 1.000000 0.000000
230 0.000000 0.000000 0.000000
231 1 0.107097 85.069299 15.579644 1.000000 1.000000 1.000000 0.000000
231 0.000000 0.000000 0.000000
232 1 92.938441 45.374213 109.370457 1.000000 1.000000 1.000000 0.000000
232 0.000000 0.000000 0.000000
233 1 16.650477 86.706996 39.910632 1.000000 1.000000 1.000000 0.000000
233 0.000000 0.000000 0.000000
234 1 17.731263 85.856650 133.634520 1.000000 1.000000 1.000000 0.000000
234 0.000000 0.000000 0.000000
235 1 2.482808 88.974887 13.778039 1.000000 1.000000 1.000000 0.000000
235 0.000000 0.000000 0.000000
236 1 62.467013 12.842511 186.766519 1.000000 1.000000 1.000000 0.000000
236 0.000000 0.000000 0.000000
237 1 19.664906 57.988691 50.899005 1.000000 1.000000 1.000000 0.000000
237 0.000000 0.000000 0.000000
238 1 97.072462 64.858339 126.218313 1.000000 1.000000 1.000000 0.000000
238 0.000000 0.000000 0.000000
239 1 27.526111 57.979664 157.886072 1.000000 1.000000 1.000000 0.000000
239 0.000000 0.000000 0.000000
240 1 50.984870 56.348165 60.355106 1.000000 1.000000 1.000000 0.000000
240 0.000000 0.000000 0.000000
241 1 95.564938 41.907327 53.511335 1.000000 1.000000 1.000000 0.000000
241 0.000000 0.000000 0.000000
242 1 21.094115 87.089884 53.154191 1.000000 1.000000 1.000000 0.000000
242 0.000000 0.000000 0.000000
243 1 87.052073 75.348476 120.777166 1.000000 1.000000 1.000000 0.000000
243 0.000000 0.000000 0.000000
244 1 4.571994 43.798944 50.297661 1.000000 1.000000 1.000000 0.000000
244 0.000000 0.000000 0.000000
245 1 87.037072 1.877893 23.010032 1.000000 1.000000 1.000000 0.000000
245 0.000000 0.000000 0.000000
246 1 36.775732 19.050432 101.201159 1.000000 1.000000 1.000000 0.000000
246 0.000000 0.000000 0.000000
247 1 12.817414 20.045682 77.821690 1.000000 1.000000 1.000000 0.000000
247 0.000000 0.000000 0.000000
248 1 64.949850 54.187983 63.040454 1.000000 1.000000 1.000000 0.000000
248 0.000000 0.000000 0.000000
249 1 87.479106 97.375017 28.244662 1.000000 1.000000 1.000000 0.000000
249 0.000000 0.000000 0.000000
250 1 10.701672 98.231817 87.077763 1.000000 1.000000 1.000000 0.000000
250 0.000000 0.000000 0.000000
251 1 49.603860 7.611202 119.388319 1.000000 1.000000 1.000000 0.000000
251 0.000000 0.000000 0.000000
252 1 7.862254 46.108149 55.990885 1.000000 1.000000 1.000000 0.000000
252 0.000000 0.000000 0.000000
253 1 87.733958 82.392100 37.200867 1.000000 1.000000 1.000000 0.000000
253 0.000000 0.000000 0.000000
254 1 81.719862 62.980806 162.907999 1.000000 1.000000 1.000000 0.000000
254 0.000000 0.000000 0.000000
255 1 85.444487 36.966077 44.434198 1.000000 1.000000 1.000000 0.000000
255 0.000000 0.000000 0.000000
256 1 72.000132 41.754926 168.234787 1.000000 1.000000 1.000000 0.000000
256 0.000000 0.000000 0.000000
257 1 60.930213 67.470235 16.509630 1.000000 1.000000 1.000000 0.000000
257 0.000000 0.000000 0.000000
258 1 34.331318 87.484859 114.443790 1.000000 1.000000 1.000000 0.000000
258 0.000000 0.000000 0.000000
259 1 47.493677 98.341319 103.400837 1.000000 1.000000 1.000000 0.000000
259 0.000000 0.000000 0.000000
260 1 2.896185 58.464504 166.957508 1.000000 1.000000 1.000000 0.000000
260 0.000000 0.000000 0.000000
261 1 92.892855 72.151299 177.033900 1.000000 1.000000 1.000000 0.000000
261 0.000000 0.000000 0.000000
262 1 45.880442 49.929275 103.449121 1.000000 1.000000 1.000000 0.000000
262 0.000000 0.000000 0.000000
263 1 41.461599 63.213564 176.701732 1.000000 1.000000 1.000000 0.000000
263 0.000000 0.000000 0.000000
264 1 78.197269 32.870653 33.148498 1.000000 1.000000 1.000000 0.000000
264 0.000000 0.000000 0.000000
265 1 61.218697 52.240279 54.750763 1.000000 1.000000 1.000000 0.000000
265 0.000000 0.000000 0.000000
266 1 0.254675 97.910210 140.385809 1.000000 1.000000 1.000000 0.000000
266 0.000000 0.000000 0.000000
267 1 80.487329 55.589853 147.676341 1.000000 1.000000 1.000000 0.000000
267 0.000000 0.000000 0.000000
268 1 9.670633 75.877478 179.540840 1.000000 1.000000 1.000000 0.000000
268 0.000000 0.000000 0.000000
269 1 67.780947 49.719552 128.150475 1.000000 1.000000 1.000000 0.000000
269 0.000000 0.000000 0.000000
270 1 36.819038 3.882114 39.576967 1.000000 1.000000 1.000000 0.000000
270 0.000000 0.000000 0.000000
271 1 9.146484 5.387827 173.841722 1.000000 1.000000 1.000000 0.000000
271 0.000000 0.000000 0.000000
272 1 42.236354 23.715269 39.462691 1.000000 1.000000 1.000000 0.000000
272 0.000000 0.000000 0.000000
273 1 28.185312 16.498074 6.317910 1.000000 1.000000 1.000000 0.000000
273 0.000000 0.000000 0.000000
274 1 95.859328 87.524255 44.746384 1.000000 1.000000 1.000000 0.000000
274 0.000000 0.000000 0.000000
275 1 18.518886 20.300657 66.766866 1.000000 1.000000 1.000000 0.000000
275 0.000000 0.000000 0.000000
276 1 34.482156 76.785443 85.463657 1.000000 1.000000 1.000000 0.000000
276 0.000000 0.000000 0.000000
277 1 81.150933 74.134394 173.301618 1.000000 1.000000 1.000000 0.000000
277 0.000000 0.000000 0.000000
278 1 62.083459 3.375841 102.293017 1.000000 1.000000 1.000000 0.000000
278 0.000000 0.000000 0.000000
279 1 97.293297 83.826077 76.507064 1.000000 1.000000 1.000000 0.000000
279 0.000000 0.000000 0.000000
280 1 97.616385 95.582823 131.609343 1.000000 1.000000 1.000000 0.000000
280 0.000000 0.000000 0.000000
281 1 93.938766 26.447263 140.322181 1.000000 1.000000 1.000000 0.000000
281 0.000000 0.000000 0.000000
282 1 95.646593 98.635850 46.688405 1.000000 1.000000 1.000000 0.000000
282 0.000000 0.000000 0.000000
283 1 64.540415 18.964047 58.794901 1.000000 1.000000 1.000000 0.000000
283 0.000000 0.000000 0.000000
284 1 93.339686 24.269253 5.898116 1.000000 1.000000 1.000000 0.000000
284 0.000000 0.000000 0.000000
285 1 85.451017 85.604413 84.090493 1.000000 1.000000 1.000000 0.000000
285 0.000000 0.000000 0.000000
286 1 63.069701 64.967490 52.054785 1.000000 1.000000 1.000000 0.000000
286 0.000000 0.000000 0.000000
287 1 41.477944 63.758656 51.846319 1.000000 1.000000 1.000000 0.000000
287 0.000000 0.000000 0.000000
288 1 52.706111 37.642337 94.367813 1.000000 1.000000 1.000000 0.000000
288 0.000000 0.000000 0.000000
289 1 21.306522 50.876292 103.977856 1.000000 1.000000 1.000000 0.000000
289 0.000000 0.000000 0.000000
290 1 55.816425 6.520674 86.782216 1.000000 1.000000 1.000000 0.000000
290 0.000000 0.000000 0.000000
291 1 58.627273 31.565915 70.647723 1.000000 1.000000 1.000000 0.000000
291 0.000000 0.000000 0.000000
292 1 70.489132 63.398544 90.050569 1.000000 1.000000 1.000000 0.000000
292 0.000000 0.000000 0.000000
293 1 90.653448 10.818717 85.673497 1.000000 1.000000 1.000000 0.000000
293 0.000000 0.000000 0.000000
294 1 32.752670 37.436622 133.155500 1.000000 1.000000 1.000000 0.000000
294 0.000000 0.000000 0.000000
295 1 7.774939 94.833315 94.525859 1.000000 1.000000 1.000000 0.000000
295 0.000000 0.000000 0.000000
296 1 41.802344 48.024224 57.258926 1.000000 1.000000 1.000000 0.000000
296 0.000000 0.000000 0.000000
297 1 87.044952 92.552311 167.735078 1.000000 1.000000 1.000000 0.000000
297 0.000000 0.000000 0.000000
298 1 68.335744 93.053770 104.251653 1.000000 1.000000 1.000000 0.000000
298 0.000000 0.000000 0.000000
299 1 43.618936 33.401289 13.355196 1.000000 1.000000 1.000000 0.000000
299 0.000000 0.000000 0.000000
300 1 76.134407 64.529039 33.311068 1.000000 1.000000 1.000000 0.000000
300 0.000000 0.000000 0.000000
301 1 59.785828 38.968587 57.499296 1.000000 1.000000 1.000000 0.000000
301 0.000000 0.000000 0.000000
302 1 69.062090 2.504474 7.505942 1.000000 1.000000 1.000000 0.000000
302 0.000000 0.000000 0.000000
303 1 44.931825 82.352360 7.050778 1.000000 1.000000 1.000000 0.000000
303 0.000000 0.000000 0.000000
304 1 98.357544 26.470551 36.974136 1.000000 1.000000 1.000000 0.000000
304 0.000000 0.000000 0.000000
305 1 56.342138 94.079076 103.395951 1.000000 1.000000 1.000000 0.000000
305 0.000000 0.000000 0.000000
306 1 58.951265 66.594055 83.476586 1.000000 1.000000 1.000000 0.000000
306 0.000000 0.000000 0.000000
307 1 36.472072 54.468287 124.347691 1.000000 1.000000 1.000000 0.000000
307 0.000000 0.000000 0.000000
308 1 32.805016 93.213128 156.741955 1.000000 1.000000 1.000000 0.000000
308 0.000000 0.000000 0.000000
309 1 26.115039 98.085678 192.935037 1.000000 1.000000 1.000000 0.000000
309 0.000000 0.000000 0.000000
310 1 43.590342 12.299123 134.230463 1.000000 1.000000 1.000000 0.000000
310 0.000000 0.000000 0.000000
311 1 87.119652 65.467245 171.145644 1.000000 1.000000 1.000000 0.000000
311 0.000000 0.000000 0.000000
312 1 4.400702 30.807281 62.454315 1.000000 1.000000 1.000000 0.000000
312 0.000000 0.000000 0.000000
313 1 43.624604 4.244808 153.950550 1.000000 1.000000 1.000000 0.000000
313 0.000000 0.000000 0.000000
314 1 48.887441 79.712237 25.305146 1.000000 1.000000 1.000000 0.000000
314 0.000000 0.000000 0.000000
315 1 73.969345 28.943620 92.145861 1.000000 1.000000 1.000000 0.000000
315 0.000000 0.000000 0.000000
316 1 33.511004 74.813713 179.032969 1.000000 1.000000 1.000000 0.000000
316 0.000000 0.000000 0.000000
317 1 67.977609 53.300235 0.227019 1.000000 1.000000 1.000000 0.000000
317 0.000000 0.000000 0.000000
318 1 6.245500 34.318995 151.996353 1.000000 1.000000 1.000000 0.000000
318 0.000000 0.000000 0.000000
319 1 88.316437 30.221530 123.059113 1.000000 1.000000 1.000000 0.000000
319 0.000000 0.000000 0.000000
320 1 45.683912 33.328074 98.778750 1.000000 1.000000 1.000000 0.000000
320 0.000000 0.000000 0.000000
321 1 18.675009 25.262462 140.118417 1.000000 1.000000 1.000000 0.000000
321 0.000000 0.000000 0.000000
322 1 32.725264 0.313378 193.805953 1.000000 1.000000 1.000000 0.000000
322 0.000000 0.000000 0.000000
323 1 92.990480 31.434662 133.277176 1.000000 1.000000 1.000000 0.000000
323 0.000000 0.000000 0.000000
324 1 88.668114 81.134579 64.529707 1.000000 1.000000 1.000000 0.000000
324 0.000000 0.000000 0.000000
325 1 20.065259 46.494137 64.491803 1.000000 1.000000 1.000000 0.000000
325 0.000000 0.000000 0.000000
326 1 21.046275 58.365559 50.418791 1.000000 1.000000 1.000000 0.000000
326 0.000000 0.000000 0.000000
327 1 95.095409 71.830804 173.782434 1.000000 1.000000 1.000000 0.000000
327 0.000000 0.000000 0.000000
328 1 91.562811 92.750292 117.726340 1.000000 1.000000 1.000000 0.000000
328 0.000000 0.000000 0.000000
329 1 21.791074 26.257819 96.489781 1.000000 1.000000 1.000000 0.000000
329 0.000000 0.000000 0.000000
330 1 73.887530 10.842841 53.479981 1.000000 1.000000 1.000000 0.000000
330 0.000000 0.000000 0.000000
331 1 51.573139 1.524234 52.632780 1.000000 1.000000 1.000000 0.000000
331 0.000000 0.000000 0.000000
332 1 74.816466 51.604854 191.789538 1.000000 1.000000 1.000000 0.000000
332 0.000000 0.000000 0.000000
333 1 10.933396 22.951433 0.970831 1.000000 1.000000 1.000000 0.000000
333 0.000000 0.000000 0.000000
334 1 11.570057 60.254093 103.849265 1.000000 1.000000 1.000000 0.000000
334 0.000000 0.000000 0.000000
335 1 88.788181 35.834065 34.139809 1.000000 1.000000 1.000000 0.000000
335 0.000000 0.000000 0.000000
336 1 79.269362 86.140872 43.667249 1.000000 1.000000 1.000000 0.000000
336 0.000000 0.000000 0.000000
337 1 31.719315 46.978099 93.176034 1.000000 1.000000 1.000000 0.000000
337 0.000000 0.000000 0.000000
338 1 75.335135 33.904803 142.845403 1.000000 1.000000 1.000000 0.000000
338 0.000000 0.000000 0.000000
339 1 65.001793 4.757209 27.903814 1.000000 1.000000 1.000000 0.000000
339 0.000000 0.000000 0.000000
340 1 70.125764 47.499664 162.761007 1.000000 1.000000 1.000000 0.000000
340 0.000000 0.000000 0.000000
341 1 7.491321 0.125461 17.811890 1.000000 1.000000 1.000000 0.000000
341 0.000000 0.000000 0.000000
342 1 99.416714 50.422060 29.248612 1.000000 1.000000 1.000000 0.000000
342 0.000000 0.000000 0.000000
343 1 20.170874 27.765513 93.262690 1.000000 1.000000 1.000000 0.000000
343 0.000000 0.000000 0.000000
344 1 19.212202 8.794195 2.771655 1.000000 1.000000 1.000000 0.000000
344 0.000000 0.000000 0.000000
345 1 66.687195 36.754911 155.872820 1.000000 1.000000 1.000000 0.000000
345 0.000000 0.000000 0.000000
346 1 36.420955 49.375977 53.840238 1.000000 1.000000 1.000000 0.000000
346 0.000000 0.000000 0.000000
347 1 41.377383 90.767957 7.459615 1.000000 1.000000 1.000000 0.000000
347 0.000000 0.000000 0.000000
348 1 5.985055 22.547037 95.130375 1.000000 1.000000 1.000000 0.000000
348 0.000000 0.000000 0.000000
349 1 61.602084 43.471945 155.697175 1.000000 1.000000 1.000000 0.000000
349 0.000000 0.000000 0.000000
350 1 22.582540 30.741321 74.705596 1.000000 1.000000 1.000000 0.000000
350 0.000000 0.000000 0.000000
351 1 42.005266 23.791818 0.251818 1.000000 1.000000 1.000000 0.000000
351 0.000000 0.000000 0.000000
352 1 21.577641 69.547577 164.592790 1.000000 1.000000 1.000000 0.000000
352 0.000000 0.000000 0.000000
353 1 70.152150 53.161321 132.642227 1.000000 1.000000 1.000000 0.000000
353 0.000000 0.000000 0.000000
354 1 65.636684 82.451291 58.077799 1.000000 1.000000 1.000000 0.000000
354 0.000000 0.000000 0.000000
355 1 71.575046 75.033124 94.323090 1.000000 1.000000 1.000000 0.000000
355 0.000000 0.000000 0.000000
356 1 71.984268 91.526052 147.696883 1.000000 1.000000 1.000000 0.000000
356 0.000000 0.000000 0.000000
357 1 38.415712 98.852756 51.820933 1.000000 1.000000 1.000000 0.000000
357 0.000000 0.000000 0.000000
358 1 47.926685 48.851426 140.112513 1.000000 1.000000 1.000000 0.000000
358 0.000000 0.000000 0.000000
359 1 99.866909 39.173004 126.093414 1.000000 1.000000 1.000000 0.000000
359 0.000000 0.000000 0.000000
360 1 76.457475 99.870044 199.175740 1.000000 1.000000 1.000000 0.000000
360 0.000000 0.000000 0.000000
361 1 86.519723 94.201317 109.649565 1.000000 1.000000 1.000000 0.000000
361 0.000000 0.000000 0.000000
362 1 16.838678 98.662960 165.030017 1.000000 1.000000 1.000000 0.000000
362 0.000000 0.000000 0.000000
363 1 22.095427 27.535251 23.119879 1.000000 1.000000 1.000000 0.000000
363 0.000000 0.000000 0.000000
364 1 9.015003 15.316992 129.727972 1.000000 1.000000 1.000000 0.000000
364 0.000000 0.000000 0.000000
365 1 59.622224 77.849500 23.392507 1.000000 1.000000 1.000000 0.000000
365 0.000000 0.000000 0.000000
366 1 3.027300 17.354754 148.389277 1.000000 1.000000 1.000000 0.000000
366 0.000000 0.000000 0.000000
367 1 51.009959 37.070457 56.033301 1.000000 1.000000 1.000000 0.000000
367 0.000000 0.000000 0.000000
368 1 51.785514 91.459872 127.635017 1.000000 1.000000 1.000000 0.000000
368 0.000000 0.000000 0.000000
369 1 6.181900 24.862517 181.947645 1.000000 1.000000 1.000000 0.000000
369 0.000000 0.000000 0.000000
370 1 26.002589 37.348622 124.188979 1.000000 1.000000 1.000000 0.000000
370 0.000000 0.000000 0.000000
371 1 15.129130 42.961635 137.808486 1.000000 1.000000 1.000000 0.000000
371 0.000000 0.000000 0.000000
372 1 18.922717 92.580901 136.080236 1.000000 1.000000 1.000000 0.000000
372 0.000000 0.000000 0.000000
373 1 29.620561 0.074745 106.332426 1.000000 1.000000 1.000000 0.000000
373 0.000000 0.000000 0.000000
374 1 13.568636 5.406933 13.924374 1.000000 1.000000 1.000000 0.000000
374 0.000000 0.000000 0.000000
375 1 96.843026 47.467798 164.872162 1.000000 1.000000 1.000000 0.000000
375 0.000000 0.000000 0.000000
376 1 72.654778 26.027034 165.158309 1.000000 1.000000 1.000000 0.000000
376 0.000000 0.000000 0.000000
377 1 23.600046 52.091408 90.118297 1.000000 1.000000 1.000000 0.000000
377 0.000000 0.000000 0.000000
378 1 12.331873 91.415173 57.839023 1.000000 1.000000 1.000000 0.000000
378 0.000000 0.000000 0.000000
379 1 67.341918 97.169956 75.188036 1.000000 1.000000 1.000000 0.000000
379 0.000000 0.000000 0.000000
380 1 70.877901 73.104232 50.553442 1.000000 1.000000 1.000000 0.000000
380 0.000000 0.000000 0.000000
381 1 3.624320 22.318308 77.811137 1.000000 1.000000 1.000000 0.000000
381 0.000000 0.000000 0.000000
382 1 48.506514 78.802624 166.973528 1.000000 1.000000 1.000000 0.000000
382 0.000000 0.000000 0.000000
383 1 1.784269 29.315382 166.968732 1.000000 1.000000 1.000000 0.000000
383 0.000000 0.000000 0.000000
384 1 24.733799 73.154397 109.907143 1.000000 1.000000 1.000000 0.000000
384 0.000000 0.000000 0.000000
385 1 1.745332 91.348757 150.591841 1.000000 1.000000 1.000000 0.000000
385 0.000000 0.000000 0.000000
386 1 25.343208 32.362649 65.077567 1.000000 1.000000 1.000000 0.000000
386 0.000000 0.000000 0.000000
387 1 4.543921 79.101246 196.232951 1.000000 1.000000 1.000000 0.000000
387 0.000000 0.000000 0.000000
388 1 63.137954 76.334370 180.571379 1.000000 1.000000 1.000000 0.000000
388 0.000000 0.000000 0.000000
389 1 95.340998 71.126952 190.942882 1.000000 1.000000 1.000000 0.000000
389 0.000000 0.000000 0.000000
390 1 43.963630 96.705216 47.870260 1.000000 1.000000 1.000000 0.000000
390 0.000000 0.000000 0.000000
391 1 42.459351 79.750376 60.609076 1.000000 1.000000 1.000000 0.000000
391 0.000000 0.000000 0.000000
392 1 46.151803 93.834619 83.707823 1.000000 1.000000 1.000000 0.000000
392 0.000000 0.000000 0.000000
393 1 91.381575 91.756237 111.300272 1.000000 1.000000 1.000000 0.000000
393 0.000000 0.000000 0.000000
394 1 43.578757 91.066448 159.635570 1.000000 1.000000 1.000000 0.000000
394 0.000000 0.000000 0.000000
395 1 44.199364 62.735476 4.209179 1.000000 1.000000 1.000000 0.000000
395 0.000000 0.000000 0.000000
396 1 36.498702 39.879321 17.774186 1.000000 1.000000 1.000000 0.000000
396 0.000000 0.000000 0.000000
397 1 45.734632 59.911239 75.723951 1.000000 1.000000 1.000000 0.000000
397 0.000000 0.000000 0.000000
398 1 59.697906 99.029377 26.271663 1.000000 1.000000 1.000000 0.000000
398 0.000000 0.000000 0.000000
399 1 54.255373 75.023053 29.630291 1.000000 1.000000 1.000000 0.000000
399 0.000000 0.000000 0.000000
400 1 30.220320 46.483467 28.542114 1.000000 1.000000 1.000000 0.000000
400 0.000000 0.000000 0.000000
401 1 77.270501 23.627516 54.354336 1.000000 1.000000 1.000000 0.000000
401 0.000000 0.000000 0.000000
402 1 71.963246 56.686577 168.467126 1.000000 1.000000 1.000000 0.000000
402 0.000000 0.000000 0.000000
403 1 49.543881 75.536184 133.389647 1.000000 1.000000 1.000000 0.000000
403 0.000000 0.000000 0.000000
404 1 7.229885 13.073484 90.769114 1.000000 1.000000 1.000000 0.000000
404 0.000000 0.000000 0.000000
405 1 73.282422 48.799654 39.796856 1.000000 1.000000 1.000000 0.000000
405 0.000000 0.000000 0.000000
406 1 15.229181 61.181142 131.636812 1.000000 1.000000 1.000000 0.000000
406 0.000000 0.000000 0.000000
407 1 80.786873 8.076839 2.727496 1.000000 1.000000 1.000000 0.000000
407 0.000000 0.000000 0.000000
408 1 94.860193 47.933065 65.499571 1.000000 1.000000 1.000000 0.000000
408 0.000000 0.000000 0.000000
409 1 29.222199 98.278496 144.007912 1.000000 1.000000 1.000000 0.000000
409 0.000000 0.000000 0.000000
410 1 19.229015 29.655538 120.140481 1.000000 1.000000 1.000000 0.000000
410 0.000000 0.000000 0.000000
411 1 46.401624 47.013974 50.612349 1.000000 1.000000 1.000000 0.000000
411 0.000000 0.000000 0.000000
412 1 74.742768 3.065533 145.621031 1.000000 1.000000 1.000000 0.000000
412 0.000000 0.000000 0.000000
413 1 82.238797 11.102988 21.406415 1.000000 1.000000 1.000000 0.000000
413 0.000000 0.000000 0.000000
414 1 0.300224 90.528846 60.744944 1.000000 1.000000 1.000000 0.000000
414 0.000000 0.000000 0.000000
415 1 95.811082 91.539606 67.572013 1.000000 1.000000 1.000000 0.000000
415 0.000000 0.000000 0.000000
416 1 29.677296 15.601980 193.795648 1.000000 1.000000 1.000000 0.000000
416 0.000000 0.000000 0.000000
417 1 94.868647 44.955048 144.074680 1.000000 1.000000 1.000000 0.000000
417 0.000000 0.000000 0.000000
418 1 21.241709 5.218842 32.398109 1.000000 1.000000 1.000000 0.000000
418 0.000000 0.000000 0.000000
419 1 87.544749 71.856620 90.114679 1.000000 1.000000 1.000000 0.000000
419 0.000000 0.000000 0.000000
420 1 91.767979 9.199727 88.684253 1.000000 1.000000 1.000000 0.000000
420 0.000000 0.000000 0.000000
421 1 29.920114 94.662903 174.596681 1.000000 1.000000 1.000000 0.000000
421 0.000000 0.000000 0.000000
422 1 90.988674 47.424564 187.363954 1.000000 1.000000 1.000000 0.000000
422 0.000000 0.000000 0.000000
423 1 44.620226 12.289833 79.572341 1.000000 1.000000 1.000000 0.000000
423 0.000000 0.000000 0.000000
424 1 10.822252 28.087645 160.982534 1.000000 1.000000 1.000000 0.000000
424 0.000000 0.000000 0.000000
425 1 73.292432 47.377079 192.220515 1.000000 1.000000 1.000000 0.000000
425 0.000000 0.000000 0.000000
426 1 57.618903 95.648811 187.275229 1.000000 1.000000 1.000000 0.000000
426 0.000000 0.000000 0.000000
427 1 15.731598 93.150825 169.605489 1.000000 1.000000 1.000000 0.000000
427 0.000000 0.000000 0.000000
428 1 84.352605 40.819206 54.835448 1.000000 1.000000 1.000000 0.000000
428 0.000000 0.000000 0.000000
429 1 65.635251 78.408593 178.694115 1.000000 1.000000 1.000000 0.000000
429 0.000000 0.000000 0.000000
430 1 6.096174 65.052671 18.063856 1.000000 1.000000 1.000000 0.000000
430 0.000000 0.000000 0.000000
431 1 42.373712 31.967890 70.815706 1.000000 1.000000 1.000000 0.000000
431 0.000000 0.000000 0.000000
432 1 50.952212 89.872802 61.630098 1.000000 1.000000 1.000000 0.000000
432 0.000000 0.000000 0.000000
433 1 98.672700 33.913162 158.021082 1.000000 1.000000 1.000000 0.000000
433 0.000000 0.000000 0.000000
434 1 90.620908 45.929039 96.323041 1.000000 1.000000 1.000000 0.000000
434 0.000000 0.000000 0.000000
435 1 42.204803 82.274855 177.899670 1.000000 1.000000 1.000000 0.000000
435 0.000000 0.000000 0.000000
436 1 14.043462 37.685865 66.978620 1.000000 1.000000 1.000000 0.000000
436 0.000000 0.000000 0.000000
437 1 21.258270 9.669032 180.763404 1.000000 1.000000 1.000000 0.000000
437 0.000000 0.000000 0.000000
438 1 95.729606 77.727122 133.880497 1.000000 1.000000 1.000000 0.000000
438 0.000000 0.000000 0.000000
439 1 43.774928 64.870353 108.920447 1.000000 1.000000 1.000000 0.000000
439 0.000000 0.000000 0.000000
440 1 35.984967 54.165283 85.144474 1.000000 1.000000 1.000000 0.000000
440 0.000000 0.000000 0.000000
441 1 84.537980 46.740772 127.749564 1.000000 1.000000 1.000000 0.000000
441 0.000000 0.000000 0.000000
442 1 94.469105 81.269568 121.716678 1.000000 1.000000 1.000000 0.000000
442 0.000000 0.000000 0.000000
443 1 29.314325 79.533979 148.013238 1.000000 1.000000 1.000000 0.000000
443 0.000000 0.000000 0.000000
444 1 2.564976 78.842985 52.277254 1.000000 1.000000 1.000000 0.000000
444 0.000000 0.000000 0.000000
445 1 11.009751 69.693620 52.191354 1.000000 1.000000 1.000000 0.000000
445 0.000000 0.000000 0.000000
446 1 27.176977 57.012636 75.246499 1.000000 1.000000 1.000000 0.000000
446 0.000000 0.000000 0.000000
447 1 21.673323 87.578541 97.023972 1.000000 1.000000 1.000000 0.000000
447 0.000000 0.000000 0.000000
448 1 77.982792 76.105593 106.663508 1.000000 1.000000 1.000000 0.000000
448 0.000000 0.000000 0.000000
449 1 32.109754 17.838566 103.332852 1.000000 1.000000 1.000000 0.000000
449 0.000000 0.000000 0.000000
450 1 33.486739 53.938452 198.798544 1.000000 1.000000 1.000000 0.000000
450 0.000000 0.000000 0.000000
451 1 53.052941 23.070888 15.982893 1.000000 1.000000 1.000000 0.000000
451 0.000000 0.000000 0.000000
452 1 3.896814 7.616848 48.136405 1.000000 1.000000 1.000000 0.000000
452 0.000000 0.000000 0.000000
453 1 0.242977 97.175068 15.661377 1.000000 1.000000 1.000000 0.000000
453 0.000000 0.000000 0.000000
454 1 27.374187 74.119805 132.895444 1.000000 1.000000 1.000000 0.000000
454 0.000000 0.000000 0.000000
455 1 71.530399 40.567145 116.073526 1.000000 1.000000 1.000000 0.000000
455 0.000000 0.000000 0.000000
456 1 91.509067 11.030718 99.713833 1.000000 1.000000 1.000000 0.000000
456 0.000000 0.000000 0.000000
457 1 92.030089 28.022637 183.903012 1.000000 1.000000 1.000000 0.000000
457 0.000000 0.000000 0.000000
458 1 42.090797 93.453562 103.265657 1.000000 1.000000 1.000000 0.000000
458 0.000000 0.000000 0.000000
459 1 85.710407 47.819642 103.694376 1.000000 1.000000 1.000000 0.000000
459 0.000000 0.000000 0.000000
460 1 97.409441 14.481939 42.627560 1.000000 1.000000 1.000000 0.000000
460 0.000000 0.000000 0.000000
461 1 20.907322 98.262979 8.378148 1.000000 1.000000 1.000000 0.000000
461 0.000000 0.000000 0.000000
462 1 23.402395 90.264087 188.768895 1.000000 1.000000 1.000000 0.000000
462 0.000000 0.000000 0.000000
463 1 24.745051 41.873192 147.089501 1.000000 1.000000 1.000000 0.000000
463 0.000000 0.000000 0.000000
464 1 14.871360 36.605956 45.393577 1.000000 1.000000 1.000000 0.000000
464 0.000000 0.000000 0.000000
465 1 14.577598 80.899659 56.242271 1.000000 1.000000 1.000000 0.000000
465 0.000000 0.000000 0.000000
466 1 52.946565 57.294832 187.962375 1.000000 1.000000 1.000000 0.000000
466 0.000000 0.000000 0.000000
467 1 31.106755 81.168597 164.810211 1.000000 1.000000 1.000000 0.000000
467 0.000000 0.000000 0.000000
468 1 58.688801 87.043674 96.622059 1.000000 1.000000 1.000000 0.000000
468 0.000000 0.000000 0.000000
469 1 48.763667 92.785170 198.270051 1.000000 1.000000 1.000000 0.000000
469 0.000000 0.000000 0.000000
470 1 31.365833 1.116872 156.480908 1.000000 1.000000 1.000000 0.000000
470 0.000000 0.000000 0.000000
471 1 75.133908 69.760084 95.943317 1.000000 1.000000 1.000000 0.000000
471 0.000000 0.000000 0.000000
472 1 88.173195 19.607050 153.462360 1.000000 1.000000 1.000000 0.000000
472 0.000000 0.000000 0.000000
473 1 21.197097 55.726226 36.674360 1.000000 1.000000 1.000000 0.000000
473 0.000000 0.000000 0.000000
474 1 22.891933 47.426986 189.830915 1.000000 1.000000 1.000000 0.000000
474 0.000000 0.000000 0.000000
475 1 30.387739 92.453630 79.108865 1.000000 1.000000 1.000000 0.000000
475 0.000000 0.000000 0.000000
476 1 48.934418 68.964043 103.147536 1.000000 1.000000 1.000000 0.000000
476 0.000000 0.000000 0.000000
477 1 77.751191 1.257166 199.399283 1.000000 1.000000 1.000000 0.000000
477 0.000000 0.000000 0.000000
478 1 2.580674 81.344091 76.221732 1.000000 1.000000 1.000000 0.000000
478 0.000000 0.000000 0.000000
479 1 63.552701 91.014851 172.942688 1.000000 1.000000 1.000000 0.000000
479 0.000000 0.000000 0.000000
480 1 4.758700 6.199154 65.243767 1.000000 1.000000 1.000000 0.000000
480 0.000000 0.000000 0.000000
481 1 71.192149 9.364420 172.637430 1.000000 1.000000 1.000000 0.000000
481 0.000000 0.000000 0.000000
482 1 88.928208 77.406505 84.028365 1.000000 1.000000 1.000000 0.000000
482 0.000000 0.000000 0.000000
483 1 98.110563 43.122765 40.515160 1.000000 1.000000 1.000000 0.000000
483 0.000000 0.000000 0.000000
484 1 87.661340 87.052018 32.968459 1.000000 1.000000 1.000000 0.000000
484 0.000000 0.000000 0.000000
485 1 11.680352 16.348049 179.030699 1.000000 1.000000 1.000000 0.000000
485 0.000000 0.000000 0.000000
486 1 34.761074 5.372062 91.918657 1.000000 1.000000 1.000000 0.000000
486 0.000000 0.000000 0.000000
487 1 53.677569 65.559849 192.617687 1.000000 1.000000 1.000000 0.000000
487 0.000000 0.000000 0.000000
488 1 9.741581 49.473120 94.760763 1.000000 1.000000 1.000000 0.000000
488 0.000000 0.000000 0.000000
489 1 97.801391 37.849718 37.484583 1.000000 1.000000 1.000000 0.000000
489 0.000000 0.000000 0.000000
490 1 63.061271 46.175413 175.316706 1.000000 1.000000 1.000000 0.000000
490 0.000000 0.000000 0.000000
491 1 53.365202 73.692821 70.027436 1.000000 1.000000 1.000000 0.000000
491 0.000000 0.000000 0.000000
492 1 66.102857 27.972246 198.188473 1.000000 1.000000 1.000000 0.000000
492 0.000000 0.000000 0.000000
493 1 11.098885 73.576023 16.471540 1.000000 1.000000 1.000000 0.000000
493 0.000000 0.000000 0.000000
494 1 57.853273 4.576329 28.698440 1.000000 1.000000 1.000000 0.000000
494 0.000000 0.000000 0.000000
495 1 27.955723 81.663631 191.964861 1.000000 1.000000 1.000000 0.000000
495 0.000000 0.000000 0.000000
496 1 59.295135 37.250827 179.901389 1.000000 1.000000 1.000000 0.000000
496 0.000000 0.000000 0.000000
497 1 90.614720 59.380452 21.500357 1.000000 1.000000 1.000000 0.000000
497 0.000000 0.000000 0.000000
498 1 9.210029 63.407642 167.514008 1.000000 1.000000 1.000000 0.000000
498 0.000000 0.000000 0.000000
499 1 5.247333 10.586449 77.438869 1.000000 1.000000 1.000000 0.000000
499 0.000000 0.000000 0.000000
