RESTART FILE
Timestep: 100

NUMBER OF PARTICLES
500

SIMULATION BOX
100 100 200

TIMESTEP
0.1

ATTRACTION RADIUS
1
0 

AGGREGATES/BEADS
0 1 69.550334 95.206110 46.547620 1.000000 1.000000 1.000000 0.000000
0 0.000000 0.000000 0.000000
1 1 74.858376 88.232452 153.893240 1.000000 1.000000 1.000000 0.000000
1 0.000000 0.000000 0.000000
2 1 24.605456 2.606517 17.514967 1.000000 1.000000 1.000000 0.000000
2 0.000000 0.000000 0.000000
3 1 95.652274 75.420603 144.307256 1.000000 1.000000 1.000000 0.000000
3 0.000000 0.000000 0.000000
4 1 33.729016 73.687904 95.021293 1.000000 1.000000 1.000000 0.000000
4 0.000000 0.000000 0.000000
5 1 32.217630 66.235150 156.397709 1.000000 1.000000 1.000000 0.000000
5 0.000000 0.000000 0.000000
6 1 98.714362 13.848450 188.339813 1.000000 1.000000 1.000000 0.000000
6 0.000000 0.000000 0.000000
7 1 56.908801 19.457969 135.327062 1.000000 1.000000 1.000000 0.000000
7 0.000000 0.000000 0.000000
8 1 61.072755 97.686771 94.723016 1.000000 1.000000 1.000000 0.000000
8 0.000000 0.000000 0.000000
9 1 34.089439 42.299801 50.668415 1.000000 1.000000 1.000000 0.000000
9 0.000000 0.000000 0.000000
10 1 70.540107 81.128399 51.065945 1.000000 1.000000 1.000000 0.000000
10 0.000000 0.000000 0.000000
11 1 31.313754 56.778694 35.863709 1.000000 1.000000 1.000000 0.000000
11 0.000000 0.000000 0.000000
12 1 73.427064 81.101968 85.511542 1.000000 1.000000 1.000000 0.000000
12 0.000000 0.000000 0.000000
13 1 47.487297 78.516861 47.975501 1.000000 1.000000 1.000000 0.000000
13 0.000000 0.000000 0.000000
14 1 28.186569 46.819115 38.565409 1.000000 1.000000 1.000000 0.000000
14 0.000000 0.000000 0.000000
15 1 33.703516 54.864939 194.386017 1.000000 1.000000 1.000000 0.000000
15 0.000000 0.000000 0.000000
16 1 46.076454 44.416541 195.106547 1.000000 1.000000 1.000000 0.000000
16 0.000000 0.000000 0.000000
17 1 96.112411 70.148265 96.752865 1.000000 1.000000 1.000000 0.000000
17 0.000000 0.000000 0.000000
18 1 75.362833 5.174909 178.492833 1.000000 1.000000 1.000000 0.000000
18 0.000000 0.000000 0.000000
19 1 45.784267 42.688925 165.635072 1.000000 1.000000 1.000000 0.000000
19 0.000000 0.000000 0.000000
20 1 71.207386 90.530568 130.461803 1.000000 1.000000 1.000000 0.000000
20 0.000000 0.000000 0.000000
21 1 83.329424 37.865674 32.751051 1.000000 1.000000 1.000000 0.000000
21 0.000000 0.000000 0.000000
22 1 58.397882 29.582804 168.189973 1.000000 1.000000 1.000000 0.000000
22 0.000000 0.000000 0.000000
23 1 75.111266 57.761544 123.995210 1.000000 1.000000 1.000000 0.000000
23 0.000000 0.000000 0.000000
24 1 40.815224 40.339171 81.419042 1.000000 1.000000 1.000000 0.000000
24 0.000000 0.000000 0.000000
25 1 83.198912 0.910293 83.378547 1.000000 1.000000 1.000000 0.000000
25 0.000000 0.000000 0.000000
26 1 78.752861 21.955970 43.870109 1.000000 1.000000 1.000000 0.000000
26 0.000000 0.000000 0.000000
27 1 89.678143 71.055483 28.594984 1.000000 1.000000 1.000000 0.000000
27 0.000000 0.000000 0.000000
28 1 63.676191 4.586500 81.684390 1.000000 1.000000 1.000000 0.000000
28 0.000000 0.000000 0.000000
29 1 29.031010 24.685584 15.576007 1.000000 1.000000 1.000000 0.000000
29 0.000000 0.000000 0.000000
30 1 42.308831 21.293791 199.715764 1.000000 1.000000 1.000000 0.000000
30 0.000000 0.000000 0.000000
31 1 98.052283 65.356497 37.155577 1.000000 1.000000 1.000000 0.000000
31 0.000000 0.000000 0.000000
32 1 91.630218 58.285293 186.621672 1.000000 1.000000 1.000000 0.000000
32 0.000000 0.000000 0.000000
33 1 95.149262 54.817840 31.886973 1.000000 1.000000 1.000000 0.000000
33 0.000000 0.000000 0.000000
34 1 5.459705 3.060211 55.868423 1.000000 1.000000 1.000000 0.000000
34 0.000000 0.000000 0.000000
35 1 54.614940 5.510828 17.159113 1.000000 1.000000 1.000000 0.000000
35 0.000000 0.000000 0.000000
36 1 90.794667 86.304623 21.375567 1.000000 1.000000 1.000000 0.000000
36 0.000000 0.000000 0.000000
37 1 3.946492 98.503084 130.105550 1.000000 1.000000 1.000000 0.000000
37 0.000000 0.000000 0.000000
38 1 62.892616 56.092749 78.750631 1.000000 1.000000 1.000000 0.000000
38 0.000000 0.000000 0.000000
39 1 40.689119 34.377938 10.559141 1.000000 1.000000 1.000000 0.000000
39 0.000000 0.000000 0.000000
40 1 97.825153 10.739317 72.132027 1.000000 1.000000 1.000000 0.000000
40 0.000000 0.000000 0.000000
41 1 51.059623 47.257523 80.086844 1.000000 1.000000 1.000000 0.000000
41 0.000000 0.000000 0.000000
42 1 29.264812 47.971504 116.890651 1.000000 1.000000 1.000000 0.000000
42 0.000000 0.000000 0.000000
43 1 46.811795 83.464875 17.157947 1.000000 1.000000 1.000000 0.000000
43 0.000000 0.000000 0.000000
44 1 64.498138 66.435922 112.648216 1.000000 1.000000 1.000000 0.000000
44 0.000000 0.000000 0.000000
45 1 17.020852 80.839769 56.996163 1.000000 1.000000 1.000000 0.000000
45 0.000000 0.000000 0.000000
46 1 19.752899 90.309988 65.245343 1.000000 1.000000 1.000000 0.000000
46 0.000000 0.000000 0.000000
47 1 24.135073 58.527534 8.184216 1.000000 1.000000 1.000000 0.000000
47 0.000000 0.000000 0.000000
48 1 36.482717 24.662196 22.587954 1.000000 1.000000 1.000000 0.000000
48 0.000000 0.000000 0.000000
49 1 94.306091 33.748564 31.274028 1.000000 1.000000 1.000000 0.000000
49 0.000000 0.000000 0.000000
50 1 1.864369 74.382053 27.878035 1.000000 1.000000 1.000000 0.000000
50 0.000000 0.000000 0.000000
51 1 27.128054 22.008353 109.360569 1.000000 1.000000 1.000000 0.000000
51 0.000000 0.000000 0.000000
52 1 60.388434 82.192115 148.854090 1.000000 1.000000 1.000000 0.000000
52 0.000000 0.000000 0.000000
53 1 68.171780 73.834352 78.535705 1.000000 1.000000 1.000000 0.000000
53 0.000000 0.000000 0.000000
54 1 40.758009 56.106558 51.540379 1.000000 1.000000 1.000000 0.000000
54 0.000000 0.000000 0.000000
55 1 62.606318 81.315491 94.801389 1.000000 1.000000 1.000000 0.000000
55 0.000000 0.000000 0.000000
56 1 98.757701 49.205846 2.266065 1.000000 1.000000 1.000000 0.000000
56 0.000000 0.000000 0.000000
57 1 45.676272 91.768393 142.843629 1.000000 1.000000 1.000000 0.000000
57 0.000000 0.000000 0.000000
58 1 41.002461 45.639370 64.970286 1.000000 1.000000 1.000000 0.000000
58 0.000000 0.000000 0.000000
59 1 67.846415 5.930046 191.256096 1.000000 1.000000 1.000000 0.000000
59 0.000000 0.000000 0.000000
60 1 3.050853 36.434231 37.569246 1.000000 1.000000 1.000000 0.000000
60 0.000000 0.000000 0.000000
61 1 75.796695 90.451768 164.901059 1.000000 1.000000 1.000000 0.000000
61 0.000000 0.000000 0.000000
62 1 24.518674 16.811775 114.984168 1.000000 1.000000 1.000000 0.000000
62 0.000000 0.000000 0.000000
63 1 18.157389 97.070477 51.192220 1.000000 1.000000 1.000000 0.000000
63 0.000000 0.000000 0.000000
64 1 24.430217 89.081085 74.877848 1.000000 1.000000 1.000000 0.000000
64 0.000000 0.000000 0.000000
65 1 77.032891 81.221279 88.932408 1.000000 1.000000 1.000000 0.000000
65 0.000000 0.000000 0.000000
66 1 82.635390 72.820081 0.948018 1.000000 1.000000 1.000000 0.000000
66 0.000000 0.000000 0.000000
67 1 79.410966 46.939698 5.522979 1.000000 1.000000 1.000000 0.000000
67 0.000000 0.000000 0.000000
68 1 5.415937 46.439533 144.386473 1.000000 1.000000 1.000000 0.000000
68 0.000000 0.000000 0.000000
69 1 1.606084 53.945504 182.075635 1.000000 1.000000 1.000000 0.000000
69 0.000000 0.000000 0.000000
70 1 53.631615 66.557322 124.112706 1.000000 1.000000 1.000000 0.000000
70 0.000000 0.000000 0.000000
71 1 50.270369 79.251252 4.458893 1.000000 1.000000 1.000000 0.000000
71 0.000000 0.000000 0.000000
72 1 93.412067 91.048229 85.089599 1.000000 1.000000 1.000000 0.000000
72 0.000000 0.000000 0.000000
73 1 45.710712 65.938988 69.797542 1.000000 1.000000 1.000000 0.000000
73 0.000000 0.000000 0.000000
74 1 30.997411 93.040715 52.082885 1.000000 1.000000 1.000000 0.000000
74 0.000000 0.000000 0.000000
75 1 84.836842 50.375365 91.467223 1.000000 1.000000 1.000000 0.000000
75 0.000000 0.000000 0.000000
76 1 83.689728 48.042828 29.833517 1.000000 1.000000 1.000000 0.000000
76 0.000000 0.000000 0.000000
77 1 59.881863 58.698784 38.297964 1.000000 1.000000 1.000000 0.000000
77 0.000000 0.000000 0.000000
78 1 77.244385 20.951600 178.461460 1.000000 1.000000 1.000000 0.000000
78 0.000000 0.000000 0.000000
79 1 6.350366 79.967401 8.910167 1.000000 1.000000 1.000000 0.000000
79 0.000000 0.000000 0.000000
80 1 54.629212 58.224801 47.704835 1.000000 1.000000 1.000000 0.000000
80 0.000000 0.000000 0.000000
81 1 96.245508 8.318338 199.022630 1.000000 1.000000 1.000000 0.000000
81 0.000000 0.000000 0.000000
82 1 40.986904 3.463396 131.094987 1.000000 1.000000 1.000000 0.000000
82 0.000000 0.000000 0.000000
83 1 49.508800 90.659153 173.013659 1.000000 1.000000 1.000000 0.000000
83 0.000000 0.000000 0.000000
84 1 63.683626 27.645910 153.844815 1.000000 1.000000 1.000000 0.000000
84 0.000000 0.000000 0.000000
85 1 33.830647 44.308847 87.686428 1.000000 1.000000 1.000000 0.000000
85 0.000000 0.000000 0.000000
86 1 4.611203 25.282827 105.454972 1.000000 1.000000 1.000000 0.000000
86 0.000000 0.000000 0.000000
87 1 81.369645 46.586539 86.661529 1.000000 1.000000 1.000000 0.000000
87 0.000000 0.000000 0.000000
88 1 18.531214 80.045190 170.514985 1.000000 1.000000 1.000000 0.000000
88 0.000000 0.000000 0.000000
89 1 0.997945 52.138708 113.206110 1.000000 1.000000 1.000000 0.000000
89 0.000000 0.000000 0.000000
90 1 15.050635 80.440697 62.530250 1.000000 1.000000 1.000000 0.000000
90 0.000000 0.000000 0.000000
91 1 5.787291 16.881478 188.038992 1.000000 1.000000 1.000000 0.000000
91 0.000000 0.000000 0.000000
92 1 28.656761 51.594477 74.654246 1.000000 1.000000 1.000000 0.000000
92 0.000000 0.000000 0.000000
93 1 45.571572 57.727293 176.500129 1.000000 1.000000 1.000000 0.000000
93 0.000000 0.000000 0.000000
94 1 83.480525 0.730873 96.476140 1.000000 1.000000 1.000000 0.000000
94 0.000000 0.000000 0.000000
95 1 87.214664 30.380984 42.926420 1.000000 1.000000 1.000000 0.000000
95 0.000000 0.000000 0.000000
96 1 72.000145 8.688683 199.816678 1.000000 1.000000 1.000000 0.000000
96 0.000000 0.000000 0.000000
97 1 44.499468 1.895622 43.208175 1.000000 1.000000 1.000000 0.000000
97 0.000000 0.000000 0.000000
98 1 65.926403 54.520809 60.143213 1.000000 1.000000 1.000000 0.000000
98 0.000000 0.000000 0.000000
99 1 59.532555 1.413092 69.131338 1.000000 1.000000 1.000000 0.000000
99 0.000000 0.000000 0.000000
100 1 72.021125 10.257714 188.784211 1.000000 1.000000 1.000000 0.000000
100 0.000000 0.000000 0.000000
101 1 49.360910 90.722613 109.236985 1.000000 1.000000 1.000000 0.000000
101 0.000000 0.000000 0.000000
102 1 22.720666 82.750049 130.889248 1.000000 1.000000 1.000000 0.000000
102 0.000000 0.000000 0.000000
103 1 47.666704 32.111661 150.018075 1.000000 1.000000 1.000000 0.000000
103 0.000000 0.000000 0.000000
104 1 62.262524 81.898503 100.516418 1.000000 1.000000 1.000000 0.000000
104 0.000000 0.000000 0.000000
105 1 46.193386 48.232032 185.826133 1.000000 1.000000 1.000000 0.000000
105 0.000000 0.000000 0.000000
106 1 95.215489 28.455706 193.779028 1.000000 1.000000 1.000000 0.000000
106 0.000000 0.000000 0.000000
107 1 80.744961 86.611130 65.443630 1.000000 1.000000 1.000000 0.000000
107 0.000000 0.000000 0.000000
108 1 27.352672 43.433303 179.368070 1.000000 1.000000 1.000000 0.000000
108 0.000000 0.000000 0.000000
109 1 24.904172 50.782339 161.150964 1.000000 1.000000 1.000000 0.000000
109 0.000000 0.000000 0.000000
110 1 30.169385 38.922490 7.353293 1.000000 1.000000 1.000000 0.000000
110 0.000000 0.000000 0.000000
111 1 4.676659 80.037562 84.151256 1.000000 1.000000 1.000000 0.000000
111 0.000000 0.000000 0.000000
112 1 19.828800 91.071645 66.246343 1.000000 1.000000 1.000000 0.000000
112 0.000000 0.000000 0.000000
113 1 25.106311 65.987438 135.943115 1.000000 1.000000 1.000000 0.000000
113 0.000000 0.000000 0.000000
114 1 86.244239 3.080211 122.481902 1.000000 1.000000 1.000000 0.000000
114 0.000000 0.000000 0.000000
115 1 98.142465 30.370102 144.968668 1.000000 1.000000 1.000000 0.000000
115 0.000000 0.000000 0.000000
116 1 71.765145 68.531362 113.212944 1.000000 1.000000 1.000000 0.000000
116 0.000000 0.000000 0.000000
117 1 16.940721 60.324130 190.644745 1.000000 1.000000 1.000000 0.000000
117 0.000000 0.000000 0.000000
118 1 23.643236 99.410188 54.789141 1.000000 1.000000 1.000000 0.000000
118 0.000000 0.000000 0.000000
119 1 24.073069 44.306034 169.704913 1.000000 1.000000 1.000000 0.000000
119 0.000000 0.000000 0.000000
120 1 15.459844 60.378078 194.712357 1.000000 1.000000 1.000000 0.000000
120 0.000000 0.000000 0.000000
121 1 47.075700 26.339168 70.865312 1.000000 1.000000 1.000000 0.000000
121 0.000000 0.000000 0.000000
122 1 42.476414 26.996019 178.957389 1.000000 1.000000 1.000000 0.000000
122 0.000000 0.000000 0.000000
123 1 17.274486 71.652781 13.445872 1.000000 1.000000 1.000000 0.000000
123 0.000000 0.000000 0.000000
124 1 53.174621 83.948777 4.973225 1.000000 1.000000 1.000000 0.000000
124 0.000000 0.000000 0.000000
125 1 80.127316 36.841358 66.444922 1.000000 1.000000 1.000000 0.000000
125 0.000000 0.000000 0.000000
126 1 2.365724 68.001633 92.399142 1.000000 1.000000 1.000000 0.000000
126 0.000000 0.000000 0.000000
127 1 58.659217 59.866548 169.801017 1.000000 1.000000 1.000000 0.000000
127 0.000000 0.000000 0.000000
128 1 77.189009 40.706789 136.458312 1.000000 1.000000 1.000000 0.000000
128 0.000000 0.000000 0.000000
129 1 66.445409 43.909533 154.573452 1.000000 1.000000 1.000000 0.000000
129 0.000000 0.000000 0.000000
130 1 88.881073 91.300499 142.621223 1.000000 1.000000 1.000000 0.000000
130 0.000000 0.000000 0.000000
131 1 28.489797 24.319968 110.711199 1.000000 1.000000 1.000000 0.000000
131 0.000000 0.000000 0.000000
132 1 36.285531 48.699129 31.306716 1.000000 1.000000 1.000000 0.000000
132 0.000000 0.000000 0.000000
133 1 39.359139 9.074197 60.207550 1.000000 1.000000 1.000000 0.000000
133 0.000000 0.000000 0.000000
134 1 86.801001 53.609445 51.860704 1.000000 1.000000 1.000000 0.000000
134 0.000000 0.000000 0.000000
135 1 89.355954 9.984821 1.419101 1.000000 1.000000 1.000000 0.000000
135 0.000000 0.000000 0.000000
136 1 23.892126 48.346527 82.079927 1.000000 1.000000 1.000000 0.000000
136 0.000000 0.000000 0.000000
137 1 22.811198 77.890128 159.348860 1.000000 1.000000 1.000000 0.000000
137 0.000000 0.000000 0.000000
138 1 69.243038 66.601480 44.959012 1.000000 1.000000 1.000000 0.000000
138 0.000000 0.000000 0.000000
139 1 32.966411 34.611061 165.027279 1.000000 1.000000 1.000000 0.000000
139 0.000000 0.000000 0.000000
140 1 71.775143 84.073702 169.673737 1.000000 1.000000 1.000000 0.000000
140 0.000000 0.000000 0.000000
141 1 66.980285 96.581683 108.511012 1.000000 1.000000 1.000000 0.000000
141 0.000000 0.000000 0.000000
142 1 6.817176 96.230981 96.112928 1.000000 1.000000 1.000000 0.000000
142 0.000000 0.000000 0.000000
143 1 39.296858 18.607387 160.547911 1.000000 1.000000 1.000000 0.000000
143 0.000000 0.000000 0.000000
144 1 25.575310 57.048731 155.850271 1.000000 1.000000 1.000000 0.000000
144 0.000000 0.000000 0.000000
145 1 92.437318 9.195981 170.868199 1.000000 1.000000 1.000000 0.000000
145 0.000000 0.000000 0.000000
146 1 43.487284 44.156257 45.479266 1.000000 1.000000 1.000000 0.000000
146 0.000000 0.000000 0.000000
147 1 74.218262 36.895633 107.751737 1.000000 1.000000 1.000000 0.000000
147 0.000000 0.000000 0.000000
148 1 39.752953 84.593502 143.766093 1.000000 1.000000 1.000000 0.000000
148 0.000000 0.000000 0.000000
149 1 29.449084 40.668440 111.078651 1.000000 1.000000 1.000000 0.000000
149 0.000000 0.000000 0.000000
150 1 66.776824 27.716965 25.762434 1.000000 1.000000 1.000000 0.000000
150 0.000000 0.000000 0.000000
151 1 21.299594 50.152069 168.486594 1.000000 1.000000 1.000000 0.000000
151 0.000000 0.000000 0.000000
152 1 38.649244 70.589865 125.659246 1.000000 1.000000 1.000000 0.000000
152 0.000000 0.000000 0.000000
153 1 54.422207 88.148064 177.793192 1.000000 1.000000 1.000000 0.000000
153 0.000000 0.000000 0.000000
154 1 0.647786 65.770853 95.068213 1.000000 1.000000 1.000000 0.000000
154 0.000000 0.000000 0.000000
155 1 12.152255 62.139882 12.123709 1.000000 1.000000 1.000000 0.000000
155 0.000000 0.000000 0.000000
156 1 21.938772 70.957188 87.002277 1.000000 1.000000 1.000000 0.000000
156 0.000000 0.000000 0.000000
157 1 44.616919 45.132755 151.598048 1.000000 1.000000 1.000000 0.000000
157 0.000000 0.000000 0.000000
158 1 10.320519 31.629706 158.267736 1.000000 1.000000 1.000000 0.000000
158 0.000000 0.000000 0.000000
159 1 69.971565 21.929930 177.049992 1.000000 1.000000 1.000000 0.000000
159 0.000000 0.000000 0.000000
160 1 96.216369 81.625184 23.216007 1.000000 1.000000 1.000000 0.000000
160 0.000000 0.000000 0.000000
161 1 97.332996 67.036394 114.733989 1.000000 1.000000 1.000000 0.000000
161 0.000000 0.000000 0.000000
162 1 17.424381 4.968965 118.714291 1.000000 1.000000 1.000000 0.000000
162 0.000000 0.000000 0.000000
163 1 29.336627 2.100235 3.859523 1.000000 1.000000 1.000000 0.000000
163 0.000000 0.000000 0.000000
164 1 16.749475 34.514631 162.416383 1.000000 1.000000 1.000000 0.000000
164 0.000000 0.000000 0.000000
165 1 91.329073 33.713898 157.533617 1.000000 1.000000 1.000000 0.000000
165 0.000000 0.000000 0.000000
166 1 69.841262 91.840010 73.289825 1.000000 1.000000 1.000000 0.000000
166 0.000000 0.000000 0.000000
167 1 54.449883 41.650177 30.528770 1.000000 1.000000 1.000000 0.000000
167 0.000000 0.000000 0.000000
168 1 62.590551 86.618768 156.427033 1.000000 1.000000 1.000000 0.000000
168 0.000000 0.000000 0.000000
169 1 43.564288 97.079659 45.114562 1.000000 1.000000 1.000000 0.000000
169 0.000000 0.000000 0.000000
170 1 84.694825 38.877859 153.025547 1.000000 1.000000 1.000000 0.000000
170 0.000000 0.000000 0.000000
171 1 84.868052 95.316449 136.884241 1.000000 1.000000 1.000000 0.000000
171 0.000000 0.000000 0.000000
172 1 20.811732 42.713504 89.671817 1.000000 1.000000 1.000000 0.000000
172 0.000000 0.000000 0.000000
173 1 64.361059 69.164176 85.017893 1.000000 1.000000 1.000000 0.000000
173 0.000000 0.000000 0.000000
174 1 69.921768 81.993758 190.387275 1.000000 1.000000 1.000000 0.000000
174 0.000000 0.000000 0.000000
175 1 27.543574 51.030738 148.847299 1.000000 1.000000 1.000000 0.000000
175 0.000000 0.000000 0.000000
176 1 75.061821 9.233796 73.328606 1.000000 1.000000 1.000000 0.000000
176 0.000000 0.000000 0.000000
177 1 70.826987 54.886964 118.142955 1.000000 1.000000 1.000000 0.000000
177 0.000000 0.000000 0.000000
178 1 30.356340 18.272781 11.533092 1.000000 1.000000 1.000000 0.000000
178 0.000000 0.000000 0.000000
179 1 58.680147 75.934951 104.916259 1.000000 1.000000 1.000000 0.000000
179 0.000000 0.000000 0.000000
180 1 31.118579 31.187458 7.882056 1.000000 1.000000 1.000000 0.000000
180 0.000000 0.000000 0.000000
181 1 30.845438 17.100683 179.480288 1.000000 1.000000 1.000000 0.000000
181 0.000000 0.000000 0.000000
182 1 42.243704 43.810347 56.254441 1.000000 1.000000 1.000000 0.000000
182 0.000000 0.000000 0.000000
183 1 25.012547 89.707957 148.642637 1.000000 1.000000 1.000000 0.000000
183 0.000000 0.000000 0.000000
184 1 89.994933 1.566213 73.344737 1.000000 1.000000 1.000000 0.000000
184 0.000000 0.000000 0.000000
185 1 34.062048 11.412081 159.670471 1.000000 1.000000 1.000000 0.000000
185 0.000000 0.000000 0.000000
186 1 85.845482 32.720216 48.963014 1.000000 1.000000 1.000000 0.000000
186 0.000000 0.000000 0.000000
187 1 10.889407 53.594098 38.871627 1.000000 1.000000 1.000000 0.000000
187 0.000000 0.000000 0.000000
188 1 32.999859 94.717903 186.702498 1.000000 1.000000 1.000000 0.000000
188 0.000000 0.000000 0.000000
189 1 87.290120 88.140117 88.157981 1.000000 1.000000 1.000000 0.000000
189 0.000000 0.000000 0.000000
190 1 80.043353 76.015432 62.021400 1.000000 1.000000 1.000000 0.000000
190 0.000000 0.000000 0.000000
191 1 69.163039 70.161341 95.367203 1.000000 1.000000 1.000000 0.000000
191 0.000000 0.000000 0.000000
192 1 25.456656 74.052401 9.859786 1.000000 1.000000 1.000000 0.000000
192 0.000000 0.000000 0.000000
193 1 27.626039 61.468080 198.202437 1.000000 1.000000 1.000000 0.000000
193 0.000000 0.000000 0.000000
194 1 1.446109 33.654261 189.368793 1.000000 1.000000 1.000000 0.000000
194 0.000000 0.000000 0.000000
195 1 20.268951 11.423839 0.005895 1.000000 1.000000 1.000000 0.000000
195 0.000000 0.000000 0.000000
196 1 44.074091 60.433936 132.848378 1.000000 1.000000 1.000000 0.000000
196 0.000000 0.000000 0.000000
197 1 61.935988 27.214243 127.922915 1.000000 1.000000 1.000000 0.000000
197 0.000000 0.000000 0.000000
198 1 90.001586 69.383861 22.019314 1.000000 1.000000 1.000000 0.000000
198 0.000000 0.000000 0.000000
199 1 22.383114 10.796663 177.531790 1.000000 1.000000 1.000000 0.000000
199 0.000000 0.000000 0.000000
200 1 11.481032 40.977482 169.333987 1.000000 1.000000 1.000000 0.000000
200 0.000000 0.000000 0.000000
201 1 19.428929 51.204876 132.915505 1.000000 1.000000 1.000000 0.000000
201 0.000000 0.000000 0.000000
202 1 84.420338 21.367870 180.064059 1.000000 1.000000 1.000000 0.000000
202 0.000000 0.000000 0.000000
203 1 57.066008 73.546990 15.244605 1.000000 1.000000 1.000000 0.000000
203 0.000000 0.000000 0.000000
204 1 14.782042 96.909513 124.211101 1.000000 1.000000 1.000000 0.000000
204 0.000000 0.000000 0.000000
205 1 34.346437 7.015222 37.199181 1.000000 1.000000 1.000000 0.000000
205 0.000000 0.000000 0.000000
206 1 55.211268 5.128008 186.078969 1.000000 1.000000 1.000000 0.000000
206 0.000000 0.000000 0.000000
207 1 42.409506 74.329149 163.730752 1.000000 1.000000 1.000000 0.000000
207 0.000000 0.000000 0.000000
208 1 12.078968 10.780391 104.774266 1.000000 1.000000 1.000000 0.000000
208 0.000000 0.000000 0.000000
209 1 67.028210 42.440035 128.365701 1.000000 1.000000 1.000000 0.000000
209 0.000000 0.000000 0.000000
210 1 10.714021 37.871198 21.922396 1.000000 1.000000 1.000000 0.000000
210 0.000000 0.000000 0.000000
211 1 45.551332 69.936516 64.747248 1.000000 1.000000 1.000000 0.000000
211 0.000000 0.000000 0.000000
212 1 75.393795 16.380667 111.171033 1.000000 1.000000 1.000000 0.000000
212 0.000000 0.000000 0.000000
213 1 21.505637 15.522660 121.502465 1.000000 1.000000 1.000000 0.000000
213 0.000000 0.000000 0.000000
214 1 96.202113 40.181854 45.448531 1.000000 1.000000 1.000000 0.000000
214 0.000000 0.000000 0.000000
215 1 38.947373 56.000253 34.560068 1.000000 1.000000 1.000000 0.000000
215 0.000000 0.000000 0.000000
216 1 3.763248 58.608323 114.003570 1.000000 1.000000 1.000000 0.000000
216 0.000000 0.000000 0.000000
217 1 44.267395 33.529288 162.748162 1.000000 1.000000 1.000000 0.000000
217 0.000000 0.000000 0.000000
218 1 48.720095 68.088682 146.108722 1.000000 1.000000 1.000000 0.000000
218 0.000000 0.000000 0.000000
219 1 80.954215 76.176628 54.968475 1.000000 1.000000 1.000000 0.000000
219 0.000000 0.000000 0.000000
220 1 63.182465 53.935874 73.849725 1.000000 1.000000 1.000000 0.000000
220 0.000000 0.000000 0.000000
221 1 11.103993 20.823692 171.835837 1.000000 1.000000 1.000000 0.000000
221 0.000000 0.000000 0.000000
222 1 56.797221 17.772524 74.944465 1.000000 1.000000 1.000000 0.000000
222 0.000000 0.000000 0.000000
223 1 85.456657 77.686073 150.531264 1.000000 1.000000 1.000000 0.000000
223 0.000000 0.000000 0.000000
224 1 46.449156 0.989913 187.522884 1.000000 1.000000 1.000000 0.000000
224 0.000000 0.000000 0.000000
225 1 18.691839 21.804644 83.204409 1.000000 1.000000 1.000000 0.000000
225 0.000000 0.000000 0.000000
226 1 20.706599 62.822735 49.403841 1.000000 1.000000 1.000000 0.000000
226 0.000000 0.000000 0.000000
227 1 33.695052 91.611718 196.514810 1.000000 1.000000 1.000000 0.000000
227 0.000000 0.000000 0.000000
228 1 67.079964 68.427884 41.886938 1.000000 1.000000 1.000000 0.000000
228 0.000000 0.000000 0.000000
229 1 47.386704 78.494826 23.807319 1.000000 1.000000 1.000000 0.000000
229 0.000000 0.000000 0.000000
230 1 11.722825 20.671919 10.251545 1.000000 1.000000 1.000000 0.000000
230 0.000000 0.000000 0.000000
231 1 2.406182 81.512527 7.555611 1.000000 1.000000 1.000000 0.000000
231 0.000000 0.000000 0.000000
232 1 83.778403 55.854849 98.793011 1.000000 1.000000 1.000000 0.000000
232 0.000000 0.000000 0.000000
233 1 6.849318 79.768261 24.112648 1.000000 1.000000 1.000000 0.000000
233 0.000000 0.000000 0.000000
234 1 31.265662 8.836145 138.774704 1.000000 1.000000 1.000000 0.000000
234 0.000000 0.000000 0.000000
235 1 6.760772 97.871808 12.591623 1.000000 1.000000 1.000000 0.000000
235 0.000000 0.000000 0.000000
236 1 61.126022 24.457178 185.425003 1.000000 1.000000 1.000000 0.000000
236 0.000000 0.000000 0.000000
237 1 12.178532 67.760956 44.051908 1.000000 1.000000 1.000000 0.000000
237 0.000000 0.000000 0.000000
238 1 17.951872 49.271139 110.008126 1.000000 1.000000 1.000000 0.000000
238 0.000000 0.000000 0.000000
239 1 15.811500 73.345255 135.683538 1.000000 1.000000 1.000000 0.000000
239 0.000000 0.000000 0.000000
240 1 44.099734 53.593007 55.703162 1.000000 1.000000 1.000000 0.000000
240 0.000000 0.000000 0.000000
241 1 0.818752 67.217730 35.579870 1.000000 1.000000 1.000000 0.000000
241 0.000000 0.000000 0.000000
242 1 15.534699 88.467423 48.400830 1.000000 1.000000 1.000000 0.000000
242 0.000000 0.000000 0.000000
243 1 80.634129 62.999786 117.998514 1.000000 1.000000 1.000000 0.000000
243 0.000000 0.000000 0.000000
244 1 9.689249 48.566871 60.998870 1.000000 1.000000 1.000000 0.000000
244 0.000000 0.000000 0.000000
245 1 99.630295 98.425496 6.823857 1.000000 1.000000 1.000000 0.000000
245 0.000000 0.000000 0.000000
246 1 46.549744 6.798651 105.447762 1.000000 1.000000 1.000000 0.000000
246 0.000000 0.000000 0.000000
247 1 17.463373 29.682535 86.149833 1.000000 1.000000 1.000000 0.000000
247 0.000000 0.000000 0.000000
248 1 75.907781 55.079401 64.008727 1.000000 1.000000 1.000000 0.000000
248 0.000000 0.000000 0.000000
249 1 80.406522 99.772897 16.732764 1.000000 1.000000 1.000000 0.000000
249 0.000000 0.000000 0.000000
250 1 1.420712 10.042434 85.283068 1.000000 1.000000 1.000000 0.000000
250 0.000000 0.000000 0.000000
251 1 40.046880 4.954260 131.945975 1.000000 1.000000 1.000000 0.000000
251 0.000000 0.000000 0.000000
252 1 93.138571 48.733631 46.334739 1.000000 1.000000 1.000000 0.000000
252 0.000000 0.000000 0.000000
253 1 92.294292 94.438322 19.928784 1.000000 1.000000 1.000000 0.000000
253 0.000000 0.000000 0.000000
254 1 77.727759 70.670448 175.708150 1.000000 1.000000 1.000000 0.000000
254 0.000000 0.000000 0.000000
255 1 86.496624 25.592565 32.554107 1.000000 1.000000 1.000000 0.000000
255 0.000000 0.000000 0.000000
256 1 55.489804 45.560767 166.644507 1.000000 1.000000 1.000000 0.000000
256 0.000000 0.000000 0.000000
257 1 65.709554 70.306096 27.180537 1.000000 1.000000 1.000000 0.000000
257 0.000000 0.000000 0.000000
258 1 34.454984 80.002271 110.109495 1.000000 1.000000 1.000000 0.000000
258 0.000000 0.000000 0.000000
259 1 48.251004 4.362152 119.860714 1.000000 1.000000 1.000000 0.000000
259 0.000000 0.000000 0.000000
260 1 98.385963 58.974198 170.029934 1.000000 1.000000 1.000000 0.000000
260 0.000000 0.000000 0.000000
261 1 95.438586 69.865219 175.016524 1.000000 1.000000 1.000000 0.000000
261 0.000000 0.000000 0.000000
262 1 48.604454 59.225298 82.561093 1.000000 1.000000 1.000000 0.000000
262 0.000000 0.000000 0.000000
263 1 45.371748 61.478225 192.453067 1.000000 1.000000 1.000000 0.000000
263 0.000000 0.000000 0.000000
264 1 93.256798 35.575379 38.660583 1.000000 1.000000 1.000000 0.000000
264 0.000000 0.000000 0.000000
265 1 61.327234 52.519824 61.992294 1.000000 1.000000 1.000000 0.000000
265 0.000000 0.000000 0.000000
266 1 12.315086 97.349290 158.393923 1.000000 1.000000 1.000000 0.000000
266 0.000000 0.000000 0.000000
267 1 59.272519 61.291466 127.243917 1.000000 1.000000 1.000000 0.000000
267 0.000000 0.000000 0.000000
268 1 1.627293 68.739437 177.892275 1.000000 1.000000 1.000000 0.000000
268 0.000000 0.000000 0.000000
269 1 55.135950 38.356002 113.114897 1.000000 1.000000 1.000000 0.000000
269 0.000000 0.000000 0.000000
270 1 51.315576 14.701934 30.462903 1.000000 1.000000 1.000000 0.000000
270 0.000000 0.000000 0.000000
271 1 93.979167 4.604658 160.720026 1.000000 1.000000 1.000000 0.000000
271 0.000000 0.000000 0.000000
272 1 32.973701 30.055888 30.380973 1.000000 1.000000 1.000000 0.000000
272 0.000000 0.000000 0.000000
273 1 22.596187 19.415507 11.541815 1.000000 1.000000 1.000000 0.000000
273 0.000000 0.000000 0.000000
274 1 99.971813 93.968945 45.910021 1.000000 1.000000 1.000000 0.000000
274 0.000000 0.000000 0.000000
275 1 7.556688 18.369743 69.885927 1.000000 1.000000 1.000000 0.000000
275 0.000000 0.000000 0.000000
276 1 15.906717 65.254054 83.894465 1.000000 1.000000 1.000000 0.000000
276 0.000000 0.000000 0.000000
277 1 77.670300 77.755590 151.771798 1.000000 1.000000 1.000000 0.000000
277 0.000000 0.000000 0.000000
278 1 66.617603 99.794767 94.325334 1.000000 1.000000 1.000000 0.000000
278 0.000000 0.000000 0.000000
279 1 5.758168 95.160858 70.559043 1.000000 1.000000 1.000000 0.000000
279 0.000000 0.000000 0.000000
280 1 5.234556 5.004567 135.712196 1.000000 1.000000 1.000000 0.000000
280 0.000000 0.000000 0.000000
281 1 94.907984 28.552777 123.472559 1.000000 1.000000 1.000000 0.000000
281 0.000000 0.000000 0.000000
282 1 4.258183 73.303000 66.798442 1.000000 1.000000 1.000000 0.000000
282 0.000000 0.000000 0.000000
283 1 62.991423 14.738691 64.052684 1.000000 1.000000 1.000000 0.000000
283 0.000000 0.000000 0.000000
284 1 93.496472 34.481421 196.576760 1.000000 1.000000 1.000000 0.000000
284 0.000000 0.000000 0.000000
285 1 73.736527 80.166422 80.864584 1.000000 1.000000 1.000000 0.000000
285 0.000000 0.000000 0.000000
286 1 61.559561 77.374221 71.140702 1.000000 1.000000 1.000000 0.000000
286 0.000000 0.000000 0.000000
287 1 44.841540 64.593550 45.071786 1.000000 1.000000 1.000000 0.000000
287 0.000000 0.000000 0.000000
288 1 51.604025 40.448808 89.341356 1.000000 1.000000 1.000000 0.000000
288 0.000000 0.000000 0.000000
289 1 8.203792 56.994737 99.614389 1.000000 1.000000 1.000000 0.000000
289 0.000000 0.000000 0.000000
290 1 58.899705 10.976220 93.264586 1.000000 1.000000 1.000000 0.000000
290 0.000000 0.000000 0.000000
291 1 46.877840 28.411452 48.887219 1.000000 1.000000 1.000000 0.000000
291 0.000000 0.000000 0.000000
292 1 65.766445 73.286262 79.713836 1.000000 1.000000 1.000000 0.000000
292 0.000000 0.000000 0.000000
293 1 96.329683 13.873739 95.478173 1.000000 1.000000 1.000000 0.000000
293 0.000000 0.000000 0.000000
294 1 43.868077 35.603096 137.287099 1.000000 1.000000 1.000000 0.000000
294 0.000000 0.000000 0.000000
295 1 12.996854 88.650295 101.894528 1.000000 1.000000 1.000000 0.000000
295 0.000000 0.000000 0.000000
296 1 29.069911 50.576287 68.309577 1.000000 1.000000 1.000000 0.000000
296 0.000000 0.000000 0.000000
297 1 83.524279 91.256753 187.728706 1.000000 1.000000 1.000000 0.000000
297 0.000000 0.000000 0.000000
298 1 80.436540 89.643090 114.715030 1.000000 1.000000 1.000000 0.000000
298 0.000000 0.000000 0.000000
299 1 27.604545 37.550548 23.372079 1.000000 1.000000 1.000000 0.000000
299 0.000000 0.000000 0.000000
300 1 77.051972 48.185508 33.693923 1.000000 1.000000 1.000000 0.000000
300 0.000000 0.000000 0.000000
301 1 63.561222 48.078745 55.589574 1.000000 1.000000 1.000000 0.000000
301 0.000000 0.000000 0.000000
302 1 74.404172 90.566582 4.766242 1.000000 1.000000 1.000000 0.000000
302 0.000000 0.000000 0.000000
303 1 47.739297 76.030406 194.489412 1.000000 1.000000 1.000000 0.000000
303 0.000000 0.000000 0.000000
304 1 90.326702 23.908781 34.405920 1.000000 1.000000 1.000000 0.000000
304 0.000000 0.000000 0.000000
305 1 35.822242 7.639386 109.451370 1.000000 1.000000 1.000000 0.000000
305 0.000000 0.000000 0.000000
306 1 37.848775 72.346029 79.366855 1.000000 1.000000 1.000000 0.000000
306 0.000000 0.000000 0.000000
307 1 23.328293 58.073694 132.451499 1.000000 1.000000 1.000000 0.000000
307 0.000000 0.000000 0.000000
308 1 33.010189 98.083625 159.442227 1.000000 1.000000 1.000000 0.000000
308 0.000000 0.000000 0.000000
309 1 23.812043 12.413282 195.230102 1.000000 1.000000 1.000000 0.000000
309 0.000000 0.000000 0.000000
310 1 48.291772 3.990158 141.512161 1.000000 1.000000 1.000000 0.000000
310 0.000000 0.000000 0.000000
311 1 84.396377 61.631620 162.842921 1.000000 1.000000 1.000000 0.000000
311 0.000000 0.000000 0.000000
312 1 7.843813 32.264891 67.183174 1.000000 1.000000 1.000000 0.000000
312 0.000000 0.000000 0.000000
313 1 38.475250 99.653719 156.102933 1.000000 1.000000 1.000000 0.000000
313 0.000000 0.000000 0.000000
314 1 55.193798 79.015326 20.869170 1.000000 1.000000 1.000000 0.000000
314 0.000000 0.000000 0.000000
315 1 53.490713 19.105337 89.504680 1.000000 1.000000 1.000000 0.000000
315 0.000000 0.000000 0.000000
316 1 34.141774 67.226566 181.285514 1.000000 1.000000 1.000000 0.000000
316 0.000000 0.000000 0.000000
317 1 78.016939 72.701252 197.412000 1.000000 1.000000 1.000000 0.000000
317 0.000000 0.000000 0.000000
318 1 4.923928 37.325500 134.962269 1.000000 1.000000 1.000000 0.000000
318 0.000000 0.000000 0.000000
319 1 86.035564 42.933707 129.491665 1.000000 1.000000 1.000000 0.000000
319 0.000000 0.000000 0.000000
320 1 39.594003 46.078057 101.464497 1.000000 1.000000 1.000000 0.000000
320 0.000000 0.000000 0.000000
321 1 14.118986 26.558003 135.350419 1.000000 1.000000 1.000000 0.000000
321 0.000000 0.000000 0.000000
322 1 21.738691 94.934756 194.287203 1.000000 1.000000 1.000000 0.000000
322 0.000000 0.000000 0.000000
323 1 95.191080 33.475798 128.115267 1.000000 1.000000 1.000000 0.000000
323 0.000000 0.000000 0.000000
324 1 0.696441 78.551154 62.324691 1.000000 1.000000 1.000000 0.000000
324 0.000000 0.000000 0.000000
325 1 19.506990 47.876046 72.017004 1.000000 1.000000 1.000000 0.000000
325 0.000000 0.000000 0.000000
326 1 18.517873 61.494309 59.918865 1.000000 1.000000 1.000000 0.000000
326 0.000000 0.000000 0.000000
327 1 93.911135 70.812538 154.103666 1.000000 1.000000 1.000000 0.000000
327 0.000000 0.000000 0.000000
328 1 72.905209 93.326879 135.922992 1.000000 1.000000 1.000000 0.000000
328 0.000000 0.000000 0.000000
329 1 19.444366 22.696594 87.552150 1.000000 1.000000 1.000000 0.000000
329 0.000000 0.000000 0.000000
330 1 60.630197 11.772226 57.894470 1.000000 1.000000 1.000000 0.000000
330 0.000000 0.000000 0.000000
331 1 50.424575 16.163302 50.126680 1.000000 1.000000 1.000000 0.000000
331 0.000000 0.000000 0.000000
332 1 91.882745 50.998085 189.426483 1.000000 1.000000 1.000000 0.000000
332 0.000000 0.000000 0.000000
333 1 93.099309 24.573329 182.233258 1.000000 1.000000 1.000000 0.000000
333 0.000000 0.000000 0.000000
334 1 18.825317 63.920948 99.427407 1.000000 1.000000 1.000000 0.000000
334 0.000000 0.000000 0.000000
335 1 85.591011 39.955641 31.551599 1.000000 1.000000 1.000000 0.000000
335 0.000000 0.000000 0.000000
336 1 85.504080 79.157126 37.227202 1.000000 1.000000 1.000000 0.000000
336 0.000000 0.000000 0.000000
337 1 17.351262 59.315468 103.179350 1.000000 1.000000 1.000000 0.000000
337 0.000000 0.000000 0.000000
338 1 66.504425 24.703549 157.866926 1.000000 1.000000 1.000000 0.000000
338 0.000000 0.000000 0.000000
339 1 72.284177 97.413989 25.507663 1.000000 1.000000 1.000000 0.000000
339 0.000000 0.000000 0.000000
340 1 75.374279 46.177161 172.360247 1.000000 1.000000 1.000000 0.000000
340 0.000000 0.000000 0.000000
341 1 32.582464 15.011692 19.712014 1.000000 1.000000 1.000000 0.000000
341 0.000000 0.000000 0.000000
342 1 99.031419 49.103162 45.067441 1.000000 1.000000 1.000000 0.000000
342 0.000000 0.000000 0.000000
343 1 25.063243 42.067278 91.326911 1.000000 1.000000 1.000000 0.000000
343 0.000000 0.000000 0.000000
344 1 11.306797 2.372415 11.479500 1.000000 1.000000 1.000000 0.000000
344 0.000000 0.000000 0.000000
345 1 61.820054 25.272229 137.251707 1.000000 1.000000 1.000000 0.000000
345 0.000000 0.000000 0.000000
346 1 35.693058 46.671888 32.904191 1.000000 1.000000 1.000000 0.000000
346 0.000000 0.000000 0.000000
347 1 30.932398 90.429013 192.743670 1.000000 1.000000 1.000000 0.000000
347 0.000000 0.000000 0.000000
348 1 96.462087 16.668019 98.429372 1.000000 1.000000 1.000000 0.000000
348 0.000000 0.000000 0.000000
349 1 57.069109 45.876608 157.221256 1.000000 1.000000 1.000000 0.000000
349 0.000000 0.000000 0.000000
350 1 46.427779 45.517497 64.832852 1.000000 1.000000 1.000000 0.000000
350 0.000000 0.000000 0.000000
351 1 41.608846 32.595808 189.113554 1.000000 1.000000 1.000000 0.000000
351 0.000000 0.000000 0.000000
352 1 37.413330 75.055173 156.860730 1.000000 1.000000 1.000000 0.000000
352 0.000000 0.000000 0.000000
353 1 64.628030 48.942196 149.038682 1.000000 1.000000 1.000000 0.000000
353 0.000000 0.000000 0.000000
354 1 59.810311 84.762842 63.384725 1.000000 1.000000 1.000000 0.000000
354 0.000000 0.000000 0.000000
355 1 54.522949 72.094291 99.856421 1.000000 1.000000 1.000000 0.000000
355 0.000000 0.000000 0.000000
356 1 60.064881 94.278038 137.573128 1.000000 1.000000 1.000000 0.000000
356 0.000000 0.000000 0.000000
357 1 49.894898 7.410893 47.722881 1.000000 1.000000 1.000000 0.000000
357 0.000000 0.000000 0.000000
358 1 44.554654 45.102606 132.452016 1.000000 1.000000 1.000000 0.000000
358 0.000000 0.000000 0.000000
359 1 95.384853 46.396864 119.190148 1.000000 1.000000 1.000000 0.000000
359 0.000000 0.000000 0.000000
360 1 95.466705 85.423854 185.583849 1.000000 1.000000 1.000000 0.000000
360 0.000000 0.000000 0.000000
361 1 51.352943 96.664218 104.910025 1.000000 1.000000 1.000000 0.000000
361 0.000000 0.000000 0.000000
362 1 29.909389 97.308995 165.975230 1.000000 1.000000 1.000000 0.000000
362 0.000000 0.000000 0.000000
363 1 14.345412 18.003453 38.960334 1.000000 1.000000 1.000000 0.000000
363 0.000000 0.000000 0.000000
364 1 31.864008 5.519581 125.697146 1.000000 1.000000 1.000000 0.000000
364 0.000000 0.000000 0.000000
365 1 51.316543 74.764682 12.699130 1.000000 1.000000 1.000000 0.000000
365 0.000000 0.000000 0.000000
366 1 3.420439 97.269037 129.328378 1.000000 1.000000 1.000000 0.000000
366 0.000000 0.000000 0.000000
367 1 54.554694 38.591729 72.186661 1.000000 1.000000 1.000000 0.000000
367 0.000000 0.000000 0.000000
368 1 68.289306 91.981092 131.383102 1.000000 1.000000 1.000000 0.000000
368 0.000000 0.000000 0.000000
369 1 14.727511 15.438289 178.845633 1.000000 1.000000 1.000000 0.000000
369 0.000000 0.000000 0.000000
370 1 24.276709 20.027392 137.374041 1.000000 1.000000 1.000000 0.000000
370 0.000000 0.000000 0.000000
371 1 16.352845 59.770381 147.003457 1.000000 1.000000 1.000000 0.000000
371 0.000000 0.000000 0.000000
372 1 8.378337 85.312998 155.765470 1.000000 1.000000 1.000000 0.000000
372 0.000000 0.000000 0.000000
373 1 37.310714 93.214146 107.308832 1.000000 1.000000 1.000000 0.000000
373 0.000000 0.000000 0.000000
374 1 21.168017 91.838469 10.227715 1.000000 1.000000 1.000000 0.000000
374 0.000000 0.000000 0.000000
375 1 87.572276 50.892415 161.705539 1.000000 1.000000 1.000000 0.000000
375 0.000000 0.000000 0.000000
376 1 79.297573 42.533160 170.264286 1.000000 1.000000 1.000000 0.000000
376 0.000000 0.000000 0.000000
377 1 29.864311 59.684147 82.401705 1.000000 1.000000 1.000000 0.000000
377 0.000000 0.000000 0.000000
378 1 36.279654 90.090361 68.337653 1.000000 1.000000 1.000000 0.000000
378 0.000000 0.000000 0.000000
379 1 82.069589 85.041682 81.860509 1.000000 1.000000 1.000000 0.000000
379 0.000000 0.000000 0.000000
380 1 92.128199 54.992890 42.587155 1.000000 1.000000 1.000000 0.000000
380 0.000000 0.000000 0.000000
381 1 16.305238 8.722275 90.019611 1.000000 1.000000 1.000000 0.000000
381 0.000000 0.000000 0.000000
382 1 45.299212 92.705460 172.072801 1.000000 1.000000 1.000000 0.000000
382 0.000000 0.000000 0.000000
383 1 10.968412 8.243687 157.368384 1.000000 1.000000 1.000000 0.000000
383 0.000000 0.000000 0.000000
384 1 28.075051 76.066151 109.589301 1.000000 1.000000 1.000000 0.000000
384 0.000000 0.000000 0.000000
385 1 1.853143 83.922506 146.868892 1.000000 1.000000 1.000000 0.000000
385 0.000000 0.000000 0.000000
386 1 25.538812 7.671116 74.708122 1.000000 1.000000 1.000000 0.000000
386 0.000000 0.000000 0.000000
387 1 90.421226 87.304814 4.831612 1.000000 1.000000 1.000000 0.000000
387 0.000000 0.000000 0.000000
388 1 75.465682 79.142586 179.161553 1.000000 1.000000 1.000000 0.000000
388 0.000000 0.000000 0.000000
389 1 1.486195 76.132186 164.351740 1.000000 1.000000 1.000000 0.000000
389 0.000000 0.000000 0.000000
390 1 54.628694 0.997929 49.039116 1.000000 1.000000 1.000000 0.000000
390 0.000000 0.000000 0.000000
391 1 50.613850 84.052730 65.724381 1.000000 1.000000 1.000000 0.000000
391 0.000000 0.000000 0.000000
392 1 31.523392 90.313629 87.636095 1.000000 1.000000 1.000000 0.000000
392 0.000000 0.000000 0.000000
393 1 80.965090 81.475154 124.341563 1.000000 1.000000 1.000000 0.000000
393 0.000000 0.000000 0.000000
394 1 47.479774 84.429800 171.029801 1.000000 1.000000 1.000000 0.000000
394 0.000000 0.000000 0.000000
395 1 32.891039 62.953084 9.758173 1.000000 1.000000 1.000000 0.000000
395 0.000000 0.000000 0.000000
396 1 45.824101 47.300716 4.750926 1.000000 1.000000 1.000000 0.000000
396 0.000000 0.000000 0.000000
397 1 53.446067 57.700874 65.524317 1.000000 1.000000 1.000000 0.000000
397 0.000000 0.000000 0.000000
398 1 70.346136 8.503711 36.808662 1.000000 1.000000 1.000000 0.000000
398 0.000000 0.000000 0.000000
399 1 48.243842 79.919984 45.053428 1.000000 1.000000 1.000000 0.000000
399 0.000000 0.000000 0.000000
400 1 18.057728 36.020559 17.443618 1.000000 1.000000 1.000000 0.000000
400 0.000000 0.000000 0.000000
401 1 65.773648 16.056248 37.132420 1.000000 1.000000 1.000000 0.000000
401 0.000000 0.000000 0.000000
402 1 66.016442 60.515861 188.183807 1.000000 1.000000 1.000000 0.000000
402 0.000000 0.000000 0.000000
403 1 47.116328 82.393511 143.338180 1.000000 1.000000 1.000000 0.000000
403 0.000000 0.000000 0.000000
404 1 20.770027 19.404219 109.097242 1.000000 1.000000 1.000000 0.000000
404 0.000000 0.000000 0.000000
405 1 74.082354 57.283274 31.167760 1.000000 1.000000 1.000000 0.000000
405 0.000000 0.000000 0.000000
406 1 13.752382 48.215576 129.402957 1.000000 1.000000 1.000000 0.000000
406 0.000000 0.000000 0.000000
407 1 63.725391 3.034355 0.561536 1.000000 1.000000 1.000000 0.000000
407 0.000000 0.000000 0.000000
408 1 83.478637 39.610460 63.044608 1.000000 1.000000 1.000000 0.000000
408 0.000000 0.000000 0.000000
409 1 17.297588 8.341776 147.977174 1.000000 1.000000 1.000000 0.000000
409 0.000000 0.000000 0.000000
410 1 96.979931 28.863835 119.166466 1.000000 1.000000 1.000000 0.000000
410 0.000000 0.000000 0.000000
411 1 19.023208 43.829178 46.167238 1.000000 1.000000 1.000000 0.000000
411 0.000000 0.000000 0.000000
412 1 66.627512 4.196401 163.449338 1.000000 1.000000 1.000000 0.000000
412 0.000000 0.000000 0.000000
413 1 93.404657 31.603620 38.717612 1.000000 1.000000 1.000000 0.000000
413 0.000000 0.000000 0.000000
414 1 93.384592 83.325215 79.740456 1.000000 1.000000 1.000000 0.000000
414 0.000000 0.000000 0.000000
415 1 87.171618 81.305905 72.852742 1.000000 1.000000 1.000000 0.000000
415 0.000000 0.000000 0.000000
416 1 29.265343 0.975860 181.182639 1.000000 1.000000 1.000000 0.000000
416 0.000000 0.000000 0.000000
417 1 4.786479 38.864539 142.542613 1.000000 1.000000 1.000000 0.000000
417 0.000000 0.000000 0.000000
418 1 37.176867 1.483780 25.415550 1.000000 1.000000 1.000000 0.000000
418 0.000000 0.000000 0.000000
419 1 93.704748 84.191970 73.187966 1.000000 1.000000 1.000000 0.000000
419 0.000000 0.000000 0.000000
420 1 87.893869 10.573042 88.234768 1.000000 1.000000 1.000000 0.000000
420 0.000000 0.000000 0.000000
421 1 41.193134 93.030564 179.818066 1.000000 1.000000 1.000000 0.000000
421 0.000000 0.000000 0.000000
422 1 78.570733 33.275392 0.606823 1.000000 1.000000 1.000000 0.000000
422 0.000000 0.000000 0.000000
423 1 28.377800 34.652516 63.427836 1.000000 1.000000 1.000000 0.000000
423 0.000000 0.000000 0.000000
424 1 83.962214 43.264404 158.580757 1.000000 1.000000 1.000000 0.000000
424 0.000000 0.000000 0.000000
425 1 90.319215 56.653559 190.902819 1.000000 1.000000 1.000000 0.000000
425 0.000000 0.000000 0.000000
426 1 44.159469 67.645483 194.109945 1.000000 1.000000 1.000000 0.000000
426 0.000000 0.000000 0.000000
427 1 2.561067 88.415656 167.131874 1.000000 1.000000 1.000000 0.000000
427 0.000000 0.000000 0.000000
428 1 75.021496 46.378123 49.210227 1.000000 1.000000 1.000000 0.000000
428 0.000000 0.000000 0.000000
429 1 57.741627 70.777491 178.942944 1.000000 1.000000 1.000000 0.000000
429 0.000000 0.000000 0.000000
430 1 26.890063 67.953590 29.648790 1.000000 1.000000 1.000000 0.000000
430 0.000000 0.000000 0.000000
431 1 38.105810 22.900215 69.076700 1.000000 1.000000 1.000000 0.000000
431 0.000000 0.000000 0.000000
432 1 60.162487 87.654235 64.639541 1.000000 1.000000 1.000000 0.000000
432 0.000000 0.000000 0.000000
433 1 8.765459 40.694905 143.973061 1.000000 1.000000 1.000000 0.000000
433 0.000000 0.000000 0.000000
434 1 88.208732 40.742115 94.937837 1.000000 1.000000 1.000000 0.000000
434 0.000000 0.000000 0.000000
435 1 29.365713 77.559427 175.742779 1.000000 1.000000 1.000000 0.000000
435 0.000000 0.000000 0.000000
436 1 12.194544 49.676710 53.235404 1.000000 1.000000 1.000000 0.000000
436 0.000000 0.000000 0.000000
437 1 5.369905 18.586696 174.439617 1.000000 1.000000 1.000000 0.000000
437 0.000000 0.000000 0.000000
438 1 80.174738 72.881121 112.923503 1.000000 1.000000 1.000000 0.000000
438 0.000000 0.000000 0.000000
439 1 45.972392 74.864571 102.016383 1.000000 1.000000 1.000000 0.000000
439 0.000000 0.000000 0.000000
440 1 28.527640 61.696801 90.357628 1.000000 1.000000 1.000000 0.000000
440 0.000000 0.000000 0.000000
441 1 80.285768 35.598176 145.526835 1.000000 1.000000 1.000000 0.000000
441 0.000000 0.000000 0.000000
442 1 98.934974 74.750374 103.270610 1.000000 1.000000 1.000000 0.000000
442 0.000000 0.000000 0.000000
443 1 35.064876 63.023220 153.930019 1.000000 1.000000 1.000000 0.000000
443 0.000000 0.000000 0.000000
444 1 16.943778 77.330154 49.259145 1.000000 1.000000 1.000000 0.000000
444 0.000000 0.000000 0.000000
445 1 29.310014 56.684497 48.579896 1.000000 1.000000 1.000000 0.000000
445 0.000000 0.000000 0.000000
446 1 33.320386 60.035456 58.383903 1.000000 1.000000 1.000000 0.000000
446 0.000000 0.000000 0.000000
447 1 18.693723 74.403444 113.723948 1.000000 1.000000 1.000000 0.000000
447 0.000000 0.000000 0.000000
448 1 85.690684 87.496206 99.706513 1.000000 1.000000 1.000000 0.000000
448 0.000000 0.000000 0.000000
449 1 27.022500 29.276282 102.215441 1.000000 1.000000 1.000000 0.000000
449 0.000000 0.000000 0.000000
450 1 44.061517 32.416520 195.247585 1.000000 1.000000 1.000000 0.000000
450 0.000000 0.000000 0.000000
451 1 51.366652 23.360415 194.117496 1.000000 1.000000 1.000000 0.000000
451 0.000000 0.000000 0.000000
452 1 93.169804 5.439244 38.940520 1.000000 1.000000 1.000000 0.000000
452 0.000000 0.000000 0.000000
453 1 3.590607 79.241928 13.351575 1.000000 1.000000 1.000000 0.000000
453 0.000000 0.000000 0.000000
454 1 31.108106 61.302128 152.118441 1.000000 1.000000 1.000000 0.000000
454 0.000000 0.000000 0.000000
455 1 74.739493 46.253826 107.180604 1.000000 1.000000 1.000000 0.000000
455 0.000000 0.000000 0.000000
456 1 0.665769 20.434100 103.053423 1.000000 1.000000 1.000000 0.000000
456 0.000000 0.000000 0.000000
457 1 79.949424 16.070202 0.741420 1.000000 1.000000 1.000000 0.000000
457 0.000000 0.000000 0.000000
458 1 37.590922 82.131967 85.381889 1.000000 1.000000 1.000000 0.000000
458 0.000000 0.000000 0.000000
459 1 79.864989 44.794979 96.950952 1.000000 1.000000 1.000000 0.000000
459 0.000000 0.000000 0.000000
460 1 11.468804 14.830063 37.084414 1.000000 1.000000 1.000000 0.000000
460 0.000000 0.000000 0.000000
461 1 20.106478 92.981288 191.545374 1.000000 1.000000 1.000000 0.000000
461 0.000000 0.000000 0.000000
462 1 6.755142 76.985528 180.820521 1.000000 1.000000 1.000000 0.000000
462 0.000000 0.000000 0.000000
463 1 24.395137 47.088708 139.125464 1.000000 1.000000 1.000000 0.000000
463 0.000000 0.000000 0.000000
464 1 33.539478 44.700022 49.406382 1.000000 1.000000 1.000000 0.000000
464 0.000000 0.000000 0.000000
465 1 11.144350 84.686540 50.091061 1.000000 1.000000 1.000000 0.000000
465 0.000000 0.000000 0.000000
466 1 45.300446 63.517391 196.164053 1.000000 1.000000 1.000000 0.000000
466 0.000000 0.000000 0.000000
467 1 36.055002 93.996492 172.982325 1.000000 1.000000 1.000000 0.000000
467 0.000000 0.000000 0.000000
468 1 48.145961 74.175538 100.547713 1.000000 1.000000 1.000000 0.000000
468 0.000000 0.000000 0.000000
469 1 44.993103 2.024250 191.236434 1.000000 1.000000 1.000000 0.000000
469 0.000000 0.000000 0.000000
470 1 26.382597 7.302126 139.735650 1.000000 1.000000 1.000000 0.000000
470 0.000000 0.000000 0.000000
471 1 80.488805 78.315865 110.283439 1.000000 1.000000 1.000000 0.000000
471 0.000000 0.000000 0.000000
472 1 98.799068 40.116489 146.158094 1.000000 1.000000 1.000000 0.000000
472 0.000000 0.000000 0.000000
473 1 9.879904 69.667238 37.328493 1.000000 1.000000 1.000000 0.000000
473 0.000000 0.000000 0.000000
474 1 17.492758 71.103242 184.359492 1.000000 1.000000 1.000000 0.000000
474 0.000000 0.000000 0.000000
475 1 23.006213 90.925369 84.469192 1.000000 1.000000 1.000000 0.000000
475 0.000000 0.000000 0.000000
476 1 31.073028 72.792909 106.878317 1.000000 1.000000 1.000000 0.000000
476 0.000000 0.000000 0.000000
477 1 75.686065 94.176893 8.520856 1.000000 1.000000 1.000000 0.000000
477 0.000000 0.000000 0.000000
478 1 4.968870 73.112977 78.791208 1.000000 1.000000 1.000000 0.000000
478 0.000000 0.000000 0.000000
479 1 67.405503 96.459269 172.970064 1.000000 1.000000 1.000000 0.000000
479 0.000000 0.000000 0.000000
480 1 13.759930 83.420738 62.394097 1.000000 1.000000 1.000000 0.000000
480 0.000000 0.000000 0.000000
481 1 70.870689 1.069087 158.148368 1.000000 1.000000 1.000000 0.000000
481 0.000000 0.000000 0.000000
482 1 62.033642 73.388067 74.227670 1.000000 1.000000 1.000000 0.000000
482 0.000000 0.000000 0.000000
483 1 86.347560 48.124628 40.778677 1.000000 1.000000 1.000000 0.000000
483 0.000000 0.000000 0.000000
484 1 97.372241 97.863733 37.381403 1.000000 1.000000 1.000000 0.000000
484 0.000000 0.000000 0.000000
485 1 20.370931 0.926842 174.398606 1.000000 1.000000 1.000000 0.000000
485 0.000000 0.000000 0.000000
486 1 42.269447 19.341882 103.656712 1.000000 1.000000 1.000000 0.000000
486 0.000000 0.000000 0.000000
487 1 57.952235 68.336434 188.574174 1.000000 1.000000 1.000000 0.000000
487 0.000000 0.000000 0.000000
488 1 18.278685 53.416053 94.930255 1.000000 1.000000 1.000000 0.000000
488 0.000000 0.000000 0.000000
489 1 89.180989 41.892272 47.239377 1.000000 1.000000 1.000000 0.000000
489 0.000000 0.000000 0.000000
490 1 74.505233 52.294150 169.687788 1.000000 1.000000 1.000000 0.000000
490 0.000000 0.000000 0.000000
491 1 55.912987 85.338687 79.731580 1.000000 1.000000 1.000000 0.000000
491 0.000000 0.000000 0.000000
492 1 77.617733 24.443534 12.935283 1.000000 1.000000 1.000000 0.000000
492 0.000000 0.000000 0.000000
493 1 6.320109 72.516289 11.252450 1.000000 1.000000 1.000000 0.000000
493 0.000000 0.000000 0.000000
494 1 45.279347 8.327157 23.456718 1.000000 1.000000 1.000000 0.000000
494 0.000000 0.000000 0.000000
495 1 35.727281 78.144785 179.921616 1.000000 1.000000 1.000000 0.000000
495 0.000000 0.000000 0.000000
496 1 58.712116 37.194227 185.347466 1.000000 1.000000 1.000000 0.000000
496 0.000000 0.000000 0.000000
497 1 92.447594 63.803332 39.959960 1.000000 1.000000 1.000000 0.000000
497 0.000000 0.000000 0.000000
498 1 95.353176 70.506857 165.365987 1.000000 1.000000 1.000000 0.000000
498 0.000000 0.000000 0.000000
499 1 86.796416 97.561187 88.884407 1.000000 1.000000 1.000000 0.000000
499 0.000000 0.000000 0.000000
