RESTART FILE
Timestep: 800

NUMBER OF PARTICLES
500

SIMULATION BOX
100 100 200

TIMESTEP
0.1

ATTRACTION RADIUS
1
0 

AGGREGATES/BEADS
0 1 75.698669 81.858675 25.309550 1.000000 1.000000 1.000000 0.000000
0 0.000000 0.000000 0.000000
1 1 61.242465 3.784438 163.899849 1.000000 1.000000 1.000000 0.000000
1 0.000000 0.000000 0.000000
2 1 32.018823 14.013170 21.449829 1.000000 1.000000 1.000000 0.000000
2 0.000000 0.000000 0.000000
3 1 88.580207 97.032040 155.265299 1.000000 1.000000 1.000000 0.000000
3 0.000000 0.000000 0.000000
4 1 25.138535 83.943748 93.689049 1.000000 1.000000 1.000000 0.000000
4 0.000000 0.000000 0.000000
5 1 42.458742 80.874754 147.709470 1.000000 1.000000 1.000000 0.000000
5 0.000000 0.000000 0.000000
6 1 3.106806 4.968130 174.683516 1.000000 1.000000 1.000000 0.000000
6 0.000000 0.000000 0.000000
7 1 51.125983 22.525948 115.247021 1.000000 1.000000 1.000000 0.000000
7 0.000000 0.000000 0.000000
8 1 58.469900 8.191766 111.564056 1.000000 1.000000 1.000000 0.000000
8 0.000000 0.000000 0.000000
9 1 38.162681 23.619213 58.606471 1.000000 1.000000 1.000000 0.000000
9 0.000000 0.000000 0.000000
10 1 58.712668 70.979921 74.836743 1.000000 1.000000 1.000000 0.000000
10 0.000000 0.000000 0.000000
11 1 45.047288 73.351762 41.366306 1.000000 1.000000 1.000000 0.000000
11 0.000000 0.000000 0.000000
12 1 92.686274 83.743917 70.501289 1.000000 1.000000 1.000000 0.000000
12 0.000000 0.000000 0.000000
13 1 58.603758 73.739844 39.559105 1.000000 1.000000 1.000000 0.000000
13 0.000000 0.000000 0.000000
14 1 11.898913 48.514593 33.121167 1.000000 1.000000 1.000000 0.000000
14 0.000000 0.000000 0.000000
15 1 42.524701 49.998999 184.692795 1.000000 1.000000 1.000000 0.000000
15 0.000000 0.000000 0.000000
16 1 47.077968 42.927102 3.929924 1.000000 1.000000 1.000000 0.000000
16 0.000000 0.000000 0.000000
17 1 87.797539 76.751595 99.464057 1.000000 1.000000 1.000000 0.000000
17 0.000000 0.000000 0.000000
18 1 85.902786 6.721862 172.911896 1.000000 1.000000 1.000000 0.000000
18 0.000000 0.000000 0.000000
19 1 51.567864 45.912948 136.911126 1.000000 1.000000 1.000000 0.000000
19 0.000000 0.000000 0.000000
20 1 90.985980 94.014107 138.327124 1.000000 1.000000 1.000000 0.000000
20 0.000000 0.000000 0.000000
21 1 80.850277 32.721824 30.523145 1.000000 1.000000 1.000000 0.000000
21 0.000000 0.000000 0.000000
22 1 59.529886 35.836605 158.571432 1.000000 1.000000 1.000000 0.000000
22 0.000000 0.000000 0.000000
23 1 71.653791 59.573610 122.604637 1.000000 1.000000 1.000000 0.000000
23 0.000000 0.000000 0.000000
24 1 20.135512 20.448630 77.035340 1.000000 1.000000 1.000000 0.000000
24 0.000000 0.000000 0.000000
25 1 91.381237 98.814956 89.972058 1.000000 1.000000 1.000000 0.000000
25 0.000000 0.000000 0.000000
26 1 81.630347 9.451440 40.653556 1.000000 1.000000 1.000000 0.000000
26 0.000000 0.000000 0.000000
27 1 81.342944 60.678489 14.409233 1.000000 1.000000 1.000000 0.000000
27 0.000000 0.000000 0.000000
28 1 57.279752 92.420442 84.425819 1.000000 1.000000 1.000000 0.000000
28 0.000000 0.000000 0.000000
29 1 28.710915 4.246852 35.738497 1.000000 1.000000 1.000000 0.000000
29 0.000000 0.000000 0.000000
30 1 52.680585 17.548098 180.147748 1.000000 1.000000 1.000000 0.000000
30 0.000000 0.000000 0.000000
31 1 7.634732 73.197119 46.556731 1.000000 1.000000 1.000000 0.000000
31 0.000000 0.000000 0.000000
32 1 92.946830 68.292302 194.673319 1.000000 1.000000 1.000000 0.000000
32 0.000000 0.000000 0.000000
33 1 13.748205 64.693610 32.069241 1.000000 1.000000 1.000000 0.000000
33 0.000000 0.000000 0.000000
34 1 28.307537 0.631752 70.700873 1.000000 1.000000 1.000000 0.000000
34 0.000000 0.000000 0.000000
35 1 49.167442 91.154211 25.081412 1.000000 1.000000 1.000000 0.000000
35 0.000000 0.000000 0.000000
36 1 6.632188 92.057857 23.776185 1.000000 1.000000 1.000000 0.000000
36 0.000000 0.000000 0.000000
37 1 97.427251 95.485841 123.861677 1.000000 1.000000 1.000000 0.000000
37 0.000000 0.000000 0.000000
38 1 67.102001 50.067957 92.134355 1.000000 1.000000 1.000000 0.000000
38 0.000000 0.000000 0.000000
39 1 52.699528 30.193824 11.174324 1.000000 1.000000 1.000000 0.000000
39 0.000000 0.000000 0.000000
40 1 27.535153 41.453286 57.297018 1.000000 1.000000 1.000000 0.000000
40 0.000000 0.000000 0.000000
41 1 43.194930 50.103207 101.337775 1.000000 1.000000 1.000000 0.000000
41 0.000000 0.000000 0.000000
42 1 34.321112 35.364088 122.762307 1.000000 1.000000 1.000000 0.000000
42 0.000000 0.000000 0.000000
43 1 44.154380 93.021437 33.828375 1.000000 1.000000 1.000000 0.000000
43 0.000000 0.000000 0.000000
44 1 53.119689 63.501584 125.942820 1.000000 1.000000 1.000000 0.000000
44 0.000000 0.000000 0.000000
45 1 41.766238 70.788929 49.339919 1.000000 1.000000 1.000000 0.000000
45 0.000000 0.000000 0.000000
46 1 27.953180 91.050890 59.673269 1.000000 1.000000 1.000000 0.000000
46 0.000000 0.000000 0.000000
47 1 13.569084 61.567314 7.803834 1.000000 1.000000 1.000000 0.000000
47 0.000000 0.000000 0.000000
48 1 39.791322 28.128903 26.891010 1.000000 1.000000 1.000000 0.000000
48 0.000000 0.000000 0.000000
49 1 11.727283 44.652772 44.920143 1.000000 1.000000 1.000000 0.000000
49 0.000000 0.000000 0.000000
50 1 96.317265 65.894894 10.443248 1.000000 1.000000 1.000000 0.000000
50 0.000000 0.000000 0.000000
51 1 24.922458 26.436819 104.124015 1.000000 1.000000 1.000000 0.000000
51 0.000000 0.000000 0.000000
52 1 66.704902 77.413501 146.060851 1.000000 1.000000 1.000000 0.000000
52 0.000000 0.000000 0.000000
53 1 56.732117 74.097501 49.187137 1.000000 1.000000 1.000000 0.000000
53 0.000000 0.000000 0.000000
54 1 24.243687 41.658725 64.805377 1.000000 1.000000 1.000000 0.000000
54 0.000000 0.000000 0.000000
55 1 60.858852 86.312216 100.685909 1.000000 1.000000 1.000000 0.000000
55 0.000000 0.000000 0.000000
56 1 7.357084 53.962489 1.867791 1.000000 1.000000 1.000000 0.000000
56 0.000000 0.000000 0.000000
57 1 54.760026 72.740485 128.351649 1.000000 1.000000 1.000000 0.000000
57 0.000000 0.000000 0.000000
58 1 44.444098 43.780214 62.898244 1.000000 1.000000 1.000000 0.000000
58 0.000000 0.000000 0.000000
59 1 68.454588 96.893466 186.136861 1.000000 1.000000 1.000000 0.000000
59 0.000000 0.000000 0.000000
60 1 21.008807 38.962017 45.431875 1.000000 1.000000 1.000000 0.000000
60 0.000000 0.000000 0.000000
61 1 76.966942 76.986480 175.742136 1.000000 1.000000 1.000000 0.000000
61 0.000000 0.000000 0.000000
62 1 17.188624 31.676868 118.882188 1.000000 1.000000 1.000000 0.000000
62 0.000000 0.000000 0.000000
63 1 8.141497 77.597397 47.176516 1.000000 1.000000 1.000000 0.000000
63 0.000000 0.000000 0.000000
64 1 30.759289 89.606585 56.275721 1.000000 1.000000 1.000000 0.000000
64 0.000000 0.000000 0.000000
65 1 65.576046 89.085684 66.590347 1.000000 1.000000 1.000000 0.000000
65 0.000000 0.000000 0.000000
66 1 52.460208 68.984853 5.942931 1.000000 1.000000 1.000000 0.000000
66 0.000000 0.000000 0.000000
67 1 71.769340 49.774605 11.452616 1.000000 1.000000 1.000000 0.000000
67 0.000000 0.000000 0.000000
68 1 12.203809 33.884635 158.209908 1.000000 1.000000 1.000000 0.000000
68 0.000000 0.000000 0.000000
69 1 89.101041 70.241570 186.341553 1.000000 1.000000 1.000000 0.000000
69 0.000000 0.000000 0.000000
70 1 41.652177 69.819341 122.796663 1.000000 1.000000 1.000000 0.000000
70 0.000000 0.000000 0.000000
71 1 39.334809 84.353258 4.682613 1.000000 1.000000 1.000000 0.000000
71 0.000000 0.000000 0.000000
72 1 9.045988 86.613786 86.532212 1.000000 1.000000 1.000000 0.000000
72 0.000000 0.000000 0.000000
73 1 57.539283 72.021581 66.954306 1.000000 1.000000 1.000000 0.000000
73 0.000000 0.000000 0.000000
74 1 29.711341 1.549821 53.258932 1.000000 1.000000 1.000000 0.000000
74 0.000000 0.000000 0.000000
75 1 73.660125 59.827847 100.351673 1.000000 1.000000 1.000000 0.000000
75 0.000000 0.000000 0.000000
76 1 79.016810 43.827643 51.033756 1.000000 1.000000 1.000000 0.000000
76 0.000000 0.000000 0.000000
77 1 56.976059 47.502303 33.455350 1.000000 1.000000 1.000000 0.000000
77 0.000000 0.000000 0.000000
78 1 89.752345 27.683529 168.875502 1.000000 1.000000 1.000000 0.000000
78 0.000000 0.000000 0.000000
79 1 5.939547 88.670820 26.970646 1.000000 1.000000 1.000000 0.000000
79 0.000000 0.000000 0.000000
80 1 39.098229 71.139464 44.734522 1.000000 1.000000 1.000000 0.000000
80 0.000000 0.000000 0.000000
81 1 90.460508 23.505013 185.436152 1.000000 1.000000 1.000000 0.000000
81 0.000000 0.000000 0.000000
82 1 35.399572 24.787352 144.742666 1.000000 1.000000 1.000000 0.000000
82 0.000000 0.000000 0.000000
83 1 55.917328 93.477080 144.119218 1.000000 1.000000 1.000000 0.000000
83 0.000000 0.000000 0.000000
84 1 74.270162 19.987335 144.436903 1.000000 1.000000 1.000000 0.000000
84 0.000000 0.000000 0.000000
85 1 24.852308 49.165894 102.190987 1.000000 1.000000 1.000000 0.000000
85 0.000000 0.000000 0.000000
86 1 17.446480 12.053836 93.774838 1.000000 1.000000 1.000000 0.000000
86 0.000000 0.000000 0.000000
87 1 81.190951 31.335738 95.175960 1.000000 1.000000 1.000000 0.000000
87 0.000000 0.000000 0.000000
88 1 20.420456 94.886583 149.363390 1.000000 1.000000 1.000000 0.000000
88 0.000000 0.000000 0.000000
89 1 9.249658 50.901560 96.778710 1.000000 1.000000 1.000000 0.000000
89 0.000000 0.000000 0.000000
90 1 11.580488 78.751333 60.287863 1.000000 1.000000 1.000000 0.000000
90 0.000000 0.000000 0.000000
91 1 21.360371 16.168028 3.266069 1.000000 1.000000 1.000000 0.000000
91 0.000000 0.000000 0.000000
92 1 30.753496 70.222577 80.812300 1.000000 1.000000 1.000000 0.000000
92 0.000000 0.000000 0.000000
93 1 64.196101 48.560949 182.079256 1.000000 1.000000 1.000000 0.000000
93 0.000000 0.000000 0.000000
94 1 96.680945 18.029857 74.031319 1.000000 1.000000 1.000000 0.000000
94 0.000000 0.000000 0.000000
95 1 70.078585 25.487708 37.521103 1.000000 1.000000 1.000000 0.000000
95 0.000000 0.000000 0.000000
96 1 89.550718 97.958571 169.639606 1.000000 1.000000 1.000000 0.000000
96 0.000000 0.000000 0.000000
97 1 52.743218 68.495890 38.498371 1.000000 1.000000 1.000000 0.000000
97 0.000000 0.000000 0.000000
98 1 49.710856 41.598550 42.115000 1.000000 1.000000 1.000000 0.000000
98 0.000000 0.000000 0.000000
99 1 65.227430 93.146937 92.216952 1.000000 1.000000 1.000000 0.000000
99 0.000000 0.000000 0.000000
100 1 78.285193 10.122028 195.340695 1.000000 1.000000 1.000000 0.000000
100 0.000000 0.000000 0.000000
101 1 50.351078 78.094992 123.168707 1.000000 1.000000 1.000000 0.000000
101 0.000000 0.000000 0.000000
102 1 35.701827 9.151423 123.452988 1.000000 1.000000 1.000000 0.000000
102 0.000000 0.000000 0.000000
103 1 48.249428 38.582676 141.178216 1.000000 1.000000 1.000000 0.000000
103 0.000000 0.000000 0.000000
104 1 46.161181 67.272928 90.551822 1.000000 1.000000 1.000000 0.000000
104 0.000000 0.000000 0.000000
105 1 54.452469 44.448597 198.335683 1.000000 1.000000 1.000000 0.000000
105 0.000000 0.000000 0.000000
106 1 4.524698 33.377670 197.355333 1.000000 1.000000 1.000000 0.000000
106 0.000000 0.000000 0.000000
107 1 82.642442 77.515125 73.025843 1.000000 1.000000 1.000000 0.000000
107 0.000000 0.000000 0.000000
108 1 22.215346 42.230436 154.858238 1.000000 1.000000 1.000000 0.000000
108 0.000000 0.000000 0.000000
109 1 31.541387 70.688506 140.171750 1.000000 1.000000 1.000000 0.000000
109 0.000000 0.000000 0.000000
110 1 24.873385 36.682244 36.073624 1.000000 1.000000 1.000000 0.000000
110 0.000000 0.000000 0.000000
111 1 15.038237 78.367787 81.959945 1.000000 1.000000 1.000000 0.000000
111 0.000000 0.000000 0.000000
112 1 34.561232 81.350048 82.568588 1.000000 1.000000 1.000000 0.000000
112 0.000000 0.000000 0.000000
113 1 14.013690 67.632454 131.601768 1.000000 1.000000 1.000000 0.000000
113 0.000000 0.000000 0.000000
114 1 3.406787 2.701732 122.784479 1.000000 1.000000 1.000000 0.000000
114 0.000000 0.000000 0.000000
115 1 96.604240 69.422112 122.284552 1.000000 1.000000 1.000000 0.000000
115 0.000000 0.000000 0.000000
116 1 85.458057 73.335263 93.369039 1.000000 1.000000 1.000000 0.000000
116 0.000000 0.000000 0.000000
117 1 35.879263 49.319174 197.489041 1.000000 1.000000 1.000000 0.000000
117 0.000000 0.000000 0.000000
118 1 7.925825 22.187241 68.337430 1.000000 1.000000 1.000000 0.000000
118 0.000000 0.000000 0.000000
119 1 14.102568 28.373490 181.967012 1.000000 1.000000 1.000000 0.000000
119 0.000000 0.000000 0.000000
120 1 94.847380 70.282998 184.203770 1.000000 1.000000 1.000000 0.000000
120 0.000000 0.000000 0.000000
121 1 40.153088 8.762170 53.081884 1.000000 1.000000 1.000000 0.000000
121 0.000000 0.000000 0.000000
122 1 68.595499 24.042852 166.250557 1.000000 1.000000 1.000000 0.000000
122 0.000000 0.000000 0.000000
123 1 22.632401 72.467417 9.098319 1.000000 1.000000 1.000000 0.000000
123 0.000000 0.000000 0.000000
124 1 53.396337 0.254674 199.576477 1.000000 1.000000 1.000000 0.000000
124 0.000000 0.000000 0.000000
125 1 96.321635 40.701661 80.967671 1.000000 1.000000 1.000000 0.000000
125 0.000000 0.000000 0.000000
126 1 81.709561 66.289872 89.958455 1.000000 1.000000 1.000000 0.000000
126 0.000000 0.000000 0.000000
127 1 62.490353 51.285790 173.586116 1.000000 1.000000 1.000000 0.000000
127 0.000000 0.000000 0.000000
128 1 87.087183 51.704584 136.615247 1.000000 1.000000 1.000000 0.000000
128 0.000000 0.000000 0.000000
129 1 71.880620 35.483229 161.583179 1.000000 1.000000 1.000000 0.000000
129 0.000000 0.000000 0.000000
130 1 71.862978 78.662989 129.243796 1.000000 1.000000 1.000000 0.000000
130 0.000000 0.000000 0.000000
131 1 27.272243 38.662965 122.638309 1.000000 1.000000 1.000000 0.000000
131 0.000000 0.000000 0.000000
132 1 22.919676 43.349156 52.450849 1.000000 1.000000 1.000000 0.000000
132 0.000000 0.000000 0.000000
133 1 34.698514 3.559504 64.196288 1.000000 1.000000 1.000000 0.000000
133 0.000000 0.000000 0.000000
134 1 87.940789 64.006081 55.517380 1.000000 1.000000 1.000000 0.000000
134 0.000000 0.000000 0.000000
135 1 7.978635 3.689214 198.353161 1.000000 1.000000 1.000000 0.000000
135 0.000000 0.000000 0.000000
136 1 23.037597 62.011320 96.467034 1.000000 1.000000 1.000000 0.000000
136 0.000000 0.000000 0.000000
137 1 23.142380 81.160727 148.662508 1.000000 1.000000 1.000000 0.000000
137 0.000000 0.000000 0.000000
138 1 81.638223 77.682269 54.236514 1.000000 1.000000 1.000000 0.000000
138 0.000000 0.000000 0.000000
139 1 28.681052 19.568634 174.013890 1.000000 1.000000 1.000000 0.000000
139 0.000000 0.000000 0.000000
140 1 55.548194 76.063586 181.783056 1.000000 1.000000 1.000000 0.000000
140 0.000000 0.000000 0.000000
141 1 73.754764 80.923814 108.830686 1.000000 1.000000 1.000000 0.000000
141 0.000000 0.000000 0.000000
142 1 15.627550 91.557453 105.424849 1.000000 1.000000 1.000000 0.000000
142 0.000000 0.000000 0.000000
143 1 22.053554 29.159559 148.146293 1.000000 1.000000 1.000000 0.000000
143 0.000000 0.000000 0.000000
144 1 36.417058 55.513229 152.069165 1.000000 1.000000 1.000000 0.000000
144 0.000000 0.000000 0.000000
145 1 99.942926 29.214393 150.306088 1.000000 1.000000 1.000000 0.000000
145 0.000000 0.000000 0.000000
146 1 37.615539 37.038939 63.190211 1.000000 1.000000 1.000000 0.000000
146 0.000000 0.000000 0.000000
147 1 78.096544 40.070391 118.851988 1.000000 1.000000 1.000000 0.000000
147 0.000000 0.000000 0.000000
148 1 39.189977 89.547738 139.132267 1.000000 1.000000 1.000000 0.000000
148 0.000000 0.000000 0.000000
149 1 45.424122 42.493672 114.039360 1.000000 1.000000 1.000000 0.000000
149 0.000000 0.000000 0.000000
150 1 66.233618 20.732887 34.500072 1.000000 1.000000 1.000000 0.000000
150 0.000000 0.000000 0.000000
151 1 21.876066 47.628785 184.711050 1.000000 1.000000 1.000000 0.000000
151 0.000000 0.000000 0.000000
152 1 51.705969 86.834895 130.371744 1.000000 1.000000 1.000000 0.000000
152 0.000000 0.000000 0.000000
153 1 58.602382 61.638386 177.144703 1.000000 1.000000 1.000000 0.000000
153 0.000000 0.000000 0.000000
154 1 13.200291 62.059974 102.167383 1.000000 1.000000 1.000000 0.000000
154 0.000000 0.000000 0.000000
155 1 90.057919 45.822337 12.970325 1.000000 1.000000 1.000000 0.000000
155 0.000000 0.000000 0.000000
156 1 14.131826 41.708484 81.451482 1.000000 1.000000 1.000000 0.000000
156 0.000000 0.000000 0.000000
157 1 55.933418 50.227647 146.219706 1.000000 1.000000 1.000000 0.000000
157 0.000000 0.000000 0.000000
158 1 14.247554 52.399703 165.026569 1.000000 1.000000 1.000000 0.000000
158 0.000000 0.000000 0.000000
159 1 93.615238 38.090438 195.364057 1.000000 1.000000 1.000000 0.000000
159 0.000000 0.000000 0.000000
160 1 1.958304 66.763375 13.852254 1.000000 1.000000 1.000000 0.000000
160 0.000000 0.000000 0.000000
161 1 98.981111 75.597201 114.125742 1.000000 1.000000 1.000000 0.000000
161 0.000000 0.000000 0.000000
162 1 98.755140 87.379265 137.732423 1.000000 1.000000 1.000000 0.000000
162 0.000000 0.000000 0.000000
163 1 8.217270 12.982333 190.399252 1.000000 1.000000 1.000000 0.000000
163 0.000000 0.000000 0.000000
164 1 5.124945 14.132695 155.172058 1.000000 1.000000 1.000000 0.000000
164 0.000000 0.000000 0.000000
165 1 10.763665 54.939080 171.465304 1.000000 1.000000 1.000000 0.000000
165 0.000000 0.000000 0.000000
166 1 80.196680 93.854061 72.978262 1.000000 1.000000 1.000000 0.000000
166 0.000000 0.000000 0.000000
167 1 54.498055 48.691369 17.084510 1.000000 1.000000 1.000000 0.000000
167 0.000000 0.000000 0.000000
168 1 72.615655 1.620539 166.506286 1.000000 1.000000 1.000000 0.000000
168 0.000000 0.000000 0.000000
169 1 52.840753 18.367749 43.142914 1.000000 1.000000 1.000000 0.000000
169 0.000000 0.000000 0.000000
170 1 59.452837 51.885244 140.237875 1.000000 1.000000 1.000000 0.000000
170 0.000000 0.000000 0.000000
171 1 80.224024 98.910253 149.806265 1.000000 1.000000 1.000000 0.000000
171 0.000000 0.000000 0.000000
172 1 12.968114 47.494005 102.836305 1.000000 1.000000 1.000000 0.000000
172 0.000000 0.000000 0.000000
173 1 59.454997 46.726164 101.332288 1.000000 1.000000 1.000000 0.000000
173 0.000000 0.000000 0.000000
174 1 67.605303 74.941447 173.422040 1.000000 1.000000 1.000000 0.000000
174 0.000000 0.000000 0.000000
175 1 31.992102 49.195353 162.144993 1.000000 1.000000 1.000000 0.000000
175 0.000000 0.000000 0.000000
176 1 50.833929 35.307233 83.157029 1.000000 1.000000 1.000000 0.000000
176 0.000000 0.000000 0.000000
177 1 88.526248 52.768033 104.886246 1.000000 1.000000 1.000000 0.000000
177 0.000000 0.000000 0.000000
178 1 28.333868 96.698604 1.453624 1.000000 1.000000 1.000000 0.000000
178 0.000000 0.000000 0.000000
179 1 65.584958 63.866293 120.629893 1.000000 1.000000 1.000000 0.000000
179 0.000000 0.000000 0.000000
180 1 24.755443 27.225728 24.689661 1.000000 1.000000 1.000000 0.000000
180 0.000000 0.000000 0.000000
181 1 25.471527 31.644414 181.118165 1.000000 1.000000 1.000000 0.000000
181 0.000000 0.000000 0.000000
182 1 55.286265 58.236451 66.465370 1.000000 1.000000 1.000000 0.000000
182 0.000000 0.000000 0.000000
183 1 35.419830 11.327849 159.367878 1.000000 1.000000 1.000000 0.000000
183 0.000000 0.000000 0.000000
184 1 95.140647 79.905826 66.841832 1.000000 1.000000 1.000000 0.000000
184 0.000000 0.000000 0.000000
185 1 44.570012 20.997685 159.415461 1.000000 1.000000 1.000000 0.000000
185 0.000000 0.000000 0.000000
186 1 5.056701 47.702569 47.243789 1.000000 1.000000 1.000000 0.000000
186 0.000000 0.000000 0.000000
187 1 14.599979 46.855045 42.991010 1.000000 1.000000 1.000000 0.000000
187 0.000000 0.000000 0.000000
188 1 30.744095 90.141338 166.895502 1.000000 1.000000 1.000000 0.000000
188 0.000000 0.000000 0.000000
189 1 89.250027 90.236626 85.753003 1.000000 1.000000 1.000000 0.000000
189 0.000000 0.000000 0.000000
190 1 91.761577 84.125835 80.407204 1.000000 1.000000 1.000000 0.000000
190 0.000000 0.000000 0.000000
191 1 75.939689 77.684410 93.169915 1.000000 1.000000 1.000000 0.000000
191 0.000000 0.000000 0.000000
192 1 12.908398 77.041532 7.618850 1.000000 1.000000 1.000000 0.000000
192 0.000000 0.000000 0.000000
193 1 24.107059 66.651132 4.627313 1.000000 1.000000 1.000000 0.000000
193 0.000000 0.000000 0.000000
194 1 97.708629 30.214493 192.648559 1.000000 1.000000 1.000000 0.000000
194 0.000000 0.000000 0.000000
195 1 22.925144 16.400622 1.164889 1.000000 1.000000 1.000000 0.000000
195 0.000000 0.000000 0.000000
196 1 36.524008 63.915473 139.916805 1.000000 1.000000 1.000000 0.000000
196 0.000000 0.000000 0.000000
197 1 65.444614 32.947594 151.913393 1.000000 1.000000 1.000000 0.000000
197 0.000000 0.000000 0.000000
198 1 94.877177 76.282228 31.606466 1.000000 1.000000 1.000000 0.000000
198 0.000000 0.000000 0.000000
199 1 30.699114 33.040544 150.434545 1.000000 1.000000 1.000000 0.000000
199 0.000000 0.000000 0.000000
200 1 5.536792 43.655907 153.856156 1.000000 1.000000 1.000000 0.000000
200 0.000000 0.000000 0.000000
201 1 6.863049 58.494884 139.747391 1.000000 1.000000 1.000000 0.000000
201 0.000000 0.000000 0.000000
202 1 94.235552 39.444120 178.987166 1.000000 1.000000 1.000000 0.000000
202 0.000000 0.000000 0.000000
203 1 52.447505 94.410753 36.113925 1.000000 1.000000 1.000000 0.000000
203 0.000000 0.000000 0.000000
204 1 8.504855 81.676486 126.265174 1.000000 1.000000 1.000000 0.000000
204 0.000000 0.000000 0.000000
205 1 32.010676 27.355641 41.184715 1.000000 1.000000 1.000000 0.000000
205 0.000000 0.000000 0.000000
206 1 44.064046 0.097233 187.131180 1.000000 1.000000 1.000000 0.000000
206 0.000000 0.000000 0.000000
207 1 51.950777 86.769508 157.295320 1.000000 1.000000 1.000000 0.000000
207 0.000000 0.000000 0.000000
208 1 2.673184 97.828310 104.217891 1.000000 1.000000 1.000000 0.000000
208 0.000000 0.000000 0.000000
209 1 46.452504 50.771845 138.832641 1.000000 1.000000 1.000000 0.000000
209 0.000000 0.000000 0.000000
210 1 97.489358 33.524688 13.216778 1.000000 1.000000 1.000000 0.000000
210 0.000000 0.000000 0.000000
211 1 51.558270 83.378900 59.489884 1.000000 1.000000 1.000000 0.000000
211 0.000000 0.000000 0.000000
212 1 91.436326 94.083997 107.677100 1.000000 1.000000 1.000000 0.000000
212 0.000000 0.000000 0.000000
213 1 34.297410 26.121743 123.274111 1.000000 1.000000 1.000000 0.000000
213 0.000000 0.000000 0.000000
214 1 99.341165 42.502600 44.077145 1.000000 1.000000 1.000000 0.000000
214 0.000000 0.000000 0.000000
215 1 43.542687 41.425041 32.310841 1.000000 1.000000 1.000000 0.000000
215 0.000000 0.000000 0.000000
216 1 84.996130 36.057132 105.112453 1.000000 1.000000 1.000000 0.000000
216 0.000000 0.000000 0.000000
217 1 39.484053 26.900646 163.009258 1.000000 1.000000 1.000000 0.000000
217 0.000000 0.000000 0.000000
218 1 29.428206 61.847599 155.685997 1.000000 1.000000 1.000000 0.000000
218 0.000000 0.000000 0.000000
219 1 81.630515 72.990655 57.061214 1.000000 1.000000 1.000000 0.000000
219 0.000000 0.000000 0.000000
220 1 59.836242 64.258436 54.236523 1.000000 1.000000 1.000000 0.000000
220 0.000000 0.000000 0.000000
221 1 34.756744 37.606086 186.436960 1.000000 1.000000 1.000000 0.000000
221 0.000000 0.000000 0.000000
222 1 32.889254 15.935713 76.136627 1.000000 1.000000 1.000000 0.000000
222 0.000000 0.000000 0.000000
223 1 2.051382 88.217075 144.619544 1.000000 1.000000 1.000000 0.000000
223 0.000000 0.000000 0.000000
224 1 46.631273 21.535922 180.329582 1.000000 1.000000 1.000000 0.000000
224 0.000000 0.000000 0.000000
225 1 35.042888 14.339705 72.873473 1.000000 1.000000 1.000000 0.000000
225 0.000000 0.000000 0.000000
226 1 18.246540 55.450823 54.540453 1.000000 1.000000 1.000000 0.000000
226 0.000000 0.000000 0.000000
227 1 30.175682 90.094613 197.363153 1.000000 1.000000 1.000000 0.000000
227 0.000000 0.000000 0.000000
228 1 84.103263 87.306815 27.566513 1.000000 1.000000 1.000000 0.000000
228 0.000000 0.000000 0.000000
229 1 41.808416 89.436008 29.356412 1.000000 1.000000 1.000000 0.000000
229 0.000000 0.000000 0.000000
230 1 27.415633 26.811029 16.082801 1.000000 1.000000 1.000000 0.000000
230 0.000000 0.000000 0.000000
231 1 98.255761 80.855418 19.302457 1.000000 1.000000 1.000000 0.000000
231 0.000000 0.000000 0.000000
232 1 98.468765 42.405346 108.627492 1.000000 1.000000 1.000000 0.000000
232 0.000000 0.000000 0.000000
233 1 12.947648 86.933781 39.536651 1.000000 1.000000 1.000000 0.000000
233 0.000000 0.000000 0.000000
234 1 12.835101 72.684175 137.051307 1.000000 1.000000 1.000000 0.000000
234 0.000000 0.000000 0.000000
235 1 3.586405 96.584460 5.861643 1.000000 1.000000 1.000000 0.000000
235 0.000000 0.000000 0.000000
236 1 72.356124 15.322365 166.379045 1.000000 1.000000 1.000000 0.000000
236 0.000000 0.000000 0.000000
237 1 15.300227 59.297123 52.392534 1.000000 1.000000 1.000000 0.000000
237 0.000000 0.000000 0.000000
238 1 83.948761 48.040094 123.719055 1.000000 1.000000 1.000000 0.000000
238 0.000000 0.000000 0.000000
239 1 29.729053 59.165488 157.704767 1.000000 1.000000 1.000000 0.000000
239 0.000000 0.000000 0.000000
240 1 53.741059 54.662985 48.910258 1.000000 1.000000 1.000000 0.000000
240 0.000000 0.000000 0.000000
241 1 2.837555 34.810921 52.143038 1.000000 1.000000 1.000000 0.000000
241 0.000000 0.000000 0.000000
242 1 17.411582 77.555695 54.016969 1.000000 1.000000 1.000000 0.000000
242 0.000000 0.000000 0.000000
243 1 94.474237 76.204962 109.713649 1.000000 1.000000 1.000000 0.000000
243 0.000000 0.000000 0.000000
244 1 99.759901 50.585670 48.091759 1.000000 1.000000 1.000000 0.000000
244 0.000000 0.000000 0.000000
245 1 83.129517 94.930132 15.013783 1.000000 1.000000 1.000000 0.000000
245 0.000000 0.000000 0.000000
246 1 44.417940 30.865074 107.527214 1.000000 1.000000 1.000000 0.000000
246 0.000000 0.000000 0.000000
247 1 14.085700 27.588021 74.227127 1.000000 1.000000 1.000000 0.000000
247 0.000000 0.000000 0.000000
248 1 61.537960 46.621141 69.425375 1.000000 1.000000 1.000000 0.000000
248 0.000000 0.000000 0.000000
249 1 88.984694 94.474236 31.628203 1.000000 1.000000 1.000000 0.000000
249 0.000000 0.000000 0.000000
250 1 14.663840 97.240992 84.065864 1.000000 1.000000 1.000000 0.000000
250 0.000000 0.000000 0.000000
251 1 58.037683 17.203469 109.598403 1.000000 1.000000 1.000000 0.000000
251 0.000000 0.000000 0.000000
252 1 13.605923 41.730868 68.933411 1.000000 1.000000 1.000000 0.000000
252 0.000000 0.000000 0.000000
253 1 80.053148 75.422647 30.476607 1.000000 1.000000 1.000000 0.000000
253 0.000000 0.000000 0.000000
254 1 75.863707 70.641076 151.014495 1.000000 1.000000 1.000000 0.000000
254 0.000000 0.000000 0.000000
255 1 85.122203 22.252793 43.205773 1.000000 1.000000 1.000000 0.000000
255 0.000000 0.000000 0.000000
256 1 73.271102 34.047442 177.446993 1.000000 1.000000 1.000000 0.000000
256 0.000000 0.000000 0.000000
257 1 49.292545 63.893708 23.608847 1.000000 1.000000 1.000000 0.000000
257 0.000000 0.000000 0.000000
258 1 43.753685 85.412935 114.074120 1.000000 1.000000 1.000000 0.000000
258 0.000000 0.000000 0.000000
259 1 47.367677 92.094684 111.031508 1.000000 1.000000 1.000000 0.000000
259 0.000000 0.000000 0.000000
260 1 11.905669 53.733899 164.504148 1.000000 1.000000 1.000000 0.000000
260 0.000000 0.000000 0.000000
261 1 93.699259 63.913807 181.387688 1.000000 1.000000 1.000000 0.000000
261 0.000000 0.000000 0.000000
262 1 43.475637 43.394505 115.827783 1.000000 1.000000 1.000000 0.000000
262 0.000000 0.000000 0.000000
263 1 50.419135 59.526104 181.711952 1.000000 1.000000 1.000000 0.000000
263 0.000000 0.000000 0.000000
264 1 72.164674 40.117060 39.787355 1.000000 1.000000 1.000000 0.000000
264 0.000000 0.000000 0.000000
265 1 63.671492 42.450885 53.015914 1.000000 1.000000 1.000000 0.000000
265 0.000000 0.000000 0.000000
266 1 98.254671 93.530893 134.510380 1.000000 1.000000 1.000000 0.000000
266 0.000000 0.000000 0.000000
267 1 81.939827 50.955688 160.289147 1.000000 1.000000 1.000000 0.000000
267 0.000000 0.000000 0.000000
268 1 16.584470 68.059263 180.045494 1.000000 1.000000 1.000000 0.000000
268 0.000000 0.000000 0.000000
269 1 62.752432 46.301528 124.336595 1.000000 1.000000 1.000000 0.000000
269 0.000000 0.000000 0.000000
270 1 41.796363 12.754993 42.012215 1.000000 1.000000 1.000000 0.000000
270 0.000000 0.000000 0.000000
271 1 10.416724 19.299604 175.855910 1.000000 1.000000 1.000000 0.000000
271 0.000000 0.000000 0.000000
272 1 38.547023 17.480326 47.405721 1.000000 1.000000 1.000000 0.000000
272 0.000000 0.000000 0.000000
273 1 36.735035 9.494605 7.952546 1.000000 1.000000 1.000000 0.000000
273 0.000000 0.000000 0.000000
274 1 0.227340 88.291049 51.209620 1.000000 1.000000 1.000000 0.000000
274 0.000000 0.000000 0.000000
275 1 12.845734 17.919193 63.108288 1.000000 1.000000 1.000000 0.000000
275 0.000000 0.000000 0.000000
276 1 44.241036 74.305018 83.229873 1.000000 1.000000 1.000000 0.000000
276 0.000000 0.000000 0.000000
277 1 73.084081 71.618023 161.700492 1.000000 1.000000 1.000000 0.000000
277 0.000000 0.000000 0.000000
278 1 62.966040 95.126408 104.671805 1.000000 1.000000 1.000000 0.000000
278 0.000000 0.000000 0.000000
279 1 2.556330 76.131346 72.966034 1.000000 1.000000 1.000000 0.000000
279 0.000000 0.000000 0.000000
280 1 4.457379 93.533636 131.876444 1.000000 1.000000 1.000000 0.000000
280 0.000000 0.000000 0.000000
281 1 93.925087 34.489644 142.129295 1.000000 1.000000 1.000000 0.000000
281 0.000000 0.000000 0.000000
282 1 99.013833 2.111212 46.822248 1.000000 1.000000 1.000000 0.000000
282 0.000000 0.000000 0.000000
283 1 73.029662 19.618103 70.071408 1.000000 1.000000 1.000000 0.000000
283 0.000000 0.000000 0.000000
284 1 98.845964 21.269037 197.220231 1.000000 1.000000 1.000000 0.000000
284 0.000000 0.000000 0.000000
285 1 90.222646 80.504041 76.183657 1.000000 1.000000 1.000000 0.000000
285 0.000000 0.000000 0.000000
286 1 57.222359 63.381890 50.794564 1.000000 1.000000 1.000000 0.000000
286 0.000000 0.000000 0.000000
287 1 43.127179 59.747679 38.124428 1.000000 1.000000 1.000000 0.000000
287 0.000000 0.000000 0.000000
288 1 56.855312 49.542027 100.775069 1.000000 1.000000 1.000000 0.000000
288 0.000000 0.000000 0.000000
289 1 26.763468 45.243568 103.127975 1.000000 1.000000 1.000000 0.000000
289 0.000000 0.000000 0.000000
290 1 58.924589 99.043563 88.584091 1.000000 1.000000 1.000000 0.000000
290 0.000000 0.000000 0.000000
291 1 67.670428 41.587987 66.603488 1.000000 1.000000 1.000000 0.000000
291 0.000000 0.000000 0.000000
292 1 62.109518 55.629779 94.430039 1.000000 1.000000 1.000000 0.000000
292 0.000000 0.000000 0.000000
293 1 81.444299 17.583759 93.799484 1.000000 1.000000 1.000000 0.000000
293 0.000000 0.000000 0.000000
294 1 29.599848 41.575863 134.842960 1.000000 1.000000 1.000000 0.000000
294 0.000000 0.000000 0.000000
295 1 6.296026 93.647204 87.813505 1.000000 1.000000 1.000000 0.000000
295 0.000000 0.000000 0.000000
296 1 48.493924 53.259658 62.813457 1.000000 1.000000 1.000000 0.000000
296 0.000000 0.000000 0.000000
297 1 83.042592 94.854857 166.446982 1.000000 1.000000 1.000000 0.000000
297 0.000000 0.000000 0.000000
298 1 73.872260 3.372329 100.319354 1.000000 1.000000 1.000000 0.000000
298 0.000000 0.000000 0.000000
299 1 47.941682 38.849526 6.920365 1.000000 1.000000 1.000000 0.000000
299 0.000000 0.000000 0.000000
300 1 65.480866 63.615710 42.868144 1.000000 1.000000 1.000000 0.000000
300 0.000000 0.000000 0.000000
301 1 62.654548 34.987575 54.966076 1.000000 1.000000 1.000000 0.000000
301 0.000000 0.000000 0.000000
302 1 69.940242 1.635136 7.622714 1.000000 1.000000 1.000000 0.000000
302 0.000000 0.000000 0.000000
303 1 49.559874 80.711519 14.797140 1.000000 1.000000 1.000000 0.000000
303 0.000000 0.000000 0.000000
304 1 5.709484 17.609361 44.910985 1.000000 1.000000 1.000000 0.000000
304 0.000000 0.000000 0.000000
305 1 56.621553 90.341174 93.262827 1.000000 1.000000 1.000000 0.000000
305 0.000000 0.000000 0.000000
306 1 53.241626 69.160472 81.375410 1.000000 1.000000 1.000000 0.000000
306 0.000000 0.000000 0.000000
307 1 26.727246 55.377903 129.420988 1.000000 1.000000 1.000000 0.000000
307 0.000000 0.000000 0.000000
308 1 39.117609 89.415882 149.521877 1.000000 1.000000 1.000000 0.000000
308 0.000000 0.000000 0.000000
309 1 30.735533 88.001170 0.808908 1.000000 1.000000 1.000000 0.000000
309 0.000000 0.000000 0.000000
310 1 48.647509 3.866430 134.184055 1.000000 1.000000 1.000000 0.000000
310 0.000000 0.000000 0.000000
311 1 93.654790 55.714135 167.355056 1.000000 1.000000 1.000000 0.000000
311 0.000000 0.000000 0.000000
312 1 6.224398 20.140127 66.484778 1.000000 1.000000 1.000000 0.000000
312 0.000000 0.000000 0.000000
313 1 35.979977 4.407980 149.363881 1.000000 1.000000 1.000000 0.000000
313 0.000000 0.000000 0.000000
314 1 45.534853 74.682509 23.746340 1.000000 1.000000 1.000000 0.000000
314 0.000000 0.000000 0.000000
315 1 68.423089 31.444976 82.428826 1.000000 1.000000 1.000000 0.000000
315 0.000000 0.000000 0.000000
316 1 39.568865 78.403305 170.067530 1.000000 1.000000 1.000000 0.000000
316 0.000000 0.000000 0.000000
317 1 65.926185 52.645684 186.953189 1.000000 1.000000 1.000000 0.000000
317 0.000000 0.000000 0.000000
318 1 94.772907 39.789543 159.131767 1.000000 1.000000 1.000000 0.000000
318 0.000000 0.000000 0.000000
319 1 90.343365 20.995459 128.909370 1.000000 1.000000 1.000000 0.000000
319 0.000000 0.000000 0.000000
320 1 40.988257 32.562510 104.183982 1.000000 1.000000 1.000000 0.000000
320 0.000000 0.000000 0.000000
321 1 16.838372 21.947328 143.008438 1.000000 1.000000 1.000000 0.000000
321 0.000000 0.000000 0.000000
322 1 44.614440 93.815602 186.156933 1.000000 1.000000 1.000000 0.000000
322 0.000000 0.000000 0.000000
323 1 91.068898 36.941980 136.023632 1.000000 1.000000 1.000000 0.000000
323 0.000000 0.000000 0.000000
324 1 82.558658 81.195261 65.770851 1.000000 1.000000 1.000000 0.000000
324 0.000000 0.000000 0.000000
325 1 15.004772 40.869412 72.595654 1.000000 1.000000 1.000000 0.000000
325 0.000000 0.000000 0.000000
326 1 31.521914 64.889366 58.374273 1.000000 1.000000 1.000000 0.000000
326 0.000000 0.000000 0.000000
327 1 96.330277 78.077904 172.535086 1.000000 1.000000 1.000000 0.000000
327 0.000000 0.000000 0.000000
328 1 2.816876 85.314108 122.867964 1.000000 1.000000 1.000000 0.000000
328 0.000000 0.000000 0.000000
329 1 19.874231 22.533467 89.937656 1.000000 1.000000 1.000000 0.000000
329 0.000000 0.000000 0.000000
330 1 68.802492 4.537154 51.327042 1.000000 1.000000 1.000000 0.000000
330 0.000000 0.000000 0.000000
331 1 62.187192 2.462504 65.073032 1.000000 1.000000 1.000000 0.000000
331 0.000000 0.000000 0.000000
332 1 81.469012 40.388883 185.232821 1.000000 1.000000 1.000000 0.000000
332 0.000000 0.000000 0.000000
333 1 8.716759 18.738444 5.524907 1.000000 1.000000 1.000000 0.000000
333 0.000000 0.000000 0.000000
334 1 11.314495 42.729873 100.234813 1.000000 1.000000 1.000000 0.000000
334 0.000000 0.000000 0.000000
335 1 87.292205 42.132922 35.002223 1.000000 1.000000 1.000000 0.000000
335 0.000000 0.000000 0.000000
336 1 79.958889 76.441073 44.741472 1.000000 1.000000 1.000000 0.000000
336 0.000000 0.000000 0.000000
337 1 16.681881 39.978754 94.654637 1.000000 1.000000 1.000000 0.000000
337 0.000000 0.000000 0.000000
338 1 71.673205 36.507669 131.900706 1.000000 1.000000 1.000000 0.000000
338 0.000000 0.000000 0.000000
339 1 67.760586 14.229185 33.071607 1.000000 1.000000 1.000000 0.000000
339 0.000000 0.000000 0.000000
340 1 65.774970 35.021245 163.755102 1.000000 1.000000 1.000000 0.000000
340 0.000000 0.000000 0.000000
341 1 8.197670 2.275509 23.675996 1.000000 1.000000 1.000000 0.000000
341 0.000000 0.000000 0.000000
342 1 0.704975 54.470486 36.275666 1.000000 1.000000 1.000000 0.000000
342 0.000000 0.000000 0.000000
343 1 20.311964 23.449893 100.939200 1.000000 1.000000 1.000000 0.000000
343 0.000000 0.000000 0.000000
344 1 14.728325 6.139661 195.986926 1.000000 1.000000 1.000000 0.000000
344 0.000000 0.000000 0.000000
345 1 55.071029 39.540432 162.168459 1.000000 1.000000 1.000000 0.000000
345 0.000000 0.000000 0.000000
346 1 47.074822 53.788639 51.100040 1.000000 1.000000 1.000000 0.000000
346 0.000000 0.000000 0.000000
347 1 45.427844 91.826264 1.389022 1.000000 1.000000 1.000000 0.000000
347 0.000000 0.000000 0.000000
348 1 1.516816 15.818897 101.531995 1.000000 1.000000 1.000000 0.000000
348 0.000000 0.000000 0.000000
349 1 62.659589 37.457900 162.195784 1.000000 1.000000 1.000000 0.000000
349 0.000000 0.000000 0.000000
350 1 27.778941 19.268787 77.517679 1.000000 1.000000 1.000000 0.000000
350 0.000000 0.000000 0.000000
351 1 48.343658 29.343490 5.316430 1.000000 1.000000 1.000000 0.000000
351 0.000000 0.000000 0.000000
352 1 33.620929 74.642950 159.943512 1.000000 1.000000 1.000000 0.000000
352 0.000000 0.000000 0.000000
353 1 71.313345 51.443356 134.491735 1.000000 1.000000 1.000000 0.000000
353 0.000000 0.000000 0.000000
354 1 62.646845 91.628211 61.953423 1.000000 1.000000 1.000000 0.000000
354 0.000000 0.000000 0.000000
355 1 67.359917 82.852894 88.318858 1.000000 1.000000 1.000000 0.000000
355 0.000000 0.000000 0.000000
356 1 70.416344 92.804560 145.465060 1.000000 1.000000 1.000000 0.000000
356 0.000000 0.000000 0.000000
357 1 33.664733 3.391488 51.637687 1.000000 1.000000 1.000000 0.000000
357 0.000000 0.000000 0.000000
358 1 56.815928 41.599665 135.697562 1.000000 1.000000 1.000000 0.000000
358 0.000000 0.000000 0.000000
359 1 97.820430 30.904418 127.296635 1.000000 1.000000 1.000000 0.000000
359 0.000000 0.000000 0.000000
360 1 77.736296 1.546513 4.658732 1.000000 1.000000 1.000000 0.000000
360 0.000000 0.000000 0.000000
361 1 81.762934 97.668261 111.440701 1.000000 1.000000 1.000000 0.000000
361 0.000000 0.000000 0.000000
362 1 18.718896 2.828619 159.107835 1.000000 1.000000 1.000000 0.000000
362 0.000000 0.000000 0.000000
363 1 21.196056 29.931651 35.980590 1.000000 1.000000 1.000000 0.000000
363 0.000000 0.000000 0.000000
364 1 5.698029 5.657524 128.989638 1.000000 1.000000 1.000000 0.000000
364 0.000000 0.000000 0.000000
365 1 59.455309 72.974425 16.558728 1.000000 1.000000 1.000000 0.000000
365 0.000000 0.000000 0.000000
366 1 96.328444 14.794881 150.079912 1.000000 1.000000 1.000000 0.000000
366 0.000000 0.000000 0.000000
367 1 58.125430 37.247194 55.907380 1.000000 1.000000 1.000000 0.000000
367 0.000000 0.000000 0.000000
368 1 55.391948 90.711114 127.704211 1.000000 1.000000 1.000000 0.000000
368 0.000000 0.000000 0.000000
369 1 91.227553 22.055046 179.224455 1.000000 1.000000 1.000000 0.000000
369 0.000000 0.000000 0.000000
370 1 25.276674 38.919753 129.691866 1.000000 1.000000 1.000000 0.000000
370 0.000000 0.000000 0.000000
371 1 19.012076 57.727231 132.318392 1.000000 1.000000 1.000000 0.000000
371 0.000000 0.000000 0.000000
372 1 26.733109 92.403023 134.532191 1.000000 1.000000 1.000000 0.000000
372 0.000000 0.000000 0.000000
373 1 33.482219 96.287163 113.933909 1.000000 1.000000 1.000000 0.000000
373 0.000000 0.000000 0.000000
374 1 22.088528 7.485641 17.167627 1.000000 1.000000 1.000000 0.000000
374 0.000000 0.000000 0.000000
375 1 98.605027 52.073772 154.677051 1.000000 1.000000 1.000000 0.000000
375 0.000000 0.000000 0.000000
376 1 72.058457 12.552604 155.598786 1.000000 1.000000 1.000000 0.000000
376 0.000000 0.000000 0.000000
377 1 18.765723 48.636676 98.840831 1.000000 1.000000 1.000000 0.000000
377 0.000000 0.000000 0.000000
378 1 9.561158 91.435363 58.382953 1.000000 1.000000 1.000000 0.000000
378 0.000000 0.000000 0.000000
379 1 73.254676 98.382791 74.744057 1.000000 1.000000 1.000000 0.000000
379 0.000000 0.000000 0.000000
380 1 77.407662 74.694223 48.937947 1.000000 1.000000 1.000000 0.000000
380 0.000000 0.000000 0.000000
381 1 2.230962 18.493170 86.099147 1.000000 1.000000 1.000000 0.000000
381 0.000000 0.000000 0.000000
382 1 51.399027 73.777406 162.838808 1.000000 1.000000 1.000000 0.000000
382 0.000000 0.000000 0.000000
383 1 7.695322 32.595203 161.903263 1.000000 1.000000 1.000000 0.000000
383 0.000000 0.000000 0.000000
384 1 23.871116 74.736895 108.877405 1.000000 1.000000 1.000000 0.000000
384 0.000000 0.000000 0.000000
385 1 4.166806 97.983261 137.733040 1.000000 1.000000 1.000000 0.000000
385 0.000000 0.000000 0.000000
386 1 22.185618 28.855146 50.330597 1.000000 1.000000 1.000000 0.000000
386 0.000000 0.000000 0.000000
387 1 10.920574 83.490427 194.420538 1.000000 1.000000 1.000000 0.000000
387 0.000000 0.000000 0.000000
388 1 61.145429 68.394009 191.270413 1.000000 1.000000 1.000000 0.000000
388 0.000000 0.000000 0.000000
389 1 3.298334 70.369591 186.911964 1.000000 1.000000 1.000000 0.000000
389 0.000000 0.000000 0.000000
390 1 41.816762 93.607259 33.501012 1.000000 1.000000 1.000000 0.000000
390 0.000000 0.000000 0.000000
391 1 36.539988 71.998432 60.802015 1.000000 1.000000 1.000000 0.000000
391 0.000000 0.000000 0.000000
392 1 43.846842 92.514131 81.565546 1.000000 1.000000 1.000000 0.000000
392 0.000000 0.000000 0.000000
393 1 90.511884 96.229614 110.063565 1.000000 1.000000 1.000000 0.000000
393 0.000000 0.000000 0.000000
394 1 35.532186 77.108690 159.863195 1.000000 1.000000 1.000000 0.000000
394 0.000000 0.000000 0.000000
395 1 54.215954 62.416394 1.603498 1.000000 1.000000 1.000000 0.000000
395 0.000000 0.000000 0.000000
396 1 31.382094 36.901392 25.372822 1.000000 1.000000 1.000000 0.000000
396 0.000000 0.000000 0.000000
397 1 47.630649 59.277685 73.858621 1.000000 1.000000 1.000000 0.000000
397 0.000000 0.000000 0.000000
398 1 57.954423 5.100113 27.085520 1.000000 1.000000 1.000000 0.000000
398 0.000000 0.000000 0.000000
399 1 61.365807 68.346304 30.935228 1.000000 1.000000 1.000000 0.000000
399 0.000000 0.000000 0.000000
400 1 37.274768 54.613877 17.968299 1.000000 1.000000 1.000000 0.000000
400 0.000000 0.000000 0.000000
401 1 76.921042 24.928615 56.172774 1.000000 1.000000 1.000000 0.000000
401 0.000000 0.000000 0.000000
402 1 67.341860 60.403539 169.776126 1.000000 1.000000 1.000000 0.000000
402 0.000000 0.000000 0.000000
403 1 39.751046 73.877058 135.605335 1.000000 1.000000 1.000000 0.000000
403 0.000000 0.000000 0.000000
404 1 11.915666 16.182927 82.827693 1.000000 1.000000 1.000000 0.000000
404 0.000000 0.000000 0.000000
405 1 76.668702 48.170567 40.919464 1.000000 1.000000 1.000000 0.000000
405 0.000000 0.000000 0.000000
406 1 14.836965 57.931998 126.940074 1.000000 1.000000 1.000000 0.000000
406 0.000000 0.000000 0.000000
407 1 79.974687 97.615645 6.113395 1.000000 1.000000 1.000000 0.000000
407 0.000000 0.000000 0.000000
408 1 94.111162 47.178162 67.897091 1.000000 1.000000 1.000000 0.000000
408 0.000000 0.000000 0.000000
409 1 39.374458 98.961414 144.347147 1.000000 1.000000 1.000000 0.000000
409 0.000000 0.000000 0.000000
410 1 17.303962 26.012109 125.042745 1.000000 1.000000 1.000000 0.000000
410 0.000000 0.000000 0.000000
411 1 46.576383 38.925809 63.444494 1.000000 1.000000 1.000000 0.000000
411 0.000000 0.000000 0.000000
412 1 81.294487 98.391339 137.954269 1.000000 1.000000 1.000000 0.000000
412 0.000000 0.000000 0.000000
413 1 78.981410 95.586992 27.590488 1.000000 1.000000 1.000000 0.000000
413 0.000000 0.000000 0.000000
414 1 1.768648 98.560171 66.078571 1.000000 1.000000 1.000000 0.000000
414 0.000000 0.000000 0.000000
415 1 87.442443 87.640092 71.650042 1.000000 1.000000 1.000000 0.000000
415 0.000000 0.000000 0.000000
416 1 30.920511 7.489627 192.462595 1.000000 1.000000 1.000000 0.000000
416 0.000000 0.000000 0.000000
417 1 7.692411 38.416508 141.915647 1.000000 1.000000 1.000000 0.000000
417 0.000000 0.000000 0.000000
418 1 17.174597 12.681299 40.000680 1.000000 1.000000 1.000000 0.000000
418 0.000000 0.000000 0.000000
419 1 90.304617 67.189266 78.417221 1.000000 1.000000 1.000000 0.000000
419 0.000000 0.000000 0.000000
420 1 95.232148 9.316761 94.085462 1.000000 1.000000 1.000000 0.000000
420 0.000000 0.000000 0.000000
421 1 22.169021 95.064943 179.466915 1.000000 1.000000 1.000000 0.000000
421 0.000000 0.000000 0.000000
422 1 90.273085 58.080382 194.811096 1.000000 1.000000 1.000000 0.000000
422 0.000000 0.000000 0.000000
423 1 42.402264 14.529135 80.507638 1.000000 1.000000 1.000000 0.000000
423 0.000000 0.000000 0.000000
424 1 17.165742 31.429093 168.321570 1.000000 1.000000 1.000000 0.000000
424 0.000000 0.000000 0.000000
425 1 75.599096 45.876781 193.651902 1.000000 1.000000 1.000000 0.000000
425 0.000000 0.000000 0.000000
426 1 49.456870 91.361678 179.566152 1.000000 1.000000 1.000000 0.000000
426 0.000000 0.000000 0.000000
427 1 23.749753 1.854120 160.742677 1.000000 1.000000 1.000000 0.000000
427 0.000000 0.000000 0.000000
428 1 84.084828 50.495343 59.602016 1.000000 1.000000 1.000000 0.000000
428 0.000000 0.000000 0.000000
429 1 70.498753 76.734752 175.500205 1.000000 1.000000 1.000000 0.000000
429 0.000000 0.000000 0.000000
430 1 2.628417 65.680200 18.619067 1.000000 1.000000 1.000000 0.000000
430 0.000000 0.000000 0.000000
431 1 42.403191 31.160229 79.671887 1.000000 1.000000 1.000000 0.000000
431 0.000000 0.000000 0.000000
432 1 51.001402 3.089907 57.575151 1.000000 1.000000 1.000000 0.000000
432 0.000000 0.000000 0.000000
433 1 90.934021 31.535262 155.071719 1.000000 1.000000 1.000000 0.000000
433 0.000000 0.000000 0.000000
434 1 75.808165 45.440109 91.735671 1.000000 1.000000 1.000000 0.000000
434 0.000000 0.000000 0.000000
435 1 38.165977 72.984399 180.644782 1.000000 1.000000 1.000000 0.000000
435 0.000000 0.000000 0.000000
436 1 18.160136 42.536247 64.902446 1.000000 1.000000 1.000000 0.000000
436 0.000000 0.000000 0.000000
437 1 14.326485 5.323131 177.469999 1.000000 1.000000 1.000000 0.000000
437 0.000000 0.000000 0.000000
438 1 97.795534 74.813320 140.407959 1.000000 1.000000 1.000000 0.000000
438 0.000000 0.000000 0.000000
439 1 52.721744 68.511868 107.629750 1.000000 1.000000 1.000000 0.000000
439 0.000000 0.000000 0.000000
440 1 35.059360 57.616538 82.990299 1.000000 1.000000 1.000000 0.000000
440 0.000000 0.000000 0.000000
441 1 83.390495 57.071593 129.258906 1.000000 1.000000 1.000000 0.000000
441 0.000000 0.000000 0.000000
442 1 81.537056 78.179361 117.071430 1.000000 1.000000 1.000000 0.000000
442 0.000000 0.000000 0.000000
443 1 33.697845 82.880930 146.079689 1.000000 1.000000 1.000000 0.000000
443 0.000000 0.000000 0.000000
444 1 85.891228 80.021536 51.408140 1.000000 1.000000 1.000000 0.000000
444 0.000000 0.000000 0.000000
445 1 10.743491 62.323532 58.537815 1.000000 1.000000 1.000000 0.000000
445 0.000000 0.000000 0.000000
446 1 20.454559 51.644054 82.890695 1.000000 1.000000 1.000000 0.000000
446 0.000000 0.000000 0.000000
447 1 27.804451 86.989551 101.036981 1.000000 1.000000 1.000000 0.000000
447 0.000000 0.000000 0.000000
448 1 78.698032 71.377933 109.511673 1.000000 1.000000 1.000000 0.000000
448 0.000000 0.000000 0.000000
449 1 29.392552 12.950490 100.824212 1.000000 1.000000 1.000000 0.000000
449 0.000000 0.000000 0.000000
450 1 35.833673 65.635923 4.182184 1.000000 1.000000 1.000000 0.000000
450 0.000000 0.000000 0.000000
451 1 54.586969 15.421383 14.256224 1.000000 1.000000 1.000000 0.000000
451 0.000000 0.000000 0.000000
452 1 8.873871 4.100677 60.659910 1.000000 1.000000 1.000000 0.000000
452 0.000000 0.000000 0.000000
453 1 1.857054 96.799433 16.335219 1.000000 1.000000 1.000000 0.000000
453 0.000000 0.000000 0.000000
454 1 27.721894 71.139302 131.852451 1.000000 1.000000 1.000000 0.000000
454 0.000000 0.000000 0.000000
455 1 77.323557 43.887718 112.323043 1.000000 1.000000 1.000000 0.000000
455 0.000000 0.000000 0.000000
456 1 4.407605 5.244490 92.724600 1.000000 1.000000 1.000000 0.000000
456 0.000000 0.000000 0.000000
457 1 77.189082 30.546306 185.548558 1.000000 1.000000 1.000000 0.000000
457 0.000000 0.000000 0.000000
458 1 48.908872 1.047520 98.117376 1.000000 1.000000 1.000000 0.000000
458 0.000000 0.000000 0.000000
459 1 87.508381 59.931784 100.295679 1.000000 1.000000 1.000000 0.000000
459 0.000000 0.000000 0.000000
460 1 0.549701 22.350722 39.988655 1.000000 1.000000 1.000000 0.000000
460 0.000000 0.000000 0.000000
461 1 33.031615 93.266936 12.178944 1.000000 1.000000 1.000000 0.000000
461 0.000000 0.000000 0.000000
462 1 19.645360 91.074309 198.216376 1.000000 1.000000 1.000000 0.000000
462 0.000000 0.000000 0.000000
463 1 20.050795 39.293638 149.431505 1.000000 1.000000 1.000000 0.000000
463 0.000000 0.000000 0.000000
464 1 21.823571 36.906091 42.347730 1.000000 1.000000 1.000000 0.000000
464 0.000000 0.000000 0.000000
465 1 9.948824 82.858563 60.844844 1.000000 1.000000 1.000000 0.000000
465 0.000000 0.000000 0.000000
466 1 65.587532 60.259621 183.487069 1.000000 1.000000 1.000000 0.000000
466 0.000000 0.000000 0.000000
467 1 19.702994 70.188070 165.717985 1.000000 1.000000 1.000000 0.000000
467 0.000000 0.000000 0.000000
468 1 57.317823 85.459188 92.292341 1.000000 1.000000 1.000000 0.000000
468 0.000000 0.000000 0.000000
469 1 50.463123 94.455316 5.873536 1.000000 1.000000 1.000000 0.000000
469 0.000000 0.000000 0.000000
470 1 35.437677 4.445693 160.014899 1.000000 1.000000 1.000000 0.000000
470 0.000000 0.000000 0.000000
471 1 72.479734 72.112975 89.844857 1.000000 1.000000 1.000000 0.000000
471 0.000000 0.000000 0.000000
472 1 93.509223 22.465817 159.650350 1.000000 1.000000 1.000000 0.000000
472 0.000000 0.000000 0.000000
473 1 1.570659 52.645238 41.076101 1.000000 1.000000 1.000000 0.000000
473 0.000000 0.000000 0.000000
474 1 27.169879 48.627097 191.675188 1.000000 1.000000 1.000000 0.000000
474 0.000000 0.000000 0.000000
475 1 43.002619 95.974612 67.933254 1.000000 1.000000 1.000000 0.000000
475 0.000000 0.000000 0.000000
476 1 58.677570 70.046882 101.057590 1.000000 1.000000 1.000000 0.000000
476 0.000000 0.000000 0.000000
477 1 83.817581 96.162263 196.344552 1.000000 1.000000 1.000000 0.000000
477 0.000000 0.000000 0.000000
478 1 3.796545 72.709166 79.416851 1.000000 1.000000 1.000000 0.000000
478 0.000000 0.000000 0.000000
479 1 74.457322 88.533943 183.434165 1.000000 1.000000 1.000000 0.000000
479 0.000000 0.000000 0.000000
480 1 7.836796 0.186369 72.354163 1.000000 1.000000 1.000000 0.000000
480 0.000000 0.000000 0.000000
481 1 74.773627 8.794175 172.386922 1.000000 1.000000 1.000000 0.000000
481 0.000000 0.000000 0.000000
482 1 88.912002 69.776521 99.623757 1.000000 1.000000 1.000000 0.000000
482 0.000000 0.000000 0.000000
483 1 99.934394 52.574314 30.859271 1.000000 1.000000 1.000000 0.000000
483 0.000000 0.000000 0.000000
484 1 95.677883 79.937323 37.610217 1.000000 1.000000 1.000000 0.000000
484 0.000000 0.000000 0.000000
485 1 24.408916 25.628944 184.259601 1.000000 1.000000 1.000000 0.000000
485 0.000000 0.000000 0.000000
486 1 27.893571 98.830777 89.355223 1.000000 1.000000 1.000000 0.000000
486 0.000000 0.000000 0.000000
487 1 49.752593 64.431759 184.717842 1.000000 1.000000 1.000000 0.000000
487 0.000000 0.000000 0.000000
488 1 10.759722 46.565512 104.665337 1.000000 1.000000 1.000000 0.000000
488 0.000000 0.000000 0.000000
489 1 98.439060 36.200520 33.465043 1.000000 1.000000 1.000000 0.000000
489 0.000000 0.000000 0.000000
490 1 61.371942 48.286975 182.465907 1.000000 1.000000 1.000000 0.000000
490 0.000000 0.000000 0.000000
491 1 55.431124 79.123500 67.047738 1.000000 1.000000 1.000000 0.000000
491 0.000000 0.000000 0.000000
492 1 69.461921 31.367382 0.166263 1.000000 1.000000 1.000000 0.000000
492 0.000000 0.000000 0.000000
493 1 9.269793 72.431529 19.520890 1.000000 1.000000 1.000000 0.000000
493 0.000000 0.000000 0.000000
494 1 64.245185 95.116586 33.398578 1.000000 1.000000 1.000000 0.000000
494 0.000000 0.000000 0.000000
495 1 17.419735 80.207762 191.905996 1.000000 1.000000 1.000000 0.000000
495 0.000000 0.000000 0.000000
496 1 58.354685 30.618867 179.148069 1.000000 1.000000 1.000000 0.000000
496 0.000000 0.000000 0.000000
497 1 91.403840 58.641284 18.964661 1.000000 1.000000 1.000000 0.000000
497 0.000000 0.000000 0.000000
498 1 13.503108 63.023866 164.722133 1.000000 1.000000 1.000000 0.000000
498 0.000000 0.000000 0.000000
499 1 3.474460 16.549989 64.171138 1.000000 1.000000 1.000000 0.000000
499 0.000000 0.000000 0.000000
