RESTART FILE
Timestep: 0

NUMBER OF PARTICLES
500

SIMULATION BOX
100 100 200

TIMESTEP
0.1

ATTRACTION RADIUS
1
0 

AGGREGATES/BEADS
0 1 72.725393 76.143294 15.461503 1.000000 1.000000 1.000000 0.000000
0 0.000000 0.000000 0.000000
1 1 51.925286 3.410731 155.721795 1.000000 1.000000 1.000000 0.000000
1 0.000000 0.000000 0.000000
2 1 24.657155 13.673164 21.179025 1.000000 1.000000 1.000000 0.000000
2 0.000000 0.000000 0.000000
3 1 92.527050 0.123138 161.631748 1.000000 1.000000 1.000000 0.000000
3 0.000000 0.000000 0.000000
4 1 34.191364 81.259053 85.577825 1.000000 1.000000 1.000000 0.000000
4 0.000000 0.000000 0.000000
5 1 41.458621 85.354631 138.126589 1.000000 1.000000 1.000000 0.000000
5 0.000000 0.000000 0.000000
6 1 9.307512 9.230844 185.752003 1.000000 1.000000 1.000000 0.000000
6 0.000000 0.000000 0.000000
7 1 48.242266 14.579003 119.689705 1.000000 1.000000 1.000000 0.000000
7 0.000000 0.000000 0.000000
8 1 56.531771 16.253706 113.487954 1.000000 1.000000 1.000000 0.000000
8 0.000000 0.000000 0.000000
9 1 43.793467 27.415937 58.778599 1.000000 1.000000 1.000000 0.000000
9 0.000000 0.000000 0.000000
10 1 68.808471 73.483698 78.457327 1.000000 1.000000 1.000000 0.000000
10 0.000000 0.000000 0.000000
11 1 48.307082 80.357865 45.319442 1.000000 1.000000 1.000000 0.000000
11 0.000000 0.000000 0.000000
12 1 94.367267 84.970493 65.935875 1.000000 1.000000 1.000000 0.000000
12 0.000000 0.000000 0.000000
13 1 61.126425 89.052390 42.203052 1.000000 1.000000 1.000000 0.000000
13 0.000000 0.000000 0.000000
14 1 14.891650 54.589051 22.044791 1.000000 1.000000 1.000000 0.000000
14 0.000000 0.000000 0.000000
15 1 48.336211 47.238967 188.866697 1.000000 1.000000 1.000000 0.000000
15 0.000000 0.000000 0.000000
16 1 35.942615 48.439366 195.666479 1.000000 1.000000 1.000000 0.000000
16 0.000000 0.000000 0.000000
17 1 89.498253 76.320747 101.880964 1.000000 1.000000 1.000000 0.000000
17 0.000000 0.000000 0.000000
18 1 80.475549 13.766760 170.702903 1.000000 1.000000 1.000000 0.000000
18 0.000000 0.000000 0.000000
19 1 41.916488 47.783063 145.284612 1.000000 1.000000 1.000000 0.000000
19 0.000000 0.000000 0.000000
20 1 93.224719 90.050947 138.121989 1.000000 1.000000 1.000000 0.000000
20 0.000000 0.000000 0.000000
21 1 80.850513 34.060379 27.175301 1.000000 1.000000 1.000000 0.000000
21 0.000000 0.000000 0.000000
22 1 66.187306 37.762553 163.824732 1.000000 1.000000 1.000000 0.000000
22 0.000000 0.000000 0.000000
23 1 65.296710 64.250350 118.338319 1.000000 1.000000 1.000000 0.000000
23 0.000000 0.000000 0.000000
24 1 19.545603 19.672521 67.914145 1.000000 1.000000 1.000000 0.000000
24 0.000000 0.000000 0.000000
25 1 88.211106 96.881619 90.524406 1.000000 1.000000 1.000000 0.000000
25 0.000000 0.000000 0.000000
26 1 81.617830 1.493116 41.779861 1.000000 1.000000 1.000000 0.000000
26 0.000000 0.000000 0.000000
27 1 87.189942 54.650889 11.033624 1.000000 1.000000 1.000000 0.000000
27 0.000000 0.000000 0.000000
28 1 57.463481 89.371844 78.961926 1.000000 1.000000 1.000000 0.000000
28 0.000000 0.000000 0.000000
29 1 15.514650 89.867671 39.602196 1.000000 1.000000 1.000000 0.000000
29 0.000000 0.000000 0.000000
30 1 51.655897 18.319530 182.072284 1.000000 1.000000 1.000000 0.000000
30 0.000000 0.000000 0.000000
31 1 7.692435 68.917578 51.951953 1.000000 1.000000 1.000000 0.000000
31 0.000000 0.000000 0.000000
32 1 86.941425 73.208042 194.002087 1.000000 1.000000 1.000000 0.000000
32 0.000000 0.000000 0.000000
33 1 7.344291 65.356552 25.834902 1.000000 1.000000 1.000000 0.000000
33 0.000000 0.000000 0.000000
34 1 34.609009 99.406573 70.604986 1.000000 1.000000 1.000000 0.000000
34 0.000000 0.000000 0.000000
35 1 55.450496 88.372183 31.117678 1.000000 1.000000 1.000000 0.000000
35 0.000000 0.000000 0.000000
36 1 5.901943 95.334810 26.124671 1.000000 1.000000 1.000000 0.000000
36 0.000000 0.000000 0.000000
37 1 98.850968 94.523203 125.947139 1.000000 1.000000 1.000000 0.000000
37 0.000000 0.000000 0.000000
38 1 59.002732 74.363067 92.103633 1.000000 1.000000 1.000000 0.000000
38 0.000000 0.000000 0.000000
39 1 52.347769 34.658050 6.714959 1.000000 1.000000 1.000000 0.000000
39 0.000000 0.000000 0.000000
40 1 28.188863 40.519131 60.883426 1.000000 1.000000 1.000000 0.000000
40 0.000000 0.000000 0.000000
41 1 30.522321 50.721261 100.376965 1.000000 1.000000 1.000000 0.000000
41 0.000000 0.000000 0.000000
42 1 26.178202 31.524087 124.815308 1.000000 1.000000 1.000000 0.000000
42 0.000000 0.000000 0.000000
43 1 37.077268 90.907795 31.474004 1.000000 1.000000 1.000000 0.000000
43 0.000000 0.000000 0.000000
44 1 64.451150 60.096576 117.173981 1.000000 1.000000 1.000000 0.000000
44 0.000000 0.000000 0.000000
45 1 47.891540 65.524460 61.090999 1.000000 1.000000 1.000000 0.000000
45 0.000000 0.000000 0.000000
46 1 24.493639 97.668484 50.654224 1.000000 1.000000 1.000000 0.000000
46 0.000000 0.000000 0.000000
47 1 6.218500 54.734713 196.055663 1.000000 1.000000 1.000000 0.000000
47 0.000000 0.000000 0.000000
48 1 37.093691 24.099146 23.468912 1.000000 1.000000 1.000000 0.000000
48 0.000000 0.000000 0.000000
49 1 9.654236 32.735013 36.916588 1.000000 1.000000 1.000000 0.000000
49 0.000000 0.000000 0.000000
50 1 2.931793 60.328085 12.745251 1.000000 1.000000 1.000000 0.000000
50 0.000000 0.000000 0.000000
51 1 27.058312 26.489999 106.570367 1.000000 1.000000 1.000000 0.000000
51 0.000000 0.000000 0.000000
52 1 75.713802 73.779235 128.460491 1.000000 1.000000 1.000000 0.000000
52 0.000000 0.000000 0.000000
53 1 60.319518 71.500758 45.040217 1.000000 1.000000 1.000000 0.000000
53 0.000000 0.000000 0.000000
54 1 37.205157 37.415869 70.809934 1.000000 1.000000 1.000000 0.000000
54 0.000000 0.000000 0.000000
55 1 69.908434 82.368633 93.643374 1.000000 1.000000 1.000000 0.000000
55 0.000000 0.000000 0.000000
56 1 3.373731 51.593778 2.282821 1.000000 1.000000 1.000000 0.000000
56 0.000000 0.000000 0.000000
57 1 69.329387 68.149561 136.425586 1.000000 1.000000 1.000000 0.000000
57 0.000000 0.000000 0.000000
58 1 43.246136 52.192306 69.222111 1.000000 1.000000 1.000000 0.000000
58 0.000000 0.000000 0.000000
59 1 63.476413 91.993857 179.968913 1.000000 1.000000 1.000000 0.000000
59 0.000000 0.000000 0.000000
60 1 9.048762 41.537917 44.919112 1.000000 1.000000 1.000000 0.000000
60 0.000000 0.000000 0.000000
61 1 70.501195 74.689665 177.041856 1.000000 1.000000 1.000000 0.000000
61 0.000000 0.000000 0.000000
62 1 30.751778 22.458890 123.886178 1.000000 1.000000 1.000000 0.000000
62 0.000000 0.000000 0.000000
63 1 11.465051 86.048498 52.726878 1.000000 1.000000 1.000000 0.000000
63 0.000000 0.000000 0.000000
64 1 41.754820 87.787331 56.181915 1.000000 1.000000 1.000000 0.000000
64 0.000000 0.000000 0.000000
65 1 66.532457 4.156139 69.934221 1.000000 1.000000 1.000000 0.000000
65 0.000000 0.000000 0.000000
66 1 47.949724 68.210635 2.594967 1.000000 1.000000 1.000000 0.000000
66 0.000000 0.000000 0.000000
67 1 76.182011 48.704125 3.452419 1.000000 1.000000 1.000000 0.000000
67 0.000000 0.000000 0.000000
68 1 8.897461 23.312877 156.102459 1.000000 1.000000 1.000000 0.000000
68 0.000000 0.000000 0.000000
69 1 93.868747 74.364835 190.133304 1.000000 1.000000 1.000000 0.000000
69 0.000000 0.000000 0.000000
70 1 42.431333 60.778174 126.082715 1.000000 1.000000 1.000000 0.000000
70 0.000000 0.000000 0.000000
71 1 37.318984 79.626714 2.836533 1.000000 1.000000 1.000000 0.000000
71 0.000000 0.000000 0.000000
72 1 16.994698 78.411139 82.434935 1.000000 1.000000 1.000000 0.000000
72 0.000000 0.000000 0.000000
73 1 63.516955 71.320716 63.792815 1.000000 1.000000 1.000000 0.000000
73 0.000000 0.000000 0.000000
74 1 35.103828 6.661568 60.052484 1.000000 1.000000 1.000000 0.000000
74 0.000000 0.000000 0.000000
75 1 81.898080 56.324279 109.305452 1.000000 1.000000 1.000000 0.000000
75 0.000000 0.000000 0.000000
76 1 76.606578 43.996877 48.280044 1.000000 1.000000 1.000000 0.000000
76 0.000000 0.000000 0.000000
77 1 53.878983 33.959302 34.715270 1.000000 1.000000 1.000000 0.000000
77 0.000000 0.000000 0.000000
78 1 91.938310 30.976090 171.620430 1.000000 1.000000 1.000000 0.000000
78 0.000000 0.000000 0.000000
79 1 18.321216 94.647092 22.745913 1.000000 1.000000 1.000000 0.000000
79 0.000000 0.000000 0.000000
80 1 37.585231 64.751778 42.174787 1.000000 1.000000 1.000000 0.000000
80 0.000000 0.000000 0.000000
81 1 97.251566 19.807338 182.595710 1.000000 1.000000 1.000000 0.000000
81 0.000000 0.000000 0.000000
82 1 30.458148 25.960403 151.187958 1.000000 1.000000 1.000000 0.000000
82 0.000000 0.000000 0.000000
83 1 61.776215 94.659774 145.453835 1.000000 1.000000 1.000000 0.000000
83 0.000000 0.000000 0.000000
84 1 79.524491 11.899851 135.701926 1.000000 1.000000 1.000000 0.000000
84 0.000000 0.000000 0.000000
85 1 20.388424 53.309828 96.534827 1.000000 1.000000 1.000000 0.000000
85 0.000000 0.000000 0.000000
86 1 10.325452 94.722900 98.684863 1.000000 1.000000 1.000000 0.000000
86 0.000000 0.000000 0.000000
87 1 86.349943 33.786451 102.893122 1.000000 1.000000 1.000000 0.000000
87 0.000000 0.000000 0.000000
88 1 10.997726 98.341515 161.439352 1.000000 1.000000 1.000000 0.000000
88 0.000000 0.000000 0.000000
89 1 12.613062 47.111031 105.197604 1.000000 1.000000 1.000000 0.000000
89 0.000000 0.000000 0.000000
90 1 9.490766 87.061921 58.401993 1.000000 1.000000 1.000000 0.000000
90 0.000000 0.000000 0.000000
91 1 25.960664 24.810941 10.707307 1.000000 1.000000 1.000000 0.000000
91 0.000000 0.000000 0.000000
92 1 29.532251 70.213849 83.737328 1.000000 1.000000 1.000000 0.000000
92 0.000000 0.000000 0.000000
93 1 64.492037 44.390416 177.017607 1.000000 1.000000 1.000000 0.000000
93 0.000000 0.000000 0.000000
94 1 81.127186 12.389298 71.722753 1.000000 1.000000 1.000000 0.000000
94 0.000000 0.000000 0.000000
95 1 54.641063 28.790961 32.441108 1.000000 1.000000 1.000000 0.000000
95 0.000000 0.000000 0.000000
96 1 91.224946 98.629308 166.988353 1.000000 1.000000 1.000000 0.000000
96 0.000000 0.000000 0.000000
97 1 52.380018 70.045213 33.225197 1.000000 1.000000 1.000000 0.000000
97 0.000000 0.000000 0.000000
98 1 53.298924 35.490853 43.497485 1.000000 1.000000 1.000000 0.000000
98 0.000000 0.000000 0.000000
99 1 60.748094 94.659699 101.324390 1.000000 1.000000 1.000000 0.000000
99 0.000000 0.000000 0.000000
100 1 78.515373 14.494742 199.163147 1.000000 1.000000 1.000000 0.000000
100 0.000000 0.000000 0.000000
101 1 39.108984 79.184623 120.014543 1.000000 1.000000 1.000000 0.000000
101 0.000000 0.000000 0.000000
102 1 37.257828 2.634467 121.365478 1.000000 1.000000 1.000000 0.000000
102 0.000000 0.000000 0.000000
103 1 51.123964 36.455973 142.282636 1.000000 1.000000 1.000000 0.000000
103 0.000000 0.000000 0.000000
104 1 32.131344 65.875224 87.090728 1.000000 1.000000 1.000000 0.000000
104 0.000000 0.000000 0.000000
105 1 49.975168 44.423962 182.139834 1.000000 1.000000 1.000000 0.000000
105 0.000000 0.000000 0.000000
106 1 1.497443 29.730293 197.986652 1.000000 1.000000 1.000000 0.000000
106 0.000000 0.000000 0.000000
107 1 76.700280 67.958575 74.874294 1.000000 1.000000 1.000000 0.000000
107 0.000000 0.000000 0.000000
108 1 23.828090 39.066172 148.420882 1.000000 1.000000 1.000000 0.000000
108 0.000000 0.000000 0.000000
109 1 33.694579 63.438175 147.465926 1.000000 1.000000 1.000000 0.000000
109 0.000000 0.000000 0.000000
110 1 28.020636 42.877845 42.134282 1.000000 1.000000 1.000000 0.000000
110 0.000000 0.000000 0.000000
111 1 25.347197 66.620686 85.746706 1.000000 1.000000 1.000000 0.000000
111 0.000000 0.000000 0.000000
112 1 37.466682 73.463081 71.740263 1.000000 1.000000 1.000000 0.000000
112 0.000000 0.000000 0.000000
113 1 19.212500 69.425361 139.003130 1.000000 1.000000 1.000000 0.000000
113 0.000000 0.000000 0.000000
114 1 11.437906 97.011561 121.502645 1.000000 1.000000 1.000000 0.000000
114 0.000000 0.000000 0.000000
115 1 10.160421 76.107824 113.573453 1.000000 1.000000 1.000000 0.000000
115 0.000000 0.000000 0.000000
116 1 85.492641 65.466367 93.087409 1.000000 1.000000 1.000000 0.000000
116 0.000000 0.000000 0.000000
117 1 23.842083 47.844410 195.843664 1.000000 1.000000 1.000000 0.000000
117 0.000000 0.000000 0.000000
118 1 95.770179 30.524413 63.606674 1.000000 1.000000 1.000000 0.000000
118 0.000000 0.000000 0.000000
119 1 17.994976 17.704497 181.271786 1.000000 1.000000 1.000000 0.000000
119 0.000000 0.000000 0.000000
120 1 94.021453 77.392217 179.285665 1.000000 1.000000 1.000000 0.000000
120 0.000000 0.000000 0.000000
121 1 43.361862 13.188577 56.589123 1.000000 1.000000 1.000000 0.000000
121 0.000000 0.000000 0.000000
122 1 63.981846 9.458542 160.759121 1.000000 1.000000 1.000000 0.000000
122 0.000000 0.000000 0.000000
123 1 22.242844 69.924344 10.710610 1.000000 1.000000 1.000000 0.000000
123 0.000000 0.000000 0.000000
124 1 51.117803 2.833374 195.537678 1.000000 1.000000 1.000000 0.000000
124 0.000000 0.000000 0.000000
125 1 7.368915 55.456498 89.944420 1.000000 1.000000 1.000000 0.000000
125 0.000000 0.000000 0.000000
126 1 89.964600 60.579420 83.442090 1.000000 1.000000 1.000000 0.000000
126 0.000000 0.000000 0.000000
127 1 54.330196 49.094740 185.012868 1.000000 1.000000 1.000000 0.000000
127 0.000000 0.000000 0.000000
128 1 79.105929 52.369848 130.069384 1.000000 1.000000 1.000000 0.000000
128 0.000000 0.000000 0.000000
129 1 66.617912 35.023569 152.434623 1.000000 1.000000 1.000000 0.000000
129 0.000000 0.000000 0.000000
130 1 70.638518 86.339237 136.353242 1.000000 1.000000 1.000000 0.000000
130 0.000000 0.000000 0.000000
131 1 19.962409 35.588166 120.415202 1.000000 1.000000 1.000000 0.000000
131 0.000000 0.000000 0.000000
132 1 31.026201 39.992620 55.204983 1.000000 1.000000 1.000000 0.000000
132 0.000000 0.000000 0.000000
133 1 35.471574 9.596454 55.540751 1.000000 1.000000 1.000000 0.000000
133 0.000000 0.000000 0.000000
134 1 86.635784 60.428428 64.694982 1.000000 1.000000 1.000000 0.000000
134 0.000000 0.000000 0.000000
135 1 96.856153 96.920130 193.901129 1.000000 1.000000 1.000000 0.000000
135 0.000000 0.000000 0.000000
136 1 37.836496 59.159180 95.380727 1.000000 1.000000 1.000000 0.000000
136 0.000000 0.000000 0.000000
137 1 35.519486 85.297293 151.323005 1.000000 1.000000 1.000000 0.000000
137 0.000000 0.000000 0.000000
138 1 71.911216 88.629404 55.617340 1.000000 1.000000 1.000000 0.000000
138 0.000000 0.000000 0.000000
139 1 32.056453 18.897637 175.235598 1.000000 1.000000 1.000000 0.000000
139 0.000000 0.000000 0.000000
140 1 48.417045 73.123494 179.727061 1.000000 1.000000 1.000000 0.000000
140 0.000000 0.000000 0.000000
141 1 82.234039 93.218518 108.208751 1.000000 1.000000 1.000000 0.000000
141 0.000000 0.000000 0.000000
142 1 20.906713 97.271522 108.980414 1.000000 1.000000 1.000000 0.000000
142 0.000000 0.000000 0.000000
143 1 26.345773 38.227977 140.043588 1.000000 1.000000 1.000000 0.000000
143 0.000000 0.000000 0.000000
144 1 39.810048 42.255718 148.558869 1.000000 1.000000 1.000000 0.000000
144 0.000000 0.000000 0.000000
145 1 93.145917 16.597290 155.834067 1.000000 1.000000 1.000000 0.000000
145 0.000000 0.000000 0.000000
146 1 39.541365 39.852494 62.555294 1.000000 1.000000 1.000000 0.000000
146 0.000000 0.000000 0.000000
147 1 83.720684 37.943031 120.472057 1.000000 1.000000 1.000000 0.000000
147 0.000000 0.000000 0.000000
148 1 40.361843 83.603433 153.874999 1.000000 1.000000 1.000000 0.000000
148 0.000000 0.000000 0.000000
149 1 49.259943 54.116781 126.266823 1.000000 1.000000 1.000000 0.000000
149 0.000000 0.000000 0.000000
150 1 48.579168 8.564589 33.329318 1.000000 1.000000 1.000000 0.000000
150 0.000000 0.000000 0.000000
151 1 30.202677 43.187283 194.438487 1.000000 1.000000 1.000000 0.000000
151 0.000000 0.000000 0.000000
152 1 52.513098 82.924467 128.637035 1.000000 1.000000 1.000000 0.000000
152 0.000000 0.000000 0.000000
153 1 51.287262 56.956386 181.483032 1.000000 1.000000 1.000000 0.000000
153 0.000000 0.000000 0.000000
154 1 9.584538 53.038699 96.468771 1.000000 1.000000 1.000000 0.000000
154 0.000000 0.000000 0.000000
155 1 81.009827 43.737306 6.533993 1.000000 1.000000 1.000000 0.000000
155 0.000000 0.000000 0.000000
156 1 14.243038 45.802204 82.854011 1.000000 1.000000 1.000000 0.000000
156 0.000000 0.000000 0.000000
157 1 53.680187 45.803600 148.942504 1.000000 1.000000 1.000000 0.000000
157 0.000000 0.000000 0.000000
158 1 7.182140 44.987661 168.176242 1.000000 1.000000 1.000000 0.000000
158 0.000000 0.000000 0.000000
159 1 82.563858 23.741739 199.513420 1.000000 1.000000 1.000000 0.000000
159 0.000000 0.000000 0.000000
160 1 92.113385 67.758670 15.373834 1.000000 1.000000 1.000000 0.000000
160 0.000000 0.000000 0.000000
161 1 1.537597 88.404856 108.208760 1.000000 1.000000 1.000000 0.000000
161 0.000000 0.000000 0.000000
162 1 97.167568 84.356251 131.940128 1.000000 1.000000 1.000000 0.000000
162 0.000000 0.000000 0.000000
163 1 4.682807 15.194900 192.400736 1.000000 1.000000 1.000000 0.000000
163 0.000000 0.000000 0.000000
164 1 8.777081 16.567363 156.234449 1.000000 1.000000 1.000000 0.000000
164 0.000000 0.000000 0.000000
165 1 13.647540 56.751009 166.772244 1.000000 1.000000 1.000000 0.000000
165 0.000000 0.000000 0.000000
166 1 87.123804 0.004891 80.315051 1.000000 1.000000 1.000000 0.000000
166 0.000000 0.000000 0.000000
167 1 44.125974 48.649185 10.744050 1.000000 1.000000 1.000000 0.000000
167 0.000000 0.000000 0.000000
168 1 69.727056 95.804985 174.161679 1.000000 1.000000 1.000000 0.000000
168 0.000000 0.000000 0.000000
169 1 52.942892 14.134338 49.057100 1.000000 1.000000 1.000000 0.000000
169 0.000000 0.000000 0.000000
170 1 51.639932 53.037572 140.640684 1.000000 1.000000 1.000000 0.000000
170 0.000000 0.000000 0.000000
171 1 85.313060 90.048712 157.065036 1.000000 1.000000 1.000000 0.000000
171 0.000000 0.000000 0.000000
172 1 15.100442 51.765956 110.427672 1.000000 1.000000 1.000000 0.000000
172 0.000000 0.000000 0.000000
173 1 60.770246 43.190249 95.801754 1.000000 1.000000 1.000000 0.000000
173 0.000000 0.000000 0.000000
174 1 58.735101 71.996034 169.403939 1.000000 1.000000 1.000000 0.000000
174 0.000000 0.000000 0.000000
175 1 41.892192 55.364587 165.272979 1.000000 1.000000 1.000000 0.000000
175 0.000000 0.000000 0.000000
176 1 51.303385 36.719290 80.558580 1.000000 1.000000 1.000000 0.000000
176 0.000000 0.000000 0.000000
177 1 87.417405 62.658744 104.348047 1.000000 1.000000 1.000000 0.000000
177 0.000000 0.000000 0.000000
178 1 18.162283 88.315456 197.757183 1.000000 1.000000 1.000000 0.000000
178 0.000000 0.000000 0.000000
179 1 74.064002 66.232891 120.905620 1.000000 1.000000 1.000000 0.000000
179 0.000000 0.000000 0.000000
180 1 49.002690 20.878007 14.802802 1.000000 1.000000 1.000000 0.000000
180 0.000000 0.000000 0.000000
181 1 34.555518 29.936841 174.868745 1.000000 1.000000 1.000000 0.000000
181 0.000000 0.000000 0.000000
182 1 60.387867 70.228500 64.718215 1.000000 1.000000 1.000000 0.000000
182 0.000000 0.000000 0.000000
183 1 36.467637 1.990412 164.818115 1.000000 1.000000 1.000000 0.000000
183 0.000000 0.000000 0.000000
184 1 86.981791 77.542187 63.236739 1.000000 1.000000 1.000000 0.000000
184 0.000000 0.000000 0.000000
185 1 54.981168 7.575814 165.310645 1.000000 1.000000 1.000000 0.000000
185 0.000000 0.000000 0.000000
186 1 2.783756 42.080466 49.255775 1.000000 1.000000 1.000000 0.000000
186 0.000000 0.000000 0.000000
187 1 5.051883 50.392665 41.386258 1.000000 1.000000 1.000000 0.000000
187 0.000000 0.000000 0.000000
188 1 26.790361 99.524377 165.869850 1.000000 1.000000 1.000000 0.000000
188 0.000000 0.000000 0.000000
189 1 80.782184 95.843440 71.132865 1.000000 1.000000 1.000000 0.000000
189 0.000000 0.000000 0.000000
190 1 93.581042 74.046708 83.408853 1.000000 1.000000 1.000000 0.000000
190 0.000000 0.000000 0.000000
191 1 71.724821 67.832478 92.193820 1.000000 1.000000 1.000000 0.000000
191 0.000000 0.000000 0.000000
192 1 21.691630 71.320661 13.122959 1.000000 1.000000 1.000000 0.000000
192 0.000000 0.000000 0.000000
193 1 28.346207 74.640863 11.854384 1.000000 1.000000 1.000000 0.000000
193 0.000000 0.000000 0.000000
194 1 90.300271 26.193651 192.804157 1.000000 1.000000 1.000000 0.000000
194 0.000000 0.000000 0.000000
195 1 23.792332 5.489458 6.325211 1.000000 1.000000 1.000000 0.000000
195 0.000000 0.000000 0.000000
196 1 33.169275 55.826926 132.173800 1.000000 1.000000 1.000000 0.000000
196 0.000000 0.000000 0.000000
197 1 64.071247 34.504795 163.411531 1.000000 1.000000 1.000000 0.000000
197 0.000000 0.000000 0.000000
198 1 91.294350 68.363156 32.229693 1.000000 1.000000 1.000000 0.000000
198 0.000000 0.000000 0.000000
199 1 26.132969 32.428757 158.136783 1.000000 1.000000 1.000000 0.000000
199 0.000000 0.000000 0.000000
200 1 13.169090 58.830214 164.429383 1.000000 1.000000 1.000000 0.000000
200 0.000000 0.000000 0.000000
201 1 5.987696 64.152045 136.768597 1.000000 1.000000 1.000000 0.000000
201 0.000000 0.000000 0.000000
202 1 86.096138 38.449900 178.022283 1.000000 1.000000 1.000000 0.000000
202 0.000000 0.000000 0.000000
203 1 53.162692 98.984331 33.150530 1.000000 1.000000 1.000000 0.000000
203 0.000000 0.000000 0.000000
204 1 8.146062 92.827457 124.764370 1.000000 1.000000 1.000000 0.000000
204 0.000000 0.000000 0.000000
205 1 30.720213 22.157164 36.484714 1.000000 1.000000 1.000000 0.000000
205 0.000000 0.000000 0.000000
206 1 52.769241 98.372470 186.959450 1.000000 1.000000 1.000000 0.000000
206 0.000000 0.000000 0.000000
207 1 43.773804 86.229886 159.036491 1.000000 1.000000 1.000000 0.000000
207 0.000000 0.000000 0.000000
208 1 3.675855 6.993877 89.903262 1.000000 1.000000 1.000000 0.000000
208 0.000000 0.000000 0.000000
209 1 56.478582 52.932270 150.837728 1.000000 1.000000 1.000000 0.000000
209 0.000000 0.000000 0.000000
210 1 92.742435 30.732828 13.837825 1.000000 1.000000 1.000000 0.000000
210 0.000000 0.000000 0.000000
211 1 46.030251 76.037400 60.830200 1.000000 1.000000 1.000000 0.000000
211 0.000000 0.000000 0.000000
212 1 82.364990 85.766848 113.667123 1.000000 1.000000 1.000000 0.000000
212 0.000000 0.000000 0.000000
213 1 34.151245 24.161154 122.441296 1.000000 1.000000 1.000000 0.000000
213 0.000000 0.000000 0.000000
214 1 96.263260 36.126718 45.155803 1.000000 1.000000 1.000000 0.000000
214 0.000000 0.000000 0.000000
215 1 42.915618 45.488322 30.715826 1.000000 1.000000 1.000000 0.000000
215 0.000000 0.000000 0.000000
216 1 94.758243 38.877673 101.913106 1.000000 1.000000 1.000000 0.000000
216 0.000000 0.000000 0.000000
217 1 44.471873 31.876128 166.971892 1.000000 1.000000 1.000000 0.000000
217 0.000000 0.000000 0.000000
218 1 22.799835 58.882182 147.962760 1.000000 1.000000 1.000000 0.000000
218 0.000000 0.000000 0.000000
219 1 87.851440 76.283472 51.475731 1.000000 1.000000 1.000000 0.000000
219 0.000000 0.000000 0.000000
220 1 53.420750 63.464840 48.132405 1.000000 1.000000 1.000000 0.000000
220 0.000000 0.000000 0.000000
221 1 39.092569 38.147565 181.018419 1.000000 1.000000 1.000000 0.000000
221 0.000000 0.000000 0.000000
222 1 35.187525 23.679400 78.421203 1.000000 1.000000 1.000000 0.000000
222 0.000000 0.000000 0.000000
223 1 3.449259 92.880155 138.381544 1.000000 1.000000 1.000000 0.000000
223 0.000000 0.000000 0.000000
224 1 43.969370 28.611609 175.677176 1.000000 1.000000 1.000000 0.000000
224 0.000000 0.000000 0.000000
225 1 36.482088 13.780271 77.860715 1.000000 1.000000 1.000000 0.000000
225 0.000000 0.000000 0.000000
226 1 22.684042 63.689342 59.289804 1.000000 1.000000 1.000000 0.000000
226 0.000000 0.000000 0.000000
227 1 19.232103 88.355841 2.202990 1.000000 1.000000 1.000000 0.000000
227 0.000000 0.000000 0.000000
228 1 88.089737 90.594608 23.569640 1.000000 1.000000 1.000000 0.000000
228 0.000000 0.000000 0.000000
229 1 36.315428 93.106355 37.502414 1.000000 1.000000 1.000000 0.000000
229 0.000000 0.000000 0.000000
230 1 24.109383 27.260912 9.842660 1.000000 1.000000 1.000000 0.000000
230 0.000000 0.000000 0.000000
231 1 3.366933 80.656262 16.665766 1.000000 1.000000 1.000000 0.000000
231 0.000000 0.000000 0.000000
232 1 93.151378 40.264103 111.534711 1.000000 1.000000 1.000000 0.000000
232 0.000000 0.000000 0.000000
233 1 12.113739 95.613447 38.125040 1.000000 1.000000 1.000000 0.000000
233 0.000000 0.000000 0.000000
234 1 11.390114 72.413016 138.183587 1.000000 1.000000 1.000000 0.000000
234 0.000000 0.000000 0.000000
235 1 98.692294 98.553944 194.849508 1.000000 1.000000 1.000000 0.000000
235 0.000000 0.000000 0.000000
236 1 68.539268 16.644913 174.542592 1.000000 1.000000 1.000000 0.000000
236 0.000000 0.000000 0.000000
237 1 1.313796 67.984577 45.451594 1.000000 1.000000 1.000000 0.000000
237 0.000000 0.000000 0.000000
238 1 80.486308 53.771948 117.909017 1.000000 1.000000 1.000000 0.000000
238 0.000000 0.000000 0.000000
239 1 26.059524 54.195173 163.812147 1.000000 1.000000 1.000000 0.000000
239 0.000000 0.000000 0.000000
240 1 50.152049 52.670903 50.245790 1.000000 1.000000 1.000000 0.000000
240 0.000000 0.000000 0.000000
241 1 10.808301 29.244281 40.746371 1.000000 1.000000 1.000000 0.000000
241 0.000000 0.000000 0.000000
242 1 23.795654 84.972951 42.152831 1.000000 1.000000 1.000000 0.000000
242 0.000000 0.000000 0.000000
243 1 88.892900 72.332842 111.298429 1.000000 1.000000 1.000000 0.000000
243 0.000000 0.000000 0.000000
244 1 98.683067 45.386501 58.275382 1.000000 1.000000 1.000000 0.000000
244 0.000000 0.000000 0.000000
245 1 84.058037 95.462351 19.982368 1.000000 1.000000 1.000000 0.000000
245 0.000000 0.000000 0.000000
246 1 45.832215 29.103777 109.692375 1.000000 1.000000 1.000000 0.000000
246 0.000000 0.000000 0.000000
247 1 15.464950 27.503865 68.928341 1.000000 1.000000 1.000000 0.000000
247 0.000000 0.000000 0.000000
248 1 60.172330 49.490119 82.698673 1.000000 1.000000 1.000000 0.000000
248 0.000000 0.000000 0.000000
249 1 90.605450 96.879111 38.750553 1.000000 1.000000 1.000000 0.000000
249 0.000000 0.000000 0.000000
250 1 9.316182 90.062701 85.186140 1.000000 1.000000 1.000000 0.000000
250 0.000000 0.000000 0.000000
251 1 55.356293 11.487307 96.774844 1.000000 1.000000 1.000000 0.000000
251 0.000000 0.000000 0.000000
252 1 17.569533 38.775829 73.774456 1.000000 1.000000 1.000000 0.000000
252 0.000000 0.000000 0.000000
253 1 79.303994 72.030282 35.445074 1.000000 1.000000 1.000000 0.000000
253 0.000000 0.000000 0.000000
254 1 74.306813 63.104101 152.927061 1.000000 1.000000 1.000000 0.000000
254 0.000000 0.000000 0.000000
255 1 92.199769 24.735908 42.786450 1.000000 1.000000 1.000000 0.000000
255 0.000000 0.000000 0.000000
256 1 83.279769 39.616080 175.449194 1.000000 1.000000 1.000000 0.000000
256 0.000000 0.000000 0.000000
257 1 41.019863 58.054271 21.140971 1.000000 1.000000 1.000000 0.000000
257 0.000000 0.000000 0.000000
258 1 46.505637 93.141317 108.650891 1.000000 1.000000 1.000000 0.000000
258 0.000000 0.000000 0.000000
259 1 45.949536 99.104383 99.249165 1.000000 1.000000 1.000000 0.000000
259 0.000000 0.000000 0.000000
260 1 1.385735 51.470542 159.731062 1.000000 1.000000 1.000000 0.000000
260 0.000000 0.000000 0.000000
261 1 97.232310 60.788781 187.556484 1.000000 1.000000 1.000000 0.000000
261 0.000000 0.000000 0.000000
262 1 45.697684 42.834347 104.101437 1.000000 1.000000 1.000000 0.000000
262 0.000000 0.000000 0.000000
263 1 42.907841 54.378295 180.298526 1.000000 1.000000 1.000000 0.000000
263 0.000000 0.000000 0.000000
264 1 66.710829 42.536123 39.101595 1.000000 1.000000 1.000000 0.000000
264 0.000000 0.000000 0.000000
265 1 66.649115 36.124824 52.216322 1.000000 1.000000 1.000000 0.000000
265 0.000000 0.000000 0.000000
266 1 1.881007 99.650004 137.465337 1.000000 1.000000 1.000000 0.000000
266 0.000000 0.000000 0.000000
267 1 82.704793 55.687547 159.952645 1.000000 1.000000 1.000000 0.000000
267 0.000000 0.000000 0.000000
268 1 17.500508 68.165739 181.363372 1.000000 1.000000 1.000000 0.000000
268 0.000000 0.000000 0.000000
269 1 73.489692 43.085826 120.216829 1.000000 1.000000 1.000000 0.000000
269 0.000000 0.000000 0.000000
270 1 33.647068 14.495564 33.295369 1.000000 1.000000 1.000000 0.000000
270 0.000000 0.000000 0.000000
271 1 9.311391 23.801773 172.998318 1.000000 1.000000 1.000000 0.000000
271 0.000000 0.000000 0.000000
272 1 33.233640 22.400131 41.026406 1.000000 1.000000 1.000000 0.000000
272 0.000000 0.000000 0.000000
273 1 40.546863 21.062308 3.901027 1.000000 1.000000 1.000000 0.000000
273 0.000000 0.000000 0.000000
274 1 5.974160 85.823665 47.609677 1.000000 1.000000 1.000000 0.000000
274 0.000000 0.000000 0.000000
275 1 3.320674 18.414841 65.245435 1.000000 1.000000 1.000000 0.000000
275 0.000000 0.000000 0.000000
276 1 54.395891 76.862333 84.818647 1.000000 1.000000 1.000000 0.000000
276 0.000000 0.000000 0.000000
277 1 72.939244 79.254925 161.826272 1.000000 1.000000 1.000000 0.000000
277 0.000000 0.000000 0.000000
278 1 69.162122 4.602790 108.197146 1.000000 1.000000 1.000000 0.000000
278 0.000000 0.000000 0.000000
279 1 3.001549 78.434266 78.225864 1.000000 1.000000 1.000000 0.000000
279 0.000000 0.000000 0.000000
280 1 12.012535 90.754208 128.388611 1.000000 1.000000 1.000000 0.000000
280 0.000000 0.000000 0.000000
281 1 1.502555 34.964617 138.128525 1.000000 1.000000 1.000000 0.000000
281 0.000000 0.000000 0.000000
282 1 6.938403 2.599123 40.106942 1.000000 1.000000 1.000000 0.000000
282 0.000000 0.000000 0.000000
283 1 67.701193 27.731272 73.635320 1.000000 1.000000 1.000000 0.000000
283 0.000000 0.000000 0.000000
284 1 97.556252 20.126927 2.525225 1.000000 1.000000 1.000000 0.000000
284 0.000000 0.000000 0.000000
285 1 7.408876 78.435593 62.190023 1.000000 1.000000 1.000000 0.000000
285 0.000000 0.000000 0.000000
286 1 69.030353 65.936699 69.769018 1.000000 1.000000 1.000000 0.000000
286 0.000000 0.000000 0.000000
287 1 47.620129 63.865341 50.087254 1.000000 1.000000 1.000000 0.000000
287 0.000000 0.000000 0.000000
288 1 51.769041 44.229179 107.214499 1.000000 1.000000 1.000000 0.000000
288 0.000000 0.000000 0.000000
289 1 29.596045 35.052907 105.206389 1.000000 1.000000 1.000000 0.000000
289 0.000000 0.000000 0.000000
290 1 57.030735 98.475425 90.218024 1.000000 1.000000 1.000000 0.000000
290 0.000000 0.000000 0.000000
291 1 78.655314 45.161446 72.045990 1.000000 1.000000 1.000000 0.000000
291 0.000000 0.000000 0.000000
292 1 55.902378 55.870084 95.178816 1.000000 1.000000 1.000000 0.000000
292 0.000000 0.000000 0.000000
293 1 80.616660 12.539085 86.864952 1.000000 1.000000 1.000000 0.000000
293 0.000000 0.000000 0.000000
294 1 35.342169 42.737255 129.700306 1.000000 1.000000 1.000000 0.000000
294 0.000000 0.000000 0.000000
295 1 5.969802 94.256742 86.392771 1.000000 1.000000 1.000000 0.000000
295 0.000000 0.000000 0.000000
296 1 43.503494 41.313665 62.698116 1.000000 1.000000 1.000000 0.000000
296 0.000000 0.000000 0.000000
297 1 77.965499 94.239030 170.232182 1.000000 1.000000 1.000000 0.000000
297 0.000000 0.000000 0.000000
298 1 88.079844 97.601332 101.044525 1.000000 1.000000 1.000000 0.000000
298 0.000000 0.000000 0.000000
299 1 49.980544 44.219387 14.227185 1.000000 1.000000 1.000000 0.000000
299 0.000000 0.000000 0.000000
300 1 73.045234 54.143737 47.888659 1.000000 1.000000 1.000000 0.000000
300 0.000000 0.000000 0.000000
301 1 57.119951 40.838936 43.673041 1.000000 1.000000 1.000000 0.000000
301 0.000000 0.000000 0.000000
302 1 63.295259 1.479047 16.402051 1.000000 1.000000 1.000000 0.000000
302 0.000000 0.000000 0.000000
303 1 49.402671 85.145506 9.969798 1.000000 1.000000 1.000000 0.000000
303 0.000000 0.000000 0.000000
304 1 9.115816 21.704417 49.203308 1.000000 1.000000 1.000000 0.000000
304 0.000000 0.000000 0.000000
305 1 71.473666 92.595552 93.169488 1.000000 1.000000 1.000000 0.000000
305 0.000000 0.000000 0.000000
306 1 51.050978 67.790265 89.297347 1.000000 1.000000 1.000000 0.000000
306 0.000000 0.000000 0.000000
307 1 21.806239 52.198818 128.797852 1.000000 1.000000 1.000000 0.000000
307 0.000000 0.000000 0.000000
308 1 43.323822 92.857127 141.064427 1.000000 1.000000 1.000000 0.000000
308 0.000000 0.000000 0.000000
309 1 29.109372 85.786785 198.186664 1.000000 1.000000 1.000000 0.000000
309 0.000000 0.000000 0.000000
310 1 62.534133 94.983778 124.119271 1.000000 1.000000 1.000000 0.000000
310 0.000000 0.000000 0.000000
311 1 98.598334 57.379073 180.804062 1.000000 1.000000 1.000000 0.000000
311 0.000000 0.000000 0.000000
312 1 11.972923 21.128115 75.019731 1.000000 1.000000 1.000000 0.000000
312 0.000000 0.000000 0.000000
313 1 39.414575 5.068265 150.525306 1.000000 1.000000 1.000000 0.000000
313 0.000000 0.000000 0.000000
314 1 37.646254 73.921671 29.954211 1.000000 1.000000 1.000000 0.000000
314 0.000000 0.000000 0.000000
315 1 69.000371 28.279708 85.051340 1.000000 1.000000 1.000000 0.000000
315 0.000000 0.000000 0.000000
316 1 49.134420 84.618187 172.839135 1.000000 1.000000 1.000000 0.000000
316 0.000000 0.000000 0.000000
317 1 73.068094 47.647329 187.999391 1.000000 1.000000 1.000000 0.000000
317 0.000000 0.000000 0.000000
318 1 2.786021 48.158962 156.509176 1.000000 1.000000 1.000000 0.000000
318 0.000000 0.000000 0.000000
319 1 1.446769 26.522675 134.862386 1.000000 1.000000 1.000000 0.000000
319 0.000000 0.000000 0.000000
320 1 42.050653 32.981703 109.197312 1.000000 1.000000 1.000000 0.000000
320 0.000000 0.000000 0.000000
321 1 9.400170 24.554380 140.035242 1.000000 1.000000 1.000000 0.000000
321 0.000000 0.000000 0.000000
322 1 38.996087 83.241114 186.612970 1.000000 1.000000 1.000000 0.000000
322 0.000000 0.000000 0.000000
323 1 98.891006 42.586761 133.555842 1.000000 1.000000 1.000000 0.000000
323 0.000000 0.000000 0.000000
324 1 86.629552 79.769826 57.531753 1.000000 1.000000 1.000000 0.000000
324 0.000000 0.000000 0.000000
325 1 8.466160 45.686509 68.481956 1.000000 1.000000 1.000000 0.000000
325 0.000000 0.000000 0.000000
326 1 35.411304 65.478179 53.422677 1.000000 1.000000 1.000000 0.000000
326 0.000000 0.000000 0.000000
327 1 95.388811 70.099380 175.241115 1.000000 1.000000 1.000000 0.000000
327 0.000000 0.000000 0.000000
328 1 93.670468 86.830457 132.450407 1.000000 1.000000 1.000000 0.000000
328 0.000000 0.000000 0.000000
329 1 37.349408 12.720176 89.980192 1.000000 1.000000 1.000000 0.000000
329 0.000000 0.000000 0.000000
330 1 83.780713 2.060766 54.835681 1.000000 1.000000 1.000000 0.000000
330 0.000000 0.000000 0.000000
331 1 65.749726 99.250765 81.764292 1.000000 1.000000 1.000000 0.000000
331 0.000000 0.000000 0.000000
332 1 89.366707 36.828840 176.999761 1.000000 1.000000 1.000000 0.000000
332 0.000000 0.000000 0.000000
333 1 1.323596 20.028225 5.354524 1.000000 1.000000 1.000000 0.000000
333 0.000000 0.000000 0.000000
334 1 13.668015 54.447080 104.008910 1.000000 1.000000 1.000000 0.000000
334 0.000000 0.000000 0.000000
335 1 87.528058 47.706506 33.426225 1.000000 1.000000 1.000000 0.000000
335 0.000000 0.000000 0.000000
336 1 79.985806 77.988287 31.521503 1.000000 1.000000 1.000000 0.000000
336 0.000000 0.000000 0.000000
337 1 10.370117 24.996768 95.922072 1.000000 1.000000 1.000000 0.000000
337 0.000000 0.000000 0.000000
338 1 69.204420 32.872827 136.756980 1.000000 1.000000 1.000000 0.000000
338 0.000000 0.000000 0.000000
339 1 73.079999 14.983942 31.834063 1.000000 1.000000 1.000000 0.000000
339 0.000000 0.000000 0.000000
340 1 67.342755 41.962966 156.346499 1.000000 1.000000 1.000000 0.000000
340 0.000000 0.000000 0.000000
341 1 1.511409 7.502096 30.231669 1.000000 1.000000 1.000000 0.000000
341 0.000000 0.000000 0.000000
342 1 2.932905 51.781666 36.448207 1.000000 1.000000 1.000000 0.000000
342 0.000000 0.000000 0.000000
343 1 12.215311 27.538205 102.686197 1.000000 1.000000 1.000000 0.000000
343 0.000000 0.000000 0.000000
344 1 22.044638 4.162419 198.725511 1.000000 1.000000 1.000000 0.000000
344 0.000000 0.000000 0.000000
345 1 58.423975 35.338040 163.321531 1.000000 1.000000 1.000000 0.000000
345 0.000000 0.000000 0.000000
346 1 43.605814 69.113994 42.724372 1.000000 1.000000 1.000000 0.000000
346 0.000000 0.000000 0.000000
347 1 42.948983 81.437520 199.669784 1.000000 1.000000 1.000000 0.000000
347 0.000000 0.000000 0.000000
348 1 0.987175 9.072538 114.752603 1.000000 1.000000 1.000000 0.000000
348 0.000000 0.000000 0.000000
349 1 69.125956 33.195618 156.635024 1.000000 1.000000 1.000000 0.000000
349 0.000000 0.000000 0.000000
350 1 24.791827 24.456209 73.243363 1.000000 1.000000 1.000000 0.000000
350 0.000000 0.000000 0.000000
351 1 46.070258 27.396381 3.044431 1.000000 1.000000 1.000000 0.000000
351 0.000000 0.000000 0.000000
352 1 29.794548 73.913873 162.689933 1.000000 1.000000 1.000000 0.000000
352 0.000000 0.000000 0.000000
353 1 62.086570 42.331120 119.076461 1.000000 1.000000 1.000000 0.000000
353 0.000000 0.000000 0.000000
354 1 61.729431 80.982042 67.225099 1.000000 1.000000 1.000000 0.000000
354 0.000000 0.000000 0.000000
355 1 77.371612 96.048505 92.891838 1.000000 1.000000 1.000000 0.000000
355 0.000000 0.000000 0.000000
356 1 72.478603 2.439475 148.002719 1.000000 1.000000 1.000000 0.000000
356 0.000000 0.000000 0.000000
357 1 39.097387 0.396420 65.563898 1.000000 1.000000 1.000000 0.000000
357 0.000000 0.000000 0.000000
358 1 56.151437 37.153171 138.705777 1.000000 1.000000 1.000000 0.000000
358 0.000000 0.000000 0.000000
359 1 0.475633 28.452662 120.632622 1.000000 1.000000 1.000000 0.000000
359 0.000000 0.000000 0.000000
360 1 75.367264 6.323624 199.204233 1.000000 1.000000 1.000000 0.000000
360 0.000000 0.000000 0.000000
361 1 99.243638 84.865489 116.291887 1.000000 1.000000 1.000000 0.000000
361 0.000000 0.000000 0.000000
362 1 16.191796 0.639610 157.442077 1.000000 1.000000 1.000000 0.000000
362 0.000000 0.000000 0.000000
363 1 18.604585 39.686672 32.357338 1.000000 1.000000 1.000000 0.000000
363 0.000000 0.000000 0.000000
364 1 17.935155 12.167636 125.158583 1.000000 1.000000 1.000000 0.000000
364 0.000000 0.000000 0.000000
365 1 54.853588 72.555961 12.023877 1.000000 1.000000 1.000000 0.000000
365 0.000000 0.000000 0.000000
366 1 11.747455 23.241075 138.138773 1.000000 1.000000 1.000000 0.000000
366 0.000000 0.000000 0.000000
367 1 65.470594 34.992079 53.960839 1.000000 1.000000 1.000000 0.000000
367 0.000000 0.000000 0.000000
368 1 49.930585 2.369343 129.799022 1.000000 1.000000 1.000000 0.000000
368 0.000000 0.000000 0.000000
369 1 95.498421 35.800646 188.088549 1.000000 1.000000 1.000000 0.000000
369 0.000000 0.000000 0.000000
370 1 27.318918 35.916178 117.212031 1.000000 1.000000 1.000000 0.000000
370 0.000000 0.000000 0.000000
371 1 14.417319 48.426629 134.225891 1.000000 1.000000 1.000000 0.000000
371 0.000000 0.000000 0.000000
372 1 24.276704 98.140113 136.663553 1.000000 1.000000 1.000000 0.000000
372 0.000000 0.000000 0.000000
373 1 31.434804 96.281735 108.704927 1.000000 1.000000 1.000000 0.000000
373 0.000000 0.000000 0.000000
374 1 10.928700 11.122655 32.143429 1.000000 1.000000 1.000000 0.000000
374 0.000000 0.000000 0.000000
375 1 0.700577 52.198939 160.201922 1.000000 1.000000 1.000000 0.000000
375 0.000000 0.000000 0.000000
376 1 73.452459 7.849032 151.388366 1.000000 1.000000 1.000000 0.000000
376 0.000000 0.000000 0.000000
377 1 27.674803 41.572404 101.950901 1.000000 1.000000 1.000000 0.000000
377 0.000000 0.000000 0.000000
378 1 5.135063 91.411127 52.875583 1.000000 1.000000 1.000000 0.000000
378 0.000000 0.000000 0.000000
379 1 61.814356 98.603125 90.343443 1.000000 1.000000 1.000000 0.000000
379 0.000000 0.000000 0.000000
380 1 67.348336 74.348194 50.264128 1.000000 1.000000 1.000000 0.000000
380 0.000000 0.000000 0.000000
381 1 13.023092 24.661205 79.941624 1.000000 1.000000 1.000000 0.000000
381 0.000000 0.000000 0.000000
382 1 58.659476 67.738755 168.380483 1.000000 1.000000 1.000000 0.000000
382 0.000000 0.000000 0.000000
383 1 5.337446 31.332550 159.625759 1.000000 1.000000 1.000000 0.000000
383 0.000000 0.000000 0.000000
384 1 11.642228 76.497129 120.247060 1.000000 1.000000 1.000000 0.000000
384 0.000000 0.000000 0.000000
385 1 3.004366 90.474134 150.010370 1.000000 1.000000 1.000000 0.000000
385 0.000000 0.000000 0.000000
386 1 9.916244 31.022994 42.950785 1.000000 1.000000 1.000000 0.000000
386 0.000000 0.000000 0.000000
387 1 20.578512 77.300846 194.809600 1.000000 1.000000 1.000000 0.000000
387 0.000000 0.000000 0.000000
388 1 65.805904 59.586959 187.617011 1.000000 1.000000 1.000000 0.000000
388 0.000000 0.000000 0.000000
389 1 94.580102 69.025867 176.780390 1.000000 1.000000 1.000000 0.000000
389 0.000000 0.000000 0.000000
390 1 27.957442 86.730591 51.938917 1.000000 1.000000 1.000000 0.000000
390 0.000000 0.000000 0.000000
391 1 42.876865 80.240860 66.664230 1.000000 1.000000 1.000000 0.000000
391 0.000000 0.000000 0.000000
392 1 37.839953 86.197521 87.197797 1.000000 1.000000 1.000000 0.000000
392 0.000000 0.000000 0.000000
393 1 83.607178 92.381793 100.942611 1.000000 1.000000 1.000000 0.000000
393 0.000000 0.000000 0.000000
394 1 43.388921 73.454030 160.217204 1.000000 1.000000 1.000000 0.000000
394 0.000000 0.000000 0.000000
395 1 50.113424 67.932182 2.596867 1.000000 1.000000 1.000000 0.000000
395 0.000000 0.000000 0.000000
396 1 38.997912 39.906156 26.834154 1.000000 1.000000 1.000000 0.000000
396 0.000000 0.000000 0.000000
397 1 43.683975 51.407808 72.140079 1.000000 1.000000 1.000000 0.000000
397 0.000000 0.000000 0.000000
398 1 62.441928 91.409333 27.200413 1.000000 1.000000 1.000000 0.000000
398 0.000000 0.000000 0.000000
399 1 45.819828 77.835668 26.833315 1.000000 1.000000 1.000000 0.000000
399 0.000000 0.000000 0.000000
400 1 37.506131 41.237271 17.322564 1.000000 1.000000 1.000000 0.000000
400 0.000000 0.000000 0.000000
401 1 72.931199 33.052755 63.987327 1.000000 1.000000 1.000000 0.000000
401 0.000000 0.000000 0.000000
402 1 79.161434 61.297746 165.648591 1.000000 1.000000 1.000000 0.000000
402 0.000000 0.000000 0.000000
403 1 33.316597 70.224353 137.903390 1.000000 1.000000 1.000000 0.000000
403 0.000000 0.000000 0.000000
404 1 9.153838 8.035192 78.382033 1.000000 1.000000 1.000000 0.000000
404 0.000000 0.000000 0.000000
405 1 84.871190 45.701429 37.716885 1.000000 1.000000 1.000000 0.000000
405 0.000000 0.000000 0.000000
406 1 14.516054 56.703744 116.909452 1.000000 1.000000 1.000000 0.000000
406 0.000000 0.000000 0.000000
407 1 92.686448 94.654725 11.791262 1.000000 1.000000 1.000000 0.000000
407 0.000000 0.000000 0.000000
408 1 82.915190 43.456872 71.460100 1.000000 1.000000 1.000000 0.000000
408 0.000000 0.000000 0.000000
409 1 35.885500 91.579928 141.926117 1.000000 1.000000 1.000000 0.000000
409 0.000000 0.000000 0.000000
410 1 14.404499 28.618683 110.509538 1.000000 1.000000 1.000000 0.000000
410 0.000000 0.000000 0.000000
411 1 44.814747 39.917084 61.496883 1.000000 1.000000 1.000000 0.000000
411 0.000000 0.000000 0.000000
412 1 78.135515 91.418669 131.578481 1.000000 1.000000 1.000000 0.000000
412 0.000000 0.000000 0.000000
413 1 76.994254 86.666639 30.334412 1.000000 1.000000 1.000000 0.000000
413 0.000000 0.000000 0.000000
414 1 87.954222 99.443090 65.840701 1.000000 1.000000 1.000000 0.000000
414 0.000000 0.000000 0.000000
415 1 90.606915 87.059237 70.963799 1.000000 1.000000 1.000000 0.000000
415 0.000000 0.000000 0.000000
416 1 41.252090 94.373384 192.738229 1.000000 1.000000 1.000000 0.000000
416 0.000000 0.000000 0.000000
417 1 0.832955 27.114700 143.848052 1.000000 1.000000 1.000000 0.000000
417 0.000000 0.000000 0.000000
418 1 22.691223 22.116027 48.411617 1.000000 1.000000 1.000000 0.000000
418 0.000000 0.000000 0.000000
419 1 81.065492 73.474275 83.309028 1.000000 1.000000 1.000000 0.000000
419 0.000000 0.000000 0.000000
420 1 89.462732 8.618442 85.628303 1.000000 1.000000 1.000000 0.000000
420 0.000000 0.000000 0.000000
421 1 32.574948 89.827879 175.091533 1.000000 1.000000 1.000000 0.000000
421 0.000000 0.000000 0.000000
422 1 94.399923 68.360068 191.071957 1.000000 1.000000 1.000000 0.000000
422 0.000000 0.000000 0.000000
423 1 60.514466 20.610269 73.292595 1.000000 1.000000 1.000000 0.000000
423 0.000000 0.000000 0.000000
424 1 7.161666 27.834704 165.839631 1.000000 1.000000 1.000000 0.000000
424 0.000000 0.000000 0.000000
425 1 67.905684 39.190157 184.765525 1.000000 1.000000 1.000000 0.000000
425 0.000000 0.000000 0.000000
426 1 53.226914 90.623144 171.553115 1.000000 1.000000 1.000000 0.000000
426 0.000000 0.000000 0.000000
427 1 18.776229 5.426835 156.739351 1.000000 1.000000 1.000000 0.000000
427 0.000000 0.000000 0.000000
428 1 74.273849 47.332754 54.181469 1.000000 1.000000 1.000000 0.000000
428 0.000000 0.000000 0.000000
429 1 68.055931 71.550363 186.216837 1.000000 1.000000 1.000000 0.000000
429 0.000000 0.000000 0.000000
430 1 6.857700 65.601209 18.103682 1.000000 1.000000 1.000000 0.000000
430 0.000000 0.000000 0.000000
431 1 49.730305 36.181060 74.414167 1.000000 1.000000 1.000000 0.000000
431 0.000000 0.000000 0.000000
432 1 63.812261 10.349392 68.467695 1.000000 1.000000 1.000000 0.000000
432 0.000000 0.000000 0.000000
433 1 91.346745 33.290888 150.260938 1.000000 1.000000 1.000000 0.000000
433 0.000000 0.000000 0.000000
434 1 70.777987 48.197823 102.545750 1.000000 1.000000 1.000000 0.000000
434 0.000000 0.000000 0.000000
435 1 29.381049 72.846242 186.606363 1.000000 1.000000 1.000000 0.000000
435 0.000000 0.000000 0.000000
436 1 17.629536 36.412498 66.062773 1.000000 1.000000 1.000000 0.000000
436 0.000000 0.000000 0.000000
437 1 26.291727 12.211748 183.789690 1.000000 1.000000 1.000000 0.000000
437 0.000000 0.000000 0.000000
438 1 94.621009 68.287772 134.253309 1.000000 1.000000 1.000000 0.000000
438 0.000000 0.000000 0.000000
439 1 51.772972 58.147551 112.434969 1.000000 1.000000 1.000000 0.000000
439 0.000000 0.000000 0.000000
440 1 34.826813 61.419403 89.943639 1.000000 1.000000 1.000000 0.000000
440 0.000000 0.000000 0.000000
441 1 88.801746 66.840335 130.841408 1.000000 1.000000 1.000000 0.000000
441 0.000000 0.000000 0.000000
442 1 87.170436 80.786922 130.428354 1.000000 1.000000 1.000000 0.000000
442 0.000000 0.000000 0.000000
443 1 29.654721 79.488784 145.885953 1.000000 1.000000 1.000000 0.000000
443 0.000000 0.000000 0.000000
444 1 89.556057 79.140322 40.009605 1.000000 1.000000 1.000000 0.000000
444 0.000000 0.000000 0.000000
445 1 13.470892 71.556899 57.471549 1.000000 1.000000 1.000000 0.000000
445 0.000000 0.000000 0.000000
446 1 28.704963 44.043221 75.137451 1.000000 1.000000 1.000000 0.000000
446 0.000000 0.000000 0.000000
447 1 28.665641 88.006144 104.792618 1.000000 1.000000 1.000000 0.000000
447 0.000000 0.000000 0.000000
448 1 82.678662 76.622451 106.512693 1.000000 1.000000 1.000000 0.000000
448 0.000000 0.000000 0.000000
449 1 40.432424 3.733673 101.036918 1.000000 1.000000 1.000000 0.000000
449 0.000000 0.000000 0.000000
450 1 37.536106 69.513912 0.450764 1.000000 1.000000 1.000000 0.000000
450 0.000000 0.000000 0.000000
451 1 57.166014 18.180168 17.605278 1.000000 1.000000 1.000000 0.000000
451 0.000000 0.000000 0.000000
452 1 11.463489 99.392395 64.009952 1.000000 1.000000 1.000000 0.000000
452 0.000000 0.000000 0.000000
453 1 3.885650 98.549585 20.023389 1.000000 1.000000 1.000000 0.000000
453 0.000000 0.000000 0.000000
454 1 20.989444 67.597569 125.739884 1.000000 1.000000 1.000000 0.000000
454 0.000000 0.000000 0.000000
455 1 79.705107 44.778055 118.894675 1.000000 1.000000 1.000000 0.000000
455 0.000000 0.000000 0.000000
456 1 5.842906 5.717894 80.869467 1.000000 1.000000 1.000000 0.000000
456 0.000000 0.000000 0.000000
457 1 73.373841 41.216258 190.665020 1.000000 1.000000 1.000000 0.000000
457 0.000000 0.000000 0.000000
458 1 44.543543 4.018580 94.933955 1.000000 1.000000 1.000000 0.000000
458 0.000000 0.000000 0.000000
459 1 93.930551 56.680602 97.819856 1.000000 1.000000 1.000000 0.000000
459 0.000000 0.000000 0.000000
460 1 86.269529 19.000800 48.433253 1.000000 1.000000 1.000000 0.000000
460 0.000000 0.000000 0.000000
461 1 30.042315 98.991692 4.385794 1.000000 1.000000 1.000000 0.000000
461 0.000000 0.000000 0.000000
462 1 26.461082 85.337547 7.380675 1.000000 1.000000 1.000000 0.000000
462 0.000000 0.000000 0.000000
463 1 20.223746 34.145339 149.328783 1.000000 1.000000 1.000000 0.000000
463 0.000000 0.000000 0.000000
464 1 22.173741 23.803752 39.552673 1.000000 1.000000 1.000000 0.000000
464 0.000000 0.000000 0.000000
465 1 12.152789 78.207972 55.950927 1.000000 1.000000 1.000000 0.000000
465 0.000000 0.000000 0.000000
466 1 62.323752 65.912313 182.004789 1.000000 1.000000 1.000000 0.000000
466 0.000000 0.000000 0.000000
467 1 24.676729 66.696408 163.496123 1.000000 1.000000 1.000000 0.000000
467 0.000000 0.000000 0.000000
468 1 47.378608 78.776583 85.823095 1.000000 1.000000 1.000000 0.000000
468 0.000000 0.000000 0.000000
469 1 48.144439 87.013995 9.020126 1.000000 1.000000 1.000000 0.000000
469 0.000000 0.000000 0.000000
470 1 39.585935 4.467895 160.731090 1.000000 1.000000 1.000000 0.000000
470 0.000000 0.000000 0.000000
471 1 72.719189 85.383247 75.584424 1.000000 1.000000 1.000000 0.000000
471 0.000000 0.000000 0.000000
472 1 94.390244 16.704094 155.388568 1.000000 1.000000 1.000000 0.000000
472 0.000000 0.000000 0.000000
473 1 10.341829 57.273470 38.586580 1.000000 1.000000 1.000000 0.000000
473 0.000000 0.000000 0.000000
474 1 28.463185 51.366357 194.964775 1.000000 1.000000 1.000000 0.000000
474 0.000000 0.000000 0.000000
475 1 37.091483 2.033022 59.807457 1.000000 1.000000 1.000000 0.000000
475 0.000000 0.000000 0.000000
476 1 60.995047 69.235459 87.066463 1.000000 1.000000 1.000000 0.000000
476 0.000000 0.000000 0.000000
477 1 83.731836 95.769319 188.159873 1.000000 1.000000 1.000000 0.000000
477 0.000000 0.000000 0.000000
478 1 0.182761 80.467656 63.654658 1.000000 1.000000 1.000000 0.000000
478 0.000000 0.000000 0.000000
479 1 69.468702 86.121303 185.550771 1.000000 1.000000 1.000000 0.000000
479 0.000000 0.000000 0.000000
480 1 11.277904 2.767566 75.803664 1.000000 1.000000 1.000000 0.000000
480 0.000000 0.000000 0.000000
481 1 84.625181 17.334366 163.907166 1.000000 1.000000 1.000000 0.000000
481 0.000000 0.000000 0.000000
482 1 89.380149 75.042040 102.449443 1.000000 1.000000 1.000000 0.000000
482 0.000000 0.000000 0.000000
483 1 93.631994 43.727130 26.633295 1.000000 1.000000 1.000000 0.000000
483 0.000000 0.000000 0.000000
484 1 5.659042 88.986385 48.782821 1.000000 1.000000 1.000000 0.000000
484 0.000000 0.000000 0.000000
485 1 24.764119 10.273323 181.551312 1.000000 1.000000 1.000000 0.000000
485 0.000000 0.000000 0.000000
486 1 41.173593 91.209207 90.865544 1.000000 1.000000 1.000000 0.000000
486 0.000000 0.000000 0.000000
487 1 39.392710 62.376519 178.793763 1.000000 1.000000 1.000000 0.000000
487 0.000000 0.000000 0.000000
488 1 7.433365 38.392949 105.435658 1.000000 1.000000 1.000000 0.000000
488 0.000000 0.000000 0.000000
489 1 5.707987 41.111676 31.528567 1.000000 1.000000 1.000000 0.000000
489 0.000000 0.000000 0.000000
490 1 65.063125 50.294581 177.896080 1.000000 1.000000 1.000000 0.000000
490 0.000000 0.000000 0.000000
491 1 53.751813 74.900145 63.859841 1.000000 1.000000 1.000000 0.000000
491 0.000000 0.000000 0.000000
492 1 69.061284 29.261779 191.863805 1.000000 1.000000 1.000000 0.000000
492 0.000000 0.000000 0.000000
493 1 97.535585 70.425333 20.393878 1.000000 1.000000 1.000000 0.000000
493 0.000000 0.000000 0.000000
494 1 64.196768 92.375814 25.964376 1.000000 1.000000 1.000000 0.000000
494 0.000000 0.000000 0.000000
495 1 21.657605 91.188908 189.886964 1.000000 1.000000 1.000000 0.000000
495 0.000000 0.000000 0.000000
496 1 57.968651 33.758952 187.244285 1.000000 1.000000 1.000000 0.000000
496 0.000000 0.000000 0.000000
497 1 91.459692 60.344941 19.187493 1.000000 1.000000 1.000000 0.000000
497 0.000000 0.000000 0.000000
498 1 10.798522 61.402461 163.910904 1.000000 1.000000 1.000000 0.000000
498 0.000000 0.000000 0.000000
499 1 0.548351 10.912510 70.113826 1.000000 1.000000 1.000000 0.000000
499 0.000000 0.000000 0.000000
